1.10 -2.40 1.86 -1.75 0.00
1.10 -2.40 2.09 -2.48 1.00
1.10 -2.40 1.75 -3.16 1.00
1.12 -2.43 1.72 -3.23 0.00
1.15 -2.46 1.75 -3.26 0.00
1.17 -2.49 1.80 -3.27 0.00
1.20 -2.52 1.81 -3.31 0.00
1.22 -2.55 1.81 -3.36 0.00
1.24 -2.58 1.83 -3.39 0.00
1.27 -2.61 1.85 -3.43 0.00
1.27 -2.63 1.85 -3.44 0.00
1.27 -2.63 1.10 -3.62 1.00
1.27 -2.63 0.45 -3.22 1.00
1.23 -2.66 0.27 -2.95 0.00
1.19 -2.69 0.21 -2.89 0.00
1.16 -2.72 0.17 -2.86 0.00
1.12 -2.75 0.12 -2.74 0.00
1.08 -2.78 0.09 -2.70 0.00
1.03 -2.78 0.03 -2.71 0.00
1.00 -2.78 0.01 -2.66 0.00
0.96 -2.77 -0.04 -2.66 0.00
0.92 -2.76 -0.08 -2.70 0.00
0.89 -2.76 -0.11 -2.68 0.00
0.84 -2.75 -0.15 -2.67 0.00
0.83 -2.75 -0.16 -2.62 0.00
0.78 -2.74 -0.22 -2.70 0.00
0.73 -2.74 -0.27 -2.65 0.00
0.69 -2.73 -0.31 -2.62 0.00
0.66 -2.73 -0.32 -2.51 0.00
0.61 -2.70 -0.38 -2.57 0.00
0.57 -2.68 -0.43 -2.54 0.00
0.54 -2.68 -0.45 -2.56 0.00
0.47 -2.67 -0.49 -2.42 0.00
0.41 -2.67 -0.59 -2.57 0.00
0.41 -2.67 -0.55 -2.38 0.00
0.38 -2.67 -0.57 -2.33 0.00
0.34 -2.66 -0.59 -2.28 0.00
0.30 -2.62 -0.67 -2.40 0.00
0.27 -2.59 -0.72 -2.44 0.00
0.23 -2.59 -0.76 -2.43 0.00
0.19 -2.58 -0.79 -2.38 0.00
0.15 -2.58 -0.82 -2.32 0.00
0.11 -2.57 -0.84 -2.26 0.00
0.07 -2.56 -0.86 -2.20 0.00
0.03 -2.56 -0.88 -2.14 0.00
-0.00 -2.52 -0.96 -2.24 0.00
-0.03 -2.48 -1.01 -2.26 0.00
-0.07 -2.45 -1.05 -2.28 0.00
-0.06 -2.45 -0.95 -1.99 0.00
-0.16 -2.44 -1.12 -2.16 0.00
-0.32 -2.40 -1.26 -2.72 0.00
-0.23 -2.31 -1.04 -2.90 0.00
-0.34 -2.36 -1.33 -2.24 0.00
-0.34 -2.36 -0.96 -1.57 1.00
-0.37 -2.31 -1.01 -1.54 0.00
-0.41 -2.27 -1.05 -1.50 0.00
-0.44 -2.22 -1.09 -1.46 0.00
-0.47 -2.19 -1.08 -1.39 0.00
-0.50 -2.15 -1.08 -1.34 0.00
-0.53 -2.12 -1.07 -1.28 0.00
-0.56 -2.08 -1.06 -1.22 0.00
-0.59 -2.05 -1.03 -1.15 0.00
-0.59 -2.05 -0.27 -1.10 1.00
-0.57 -2.01 -0.28 -1.05 0.00
-0.56 -1.97 -0.26 -1.02 0.00
-0.55 -1.93 -0.33 -0.96 0.00
-0.53 -1.89 -0.39 -0.90 0.00
-0.52 -1.85 -0.44 -0.86 0.00
-0.51 -1.81 -0.51 -0.81 0.00
-0.50 -1.77 -0.58 -0.78 0.00
-0.49 -1.74 -0.64 -0.75 0.00
-0.49 -1.74 0.10 -0.93 1.00
-0.49 -1.74 0.50 -1.58 1.00
-0.45 -1.73 0.48 -1.35 0.00
-0.41 -1.72 0.49 -1.28 0.00
-0.37 -1.72 0.49 -1.20 0.00
-0.32 -1.71 0.49 -1.14 0.00
-0.29 -1.70 0.49 -1.08 0.00
-0.24 -1.70 0.49 -1.02 0.00
-0.21 -1.69 0.48 -0.96 0.00
-0.18 -1.66 0.50 -0.92 0.00
-0.18 -1.66 0.82 -1.62 1.00
-0.14 -1.66 0.86 -1.55 0.00
-0.10 -1.66 0.89 -1.52 0.00
-0.06 -1.66 0.93 -1.50 0.00
-0.02 -1.65 0.97 -1.50 0.00
0.02 -1.65 1.00 -1.44 0.00
0.06 -1.65 1.04 -1.43 0.00
0.10 -1.64 1.07 -1.39 0.00
0.14 -1.63 1.09 -1.33 0.00
0.14 -1.63 1.03 -2.10 1.00
0.17 -1.65 1.07 -2.10 0.00
0.21 -1.67 1.11 -2.10 0.00
0.24 -1.69 1.18 -2.04 0.00
0.27 -1.71 1.24 -1.97 0.00
0.31 -1.73 1.29 -1.90 0.00
0.34 -1.75 1.34 -1.83 0.00
0.37 -1.77 1.37 -1.75 0.00
0.39 -1.78 1.38 -1.67 0.00
0.42 -1.79 1.39 -1.57 0.00
0.43 -1.76 1.43 -1.67 0.00
0.51 -1.77 1.47 -1.48 0.00
0.53 -1.77 1.43 -1.35 0.00
0.57 -1.75 1.44 -1.25 0.00
0.61 -1.76 1.45 -1.22 0.00
0.66 -1.76 1.32 -1.01 0.00
0.70 -1.75 1.21 -0.89 0.00
0.74 -1.75 1.66 -1.36 1.00
0.74 -1.75 1.70 -2.03 1.00
0.77 -1.74 1.77 -1.84 0.00
0.82 -1.76 1.81 -1.90 0.00
0.88 -1.77 1.87 -1.89 0.00
0.90 -1.79 1.90 -1.83 0.00
0.93 -1.80 1.93 -1.76 0.00
0.97 -1.81 1.96 -1.70 0.00
1.00 -1.81 1.97 -1.58 0.00
1.03 -1.83 1.98 -1.50 0.00
1.03 -1.83 1.94 -2.25 1.00
1.03 -1.83 1.35 -2.77 1.00
1.05 -1.86 1.24 -2.84 0.00
1.06 -1.90 1.21 -2.88 0.00
1.07 -1.94 1.16 -2.93 0.00
1.08 -1.97 1.12 -2.97 0.00
1.08 -2.01 1.08 -3.01 0.00
1.10 -2.05 1.05 -3.05 0.00
1.11 -2.09 1.03 -3.08 0.00
1.12 -2.13 0.99 -3.12 0.00
1.11 -2.17 0.79 -3.11 0.00
1.11 -2.21 0.70 -3.12 0.00
1.11 -2.25 0.61 -3.12 0.00
1.10 -2.30 0.53 -3.12 0.00
1.09 -2.34 0.45 -3.11 0.00
1.09 -2.38 0.37 -3.08 0.00
1.07 -2.42 0.29 -3.04 0.00
1.06 -2.46 0.27 -3.07 0.00
1.02 -2.49 0.11 -2.90 0.00
0.99 -2.52 0.06 -2.89 0.00
0.95 -2.55 0.00 -2.87 0.00
0.92 -2.58 -0.05 -2.85 0.00
0.88 -2.61 -0.10 -2.81 0.00
0.85 -2.63 -0.12 -2.87 0.00
0.82 -2.64 -0.15 -2.90 0.00
0.77 -2.65 -0.22 -2.80 0.00
0.75 -2.64 -0.23 -2.87 0.00
0.70 -2.66 -0.29 -2.81 0.00
0.66 -2.66 -0.33 -2.81 0.00
0.61 -2.66 -0.38 -2.79 0.00
0.56 -2.67 -0.44 -2.74 0.00
0.51 -2.66 -0.44 -2.34 0.00
0.47 -2.69 -0.53 -2.66 0.00
0.40 -2.62 -0.39 -2.01 0.00
0.36 -2.58 -0.48 -2.04 0.00
0.32 -2.53 -0.56 -2.06 0.00
0.27 -2.49 -0.63 -2.06 0.00
0.23 -2.47 -0.67 -2.04 0.00
0.20 -2.45 -0.70 -2.01 0.00
0.16 -2.43 -0.71 -1.93 0.00
0.12 -2.42 -0.71 -1.87 0.00
0.08 -2.40 -0.72 -1.80 0.00
0.04 -2.37 -0.79 -1.82 0.00
0.00 -2.33 -0.84 -1.80 0.00
-0.04 -2.30 -0.90 -1.79 0.00
-0.08 -2.26 -0.97 -1.80 0.00
-0.12 -2.23 -1.02 -1.80 0.00
-0.16 -2.21 -1.08 -1.80 0.00
-0.20 -2.18 -1.12 -1.79 0.00
-0.24 -2.16 -1.16 -1.78 0.00
-0.29 -2.14 -1.22 -1.79 0.00
-0.33 -2.12 -1.27 -1.78 0.00
-0.38 -2.10 -1.33 -1.77 0.00
-0.43 -2.08 -1.37 -1.76 0.00
-0.47 -2.06 -1.41 -1.72 0.00
-0.52 -2.05 -1.45 -1.69 0.00
-0.56 -2.03 -1.48 -1.63 0.00
-0.60 -2.02 -1.50 -1.57 0.00
-0.64 -1.98 -1.59 -1.65 0.00
-0.68 -1.95 -1.65 -1.68 0.00
-0.72 -1.92 -1.70 -1.71 0.00
-0.76 -1.91 -1.74 -1.70 0.00
-0.81 -1.90 -1.79 -1.70 0.00
-0.85 -1.89 -1.83 -1.71 0.00
-0.89 -1.88 -1.87 -1.71 0.00
-0.93 -1.87 -1.91 -1.72 0.00
-0.96 -1.87 -1.95 -1.72 0.00
-1.00 -1.86 -1.99 -1.71 0.00
-1.04 -1.86 -2.03 -1.70 0.00
-1.08 -1.85 -2.07 -1.68 0.00
-1.12 -1.84 -2.11 -1.66 0.00
-1.16 -1.84 -2.14 -1.64 0.00
-1.20 -1.83 -2.18 -1.61 0.00
-1.24 -1.82 -2.21 -1.57 0.00
-1.29 -1.81 -2.24 -1.52 0.00
-1.33 -1.80 -2.28 -1.50 0.00
-1.37 -1.79 -2.32 -1.49 0.00
-1.41 -1.78 -2.36 -1.47 0.00
-1.45 -1.77 -2.40 -1.45 0.00
-1.49 -1.76 -2.43 -1.42 0.00
-1.53 -1.74 -2.46 -1.38 0.00
-1.57 -1.73 -2.47 -1.29 0.00
-1.57 -1.73 -1.89 -0.78 1.00
