-0.70 -0.40 -1.41 -1.11 0.00
-0.70 -0.40 -1.70 -0.40 1.00
-0.74 -0.40 -1.74 -0.30 0.00
-0.78 -0.40 -1.77 -0.27 0.00
-0.82 -0.41 -1.81 -0.23 0.00
-0.86 -0.41 -1.84 -0.20 0.00
-0.90 -0.40 -1.87 -0.16 0.00
-0.95 -0.40 -1.91 -0.13 0.00
-0.99 -0.39 -1.94 -0.10 0.00
-1.02 -0.38 -1.97 -0.07 0.00
-1.06 -0.37 -1.98 0.04 0.00
-1.10 -0.36 -2.01 0.07 0.00
-1.14 -0.35 -2.04 0.10 0.00
-1.18 -0.34 -2.06 0.14 0.00
-1.22 -0.32 -2.09 0.17 0.00
-1.26 -0.30 -2.13 0.19 0.00
-1.29 -0.28 -2.16 0.21 0.00
-1.33 -0.26 -2.20 0.23 0.00
-1.33 -0.26 -1.59 0.70 1.00
-1.33 -0.26 -0.83 0.61 1.00
-1.31 -0.23 -0.83 0.65 0.00
-1.29 -0.19 -0.86 0.72 0.00
-1.27 -0.15 -0.92 0.78 0.00
-1.25 -0.12 -0.99 0.85 0.00
-1.23 -0.08 -1.05 0.90 0.00
-1.21 -0.05 -1.12 0.95 0.00
-1.16 -0.01 -1.35 0.97 0.00
-1.17 0.02 -1.25 1.02 0.00
-1.19 0.02 -0.44 0.68 1.00
-1.17 0.04 -0.40 0.67 0.00
-1.14 0.06 -0.37 0.70 0.00
-1.05 0.06 -0.40 0.83 0.00
-1.05 0.11 -0.48 0.93 0.00
-1.03 0.14 -0.51 0.99 0.00
-1.02 0.17 -0.46 1.00 0.00
-0.99 0.21 -0.51 1.09 0.00
-0.97 0.25 -0.46 1.12 0.00
-0.93 0.25 -0.18 0.92 0.00
-0.93 0.33 -0.54 1.26 0.00
-0.86 0.37 -0.29 1.18 0.00
-0.88 0.40 -0.62 1.36 0.00
-0.86 0.44 -0.63 1.41 0.00
-0.84 0.48 -0.66 1.46 0.00
-0.82 0.51 -0.69 1.50 0.00
-0.80 0.55 -0.72 1.55 0.00
-0.80 0.59 -0.89 1.59 0.00
-0.79 0.63 -0.95 1.62 0.00
-0.79 0.67 -1.00 1.65 0.00
-0.78 0.71 -1.05 1.68 0.00
-0.78 0.76 -1.10 1.70 0.00
-0.78 0.80 -1.14 1.73 0.00
-0.79 0.84 -1.17 1.76 0.00
-0.80 0.88 -1.23 1.78 0.00
-0.81 0.92 -1.40 1.73 0.00
-0.83 0.96 -1.45 1.75 0.00
-0.84 1.00 -1.51 1.75 0.00
-0.86 1.03 -1.46 1.83 0.00
-0.88 1.09 -1.62 1.75 0.00
-0.90 1.10 -1.63 1.79 0.00
-0.93 1.13 -1.66 1.81 0.00
-0.97 1.16 -1.70 1.84 0.00
-0.97 1.17 -1.01 2.16 1.00
-0.96 1.17 -0.30 1.92 1.00
-0.94 1.16 0.06 1.16 1.00
-0.85 1.18 0.15 1.10 0.00
-0.83 1.16 0.17 1.08 0.00
-0.82 1.16 0.18 1.08 0.00
-0.78 1.16 0.21 0.99 0.00
-0.73 1.16 0.23 0.91 0.00
-0.69 1.16 0.25 0.82 0.00
-0.66 1.16 0.25 0.74 0.00
-0.62 1.16 0.24 0.65 0.00
-0.58 1.15 0.27 0.61 0.00
-0.54 1.13 0.29 0.58 0.00
-0.51 1.10 0.30 0.52 0.00
-0.47 1.08 0.30 0.45 0.00
-0.44 1.06 0.28 0.36 0.00
-0.40 1.04 0.27 0.30 0.00
-0.37 1.01 0.26 0.24 0.00
-0.33 0.99 0.25 0.18 0.00
-0.31 0.96 0.20 0.10 0.00
-0.29 0.93 0.18 0.04 0.00
-0.26 0.90 0.17 -0.01 0.00
-0.24 0.86 0.16 -0.05 0.00
-0.22 0.83 0.14 -0.10 0.00
-0.20 0.80 0.13 -0.15 0.00
-0.18 0.76 0.12 -0.19 0.00
-0.16 0.73 0.11 -0.23 0.00
-0.15 0.69 0.05 -0.29 0.00
-0.14 0.65 0.03 -0.33 0.00
-0.13 0.62 0.00 -0.37 0.00
-0.12 0.58 -0.02 -0.42 0.00
-0.11 0.54 -0.04 -0.46 0.00
-0.10 0.50 -0.07 -0.50 0.00
-0.09 0.47 -0.09 -0.53 0.00
-0.08 0.43 -0.11 -0.57 0.00
-0.08 0.39 -0.27 -0.59 0.00
-0.08 0.35 -0.31 -0.62 0.00
-0.08 0.31 -0.35 -0.65 0.00
-0.08 0.27 -0.39 -0.68 0.00
-0.08 0.23 -0.42 -0.71 0.00
-0.09 0.19 -0.45 -0.74 0.00
-0.10 0.15 -0.52 -0.75 0.00
-0.12 0.11 -0.61 -0.76 0.00
-0.14 0.07 -0.88 -0.59 0.00
-0.15 0.03 -0.96 -0.56 0.00
-0.18 -0.01 -1.04 -0.51 0.00
-0.20 -0.05 -1.11 -0.46 0.00
-0.22 -0.09 -1.16 -0.41 0.00
-0.25 -0.12 -1.21 -0.38 0.00
-0.28 -0.13 -1.25 -0.39 0.00
-0.32 -0.14 -1.29 -0.37 0.00
-0.35 -0.18 -1.35 -0.24 0.00
-0.39 -0.18 -1.39 -0.24 0.00
-0.43 -0.19 -1.43 -0.24 0.00
-0.47 -0.19 -1.47 -0.24 0.00
-0.51 -0.19 -1.51 -0.24 0.00
-0.56 -0.19 -1.55 -0.25 0.00
-0.60 -0.19 -1.59 -0.25 0.00
-0.64 -0.20 -1.64 -0.25 0.00
-0.68 -0.20 -1.68 -0.22 0.00
-0.72 -0.20 -1.72 -0.21 0.00
-0.76 -0.20 -1.76 -0.20 0.00
-0.80 -0.20 -1.80 -0.19 0.00
-0.84 -0.20 -1.84 -0.17 0.00
-0.88 -0.21 -1.88 -0.16 0.00
-0.92 -0.21 -1.92 -0.14 0.00
-0.96 -0.21 -1.96 -0.13 0.00
-1.00 -0.20 -2.00 -0.17 0.00
-1.04 -0.20 -2.04 -0.17 0.00
-1.08 -0.19 -2.08 -0.19 0.00
-1.12 -0.19 -2.12 -0.20 0.00
-1.16 -0.19 -2.16 -0.21 0.00
-1.20 -0.19 -2.20 -0.23 0.00
-1.24 -0.19 -2.24 -0.24 0.00
-1.28 -0.19 -2.28 -0.25 0.00
-1.32 -0.19 -2.32 -0.25 0.00
-1.36 -0.19 -2.36 -0.24 0.00
-1.40 -0.19 -2.40 -0.23 0.00
-1.44 -0.20 -2.44 -0.19 0.00
-1.48 -0.20 -2.48 -0.13 0.00
-1.52 -0.20 -2.51 -0.08 0.00
-1.56 -0.20 -2.54 -0.03 0.00
-1.60 -0.20 -2.58 0.01 0.00
-1.64 -0.20 -2.59 0.11 0.00
-1.68 -0.19 -2.62 0.17 0.00
-1.72 -0.18 -2.64 0.23 0.00
-1.76 -0.17 -2.66 0.28 0.00
-1.80 -0.16 -2.67 0.33 0.00
-1.84 -0.15 -2.69 0.38 0.00
-1.88 -0.14 -2.71 0.42 0.00
-1.92 -0.13 -2.72 0.47 0.00
-1.96 -0.10 -2.65 0.63 0.00
-2.00 -0.07 -2.63 0.71 0.00
-2.04 -0.04 -2.61 0.79 0.00
-2.08 -0.01 -2.57 0.87 0.00
-2.12 0.03 -2.53 0.94 0.00
-2.16 0.06 -2.46 1.01 0.00
-2.20 0.09 -2.40 1.07 0.00
-2.24 0.12 -2.35 1.12 0.00
