-2.30 -0.10 -3.29 -0.25 0.00
-2.34 -0.10 -3.29 -0.43 0.00
-2.38 -0.11 -3.31 -0.48 0.00
-2.43 -0.11 -3.33 -0.53 0.00
-2.47 -0.12 -3.35 -0.59 0.00
-2.51 -0.12 -3.36 -0.65 0.00
-2.55 -0.14 -3.39 -0.68 0.00
-2.58 -0.16 -3.40 -0.73 0.00
-2.62 -0.18 -3.41 -0.78 0.00
-2.66 -0.21 -3.28 -0.99 0.00
-2.69 -0.24 -3.26 -1.06 0.00
-2.73 -0.27 -3.24 -1.13 0.00
-2.77 -0.30 -3.21 -1.20 0.00
-2.81 -0.32 -3.17 -1.26 0.00
-2.84 -0.35 -3.14 -1.31 0.00
-2.86 -0.39 -3.13 -1.36 0.00
-2.88 -0.43 -3.13 -1.40 0.00
-2.89 -0.47 -3.41 -1.32 0.00
-2.90 -0.51 -3.49 -1.31 0.00
-2.91 -0.55 -3.58 -1.29 0.00
-2.92 -0.59 -3.65 -1.26 0.00
-2.92 -0.62 -3.72 -1.24 0.00
-2.94 -0.66 -3.77 -1.21 0.00
-2.96 -0.69 -3.82 -1.20 0.00
-2.99 -0.71 -3.87 -1.20 0.00
-3.02 -0.74 -3.93 -1.15 0.00
-3.06 -0.76 -3.98 -1.15 0.00
-3.09 -0.78 -4.01 -1.17 0.00
-3.13 -0.80 -4.05 -1.19 0.00
-3.17 -0.82 -4.09 -1.21 0.00
-3.21 -0.83 -4.12 -1.24 0.00
-3.25 -0.85 -4.16 -1.26 0.00
-3.29 -0.87 -4.19 -1.30 0.00
-3.29 -0.87 -4.23 -0.54 1.00
-3.32 -0.85 -4.30 -0.65 0.00
-3.36 -0.84 -4.35 -0.68 0.00
-3.40 -0.82 -4.39 -0.71 0.00
-3.44 -0.81 -4.44 -0.75 0.00
-3.48 -0.80 -4.48 -0.77 0.00
-3.52 -0.79 -4.52 -0.79 0.00
-3.56 -0.78 -4.56 -0.82 0.00
-3.60 -0.78 -4.60 -0.83 0.00
-3.64 -0.78 -4.64 -0.84 0.00
-3.68 -0.79 -4.68 -0.84 0.00
-3.72 -0.79 -4.72 -0.84 0.00
-3.76 -0.79 -4.76 -0.84 0.00
-3.80 -0.79 -4.80 -0.85 0.00
-3.84 -0.79 -4.84 -0.86 0.00
-3.88 -0.80 -4.88 -0.86 0.00
-3.92 -0.80 -4.92 -0.87 0.00
-3.96 -0.80 -4.96 -0.90 0.00
-4.01 -0.80 -5.00 -0.93 0.00
-4.06 -0.81 -5.04 -0.99 0.00
-4.10 -0.81 -5.08 -1.02 0.00
-4.15 -0.81 -5.12 -1.07 0.00
