0.30 0.10 0.07 -0.87 0.00
0.29 0.06 -0.05 -0.88 0.00
0.28 0.02 -0.14 -0.88 0.00
0.27 -0.02 -0.23 -0.88 0.00
0.26 -0.06 -0.32 -0.87 0.00
0.26 -0.10 -0.40 -0.86 0.00
0.25 -0.14 -0.47 -0.84 0.00
0.24 -0.18 -0.54 -0.81 0.00
0.23 -0.22 -0.60 -0.78 0.00
0.21 -0.26 -0.70 -0.68 0.00
0.18 -0.30 -0.75 -0.66 0.00
0.14 -0.33 -0.80 -0.65 0.00
0.11 -0.34 -0.84 -0.66 0.00
0.07 -0.36 -0.88 -0.67 0.00
0.03 -0.37 -0.93 -0.64 0.00
-0.01 -0.38 -0.98 -0.60 0.00
-0.05 -0.39 -1.03 -0.56 0.00
-0.08 -0.43 -1.08 -0.47 0.00
-0.12 -0.44 -1.12 -0.44 0.00
-0.16 -0.44 -1.16 -0.44 0.00
-0.20 -0.44 -1.20 -0.42 0.00
-0.24 -0.44 -1.24 -0.38 0.00
-0.28 -0.44 -1.28 -0.34 0.00
-0.32 -0.44 -1.31 -0.30 0.00
-0.36 -0.44 -1.34 -0.25 0.00
-0.40 -0.44 -1.38 -0.22 0.00
-0.45 -0.43 -1.42 -0.20 0.00
-0.49 -0.42 -1.47 -0.19 0.00
-0.53 -0.41 -1.50 -0.15 0.00
-0.58 -0.40 -1.53 -0.08 0.00
-0.62 -0.39 -1.54 -0.01 0.00
-0.66 -0.38 -1.55 0.08 0.00
-0.71 -0.37 -1.56 0.15 0.00
-0.75 -0.35 -1.59 0.19 0.00
-0.78 -0.33 -1.62 0.22 0.00
-0.82 -0.30 -1.64 0.27 0.00
-0.86 -0.28 -1.64 0.34 0.00
-0.90 -0.26 -1.67 0.38 0.00
-0.93 -0.24 -1.68 0.43 0.00
-0.97 -0.21 -1.69 0.48 0.00
-1.00 -0.19 -1.70 0.53 0.00
-1.03 -0.14 -1.76 0.53 0.00
-1.06 -0.10 -1.81 0.56 0.00
-1.09 -0.07 -1.83 0.61 0.00
-1.13 -0.05 -1.81 0.68 0.00
-1.15 -0.04 -1.77 0.75 0.00
-1.19 0.01 -1.80 0.80 0.00
-1.24 0.04 -1.57 0.98 0.00
-1.25 0.06 -1.68 0.97 0.00
-1.26 0.05 -0.93 0.99 1.00
-1.28 0.06 -0.36 0.44 1.00
-1.24 0.07 -0.30 0.43 0.00
-1.20 0.08 -0.26 0.42 0.00
-1.18 0.09 -0.18 0.19 0.00
-1.12 0.12 -0.16 0.39 0.00
-1.09 0.13 -0.12 0.35 0.00
-1.04 0.16 -0.06 0.36 0.00
-1.00 0.17 -0.03 0.44 0.00
-0.96 0.18 0.03 0.35 0.00
-0.90 0.14 0.10 0.18 0.00
-0.83 0.19 0.16 0.36 0.00
