-3.60 0.70 -2.62 0.90 0.00
-3.56 0.70 -2.59 0.93 0.00
-3.52 0.71 -2.54 0.90 0.00
-3.49 0.72 -2.49 0.85 0.00
-3.44 0.73 -2.45 0.80 0.00
-3.40 0.74 -2.40 0.75 0.00
-3.37 0.75 -2.37 0.70 0.00
-3.33 0.76 -2.33 0.66 0.00
-3.29 0.77 -2.30 0.62 0.00
-3.25 0.76 -2.26 0.60 0.00
-3.21 0.76 -2.22 0.60 0.00
-3.17 0.75 -2.18 0.59 0.00
-3.13 0.74 -2.14 0.59 0.00
-3.09 0.74 -2.11 0.56 0.00
-3.05 0.73 -2.07 0.52 0.00
-3.01 0.72 -2.04 0.46 0.00
-2.97 0.72 -2.01 0.42 0.00
-2.93 0.69 -1.97 0.43 0.00
-2.89 0.68 -1.93 0.41 0.00
-2.85 0.67 -1.90 0.38 0.00
-2.81 0.66 -1.86 0.37 0.00
-2.77 0.65 -1.82 0.34 0.00
-2.73 0.64 -1.79 0.31 0.00
-2.69 0.63 -1.76 0.29 0.00
-2.66 0.62 -1.72 0.27 0.00
-2.62 0.61 -1.69 0.24 0.00
-2.58 0.59 -1.66 0.20 0.00
-2.54 0.58 -1.63 0.15 0.00
-2.50 0.56 -1.61 0.10 0.00
-2.46 0.55 -1.60 0.04 0.00
-2.42 0.53 -1.59 -0.02 0.00
-2.38 0.51 -1.58 -0.08 0.00
-2.34 0.50 -1.56 -0.13 0.00
-2.31 0.47 -1.53 -0.16 0.00
-2.27 0.44 -1.50 -0.19 0.00
-2.24 0.41 -1.47 -0.22 0.00
-2.20 0.38 -1.47 -0.30 0.00
-2.17 0.36 -1.49 -0.38 0.00
-2.13 0.33 -1.50 -0.45 0.00
-2.10 0.30 -1.51 -0.52 0.00
-2.06 0.27 -1.54 -0.59 0.00
-2.02 0.24 -1.56 -0.65 0.00
-1.99 0.21 -1.60 -0.71 0.00
-1.97 0.17 -1.59 -0.76 0.00
-1.95 0.13 -1.58 -0.80 0.00
-1.94 0.09 -1.57 -0.84 0.00
-1.92 0.05 -1.55 -0.88 0.00
-1.90 0.01 -1.53 -0.92 0.00
-1.89 -0.03 -1.52 -0.96 0.00
-1.87 -0.08 -1.35 -0.93 0.00
-1.86 -0.13 -1.26 -0.93 0.00
-1.84 -0.18 -1.18 -0.93 0.00
-1.83 -0.22 -1.11 -0.92 0.00
-1.81 -0.27 -1.03 -0.90 0.00
-1.78 -0.30 -1.00 -0.93 0.00
-1.74 -0.33 -0.96 -0.95 0.00
-1.71 -0.36 -0.92 -0.98 0.00
-1.67 -0.38 -0.90 -1.02 0.00
-1.64 -0.41 -0.87 -1.05 0.00
-1.61 -0.44 -0.85 -1.09 0.00
-1.57 -0.46 -0.83 -1.13 0.00
-1.54 -0.49 -0.81 -1.18 0.00
-1.50 -0.51 -0.78 -1.20 0.00
-1.45 -0.54 -0.87 -1.35 0.00
-1.47 -0.55 -0.62 -1.07 0.00
-1.50 -0.53 -1.03 -1.41 1.00
-1.50 -0.51 -1.80 -1.47 1.00
-1.50 -0.51 -2.39 -0.98 1.00
-1.50 -0.51 -2.46 -0.22 1.00
-1.54 -0.50 -2.51 -0.24 0.00
-1.58 -0.49 -2.55 -0.25 0.00
-1.62 -0.48 -2.60 -0.27 0.00
-1.66 -0.46 -2.64 -0.28 0.00
-1.70 -0.45 -2.68 -0.28 0.00
-1.74 -0.44 -2.72 -0.29 0.00
-1.78 -0.43 -2.77 -0.29 0.00
-1.82 -0.43 -2.81 -0.31 0.00
-1.85 -0.42 -2.85 -0.40 0.00
-1.89 -0.41 -2.89 -0.54 0.00
-1.94 -0.41 -2.90 -0.66 0.00
-1.98 -0.40 -2.89 -0.80 0.00
-2.01 -0.39 -2.86 -0.92 0.00
-2.05 -0.39 -2.82 -1.03 0.00
-2.09 -0.39 -2.79 -1.11 0.00
-2.12 -0.41 -2.80 -1.15 0.00
-2.16 -0.43 -2.71 -1.26 0.00
-2.20 -0.45 -2.69 -1.33 0.00
-2.23 -0.49 -2.69 -1.38 0.00
-2.25 -0.53 -2.70 -1.42 0.00
-2.27 -0.57 -2.69 -1.47 0.00
-2.29 -0.60 -2.67 -1.53 0.00
-2.32 -0.64 -2.63 -1.59 0.00
-2.34 -0.68 -2.58 -1.65 0.00
-2.35 -0.72 -2.54 -1.70 0.00
-2.37 -0.76 -2.50 -1.75 0.00
-2.39 -0.80 -2.46 -1.80 0.00
-2.40 -0.84 -2.43 -1.84 0.00
-2.41 -0.88 -2.42 -1.88 0.00
-2.40 -0.92 -2.42 -1.92 0.00
-2.41 -0.96 -2.42 -1.96 0.00
-2.41 -1.00 -2.42 -2.00 0.00
-2.40 -1.04 -2.47 -2.04 0.00
-2.40 -1.08 -2.49 -2.08 0.00
-2.40 -1.12 -2.50 -2.12 0.00
-2.40 -1.16 -2.50 -2.15 0.00
-2.41 -1.20 -2.50 -2.19 0.00
-2.41 -1.24 -2.46 -2.24 0.00
-2.42 -1.28 -2.36 -2.28 0.00
-2.42 -1.32 -2.23 -2.30 0.00
-2.43 -1.36 -2.11 -2.31 0.00
-2.43 -1.40 -1.99 -2.30 0.00
-2.43 -1.43 -1.89 -2.27 0.00
-2.44 -1.47 -1.79 -2.24 0.00
-2.43 -1.51 -1.74 -2.23 0.00
-2.40 -1.54 -1.70 -2.25 0.00
-2.38 -1.57 -1.67 -2.28 0.00
-2.35 -1.60 -1.61 -2.27 0.00
-2.32 -1.63 -1.49 -2.20 0.00
-2.28 -1.66 -1.42 -2.15 0.00
-2.25 -1.69 -1.34 -2.10 0.00
-2.22 -1.72 -1.27 -2.04 0.00
-2.19 -1.76 -1.21 -1.98 0.00
-2.15 -1.78 -1.17 -1.95 0.00
-2.12 -1.79 -1.13 -1.93 0.00
-2.08 -1.80 -1.09 -1.93 0.00
-2.04 -1.80 -1.04 -1.93 0.00
-2.00 -1.81 -1.00 -1.93 0.00
-1.96 -1.81 -0.96 -1.92 0.00
-1.92 -1.82 -0.92 -1.92 0.00
-1.87 -1.83 -0.88 -1.91 0.00
-1.83 -1.83 -0.84 -1.90 0.00
-1.79 -1.83 -0.80 -1.90 0.00
-1.75 -1.84 -0.76 -1.89 0.00
-1.71 -1.84 -0.72 -1.89 0.00
-1.68 -1.84 -0.68 -1.89 0.00
-1.64 -1.85 -0.64 -1.89 0.00
-1.60 -1.85 -0.60 -1.90 0.00
-1.56 -1.85 -0.56 -1.90 0.00
-1.52 -1.85 -0.52 -1.90 0.00
-1.48 -1.85 -0.48 -1.90 0.00
-1.44 -1.85 -0.44 -1.91 0.00
-1.39 -1.86 -0.40 -1.89 0.00
-1.36 -1.86 -0.36 -1.91 0.00
-1.32 -1.86 -0.32 -1.89 0.00
-1.28 -1.86 -0.28 -1.90 0.00
-1.24 -1.86 -0.24 -1.90 0.00
-1.20 -1.86 -0.20 -1.91 0.00
-1.16 -1.87 -0.16 -1.93 0.00
-1.12 -1.87 -0.12 -1.95 0.00
-1.08 -1.87 -0.09 -1.98 0.00
-1.04 -1.87 -0.05 -1.99 0.00
-1.00 -1.88 -0.01 -2.00 0.00
-0.96 -1.88 0.03 -2.03 0.00
-0.92 -1.89 0.07 -2.03 0.00
-0.88 -1.89 0.11 -2.05 0.00
-0.84 -1.90 0.15 -2.03 0.00
-0.80 -1.90 0.19 -2.03 0.00
-0.76 -1.91 0.23 -2.03 0.00
-0.72 -1.92 0.27 -2.03 0.00
-0.68 -1.92 0.31 -2.04 0.00
-0.64 -1.93 0.35 -2.01 0.00
-0.60 -1.93 0.39 -2.00 0.00
-0.57 -1.94 0.43 -1.97 0.00
-0.53 -1.94 0.47 -1.94 0.00
-0.49 -1.95 0.51 -1.91 0.00
-0.45 -1.95 0.55 -1.92 0.00
