-3.90 0.00 -3.60 -0.95 0.00
-3.88 -0.04 -3.59 -0.99 0.00
-3.87 -0.08 -3.57 -1.03 0.00
-3.86 -0.12 -3.52 -1.06 0.00
-3.85 -0.16 -3.46 -1.08 0.00
-3.83 -0.20 -3.40 -1.10 0.00
-3.82 -0.25 -3.34 -1.12 0.00
-3.81 -0.29 -3.28 -1.14 0.00
-3.80 -0.33 -3.23 -1.15 0.00
-3.78 -0.37 -3.17 -1.17 0.00
-3.76 -0.41 -3.15 -1.20 0.00
-3.73 -0.45 -3.12 -1.24 0.00
-3.70 -0.48 -3.09 -1.27 0.00
-3.67 -0.52 -3.03 -1.28 0.00
-3.64 -0.56 -2.94 -1.27 0.00
-3.62 -0.59 -2.84 -1.22 0.00
-3.59 -0.63 -2.74 -1.16 0.00
-3.55 -0.67 -2.68 -1.16 0.00
-3.51 -0.69 -2.63 -1.17 0.00
-3.47 -0.72 -2.58 -1.19 0.00
-3.43 -0.74 -2.54 -1.20 0.00
-3.39 -0.76 -2.48 -1.19 0.00
-3.35 -0.79 -2.42 -1.17 0.00
-3.30 -0.81 -2.36 -1.14 0.00
-3.26 -0.83 -2.30 -1.11 0.00
-3.22 -0.85 -2.25 -1.08 0.00
-3.18 -0.87 -2.19 -1.04 0.00
-3.14 -0.89 -2.15 -1.01 0.00
-3.10 -0.90 -2.10 -0.99 0.00
-3.06 -0.91 -2.06 -0.98 0.00
-3.02 -0.91 -2.02 -0.98 0.00
-2.98 -0.92 -1.99 -1.00 0.00
-2.94 -0.92 -1.95 -1.01 0.00
-2.90 -0.92 -1.91 -1.06 0.00
-2.86 -0.92 -1.87 -1.07 0.00
-2.82 -0.93 -1.84 -1.10 0.00
-2.78 -0.93 -1.80 -1.12 0.00
-2.74 -0.94 -1.76 -1.14 0.00
-2.70 -0.94 -1.72 -1.15 0.00
-2.66 -0.95 -1.68 -1.17 0.00
-2.62 -0.96 -1.65 -1.19 0.00
-2.58 -0.97 -1.60 -1.19 0.00
-2.54 -0.98 -1.56 -1.20 0.00
-2.50 -0.99 -1.52 -1.20 0.00
-2.46 -1.00 -1.48 -1.21 0.00
-2.41 -1.01 -1.44 -1.22 0.00
-2.37 -1.02 -1.39 -1.21 0.00
-2.34 -1.03 -1.35 -1.21 0.00
-2.30 -1.00 -1.42 -1.47 0.00
-2.30 -0.98 -2.15 -1.97 1.00
-2.30 -1.00 -2.31 -2.00 0.00
-2.30 -1.07 -2.17 -2.06 0.00
-2.32 -1.14 -2.13 -2.12 0.00
-2.32 -1.18 -2.12 -2.16 0.00
-2.30 -1.23 -2.08 -2.21 0.00
-2.27 -1.22 -2.29 -2.22 0.00
-2.29 -1.29 -2.25 -2.28 0.00
-2.31 -1.32 -2.28 -2.32 0.00
-2.29 -1.42 -1.96 -2.36 0.00
-2.29 -1.44 -1.98 -2.39 0.00
-2.30 -1.47 -1.95 -2.41 0.00
-2.29 -1.50 -1.84 -2.39 0.00
-2.32 -1.47 -2.14 -2.45 0.00
-2.30 -1.55 -1.76 -2.39 0.00
-2.30 -1.58 -1.61 -2.30 0.00
-2.30 -1.62 -1.52 -2.24 0.00
-2.30 -1.65 -1.44 -2.15 0.00
-2.28 -1.69 -1.38 -2.13 0.00
-2.24 -1.71 -1.34 -2.14 0.00
-2.20 -1.72 -1.31 -2.16 0.00
-2.17 -1.74 -1.25 -2.13 0.00
-2.13 -1.76 -1.18 -2.09 0.00
-2.09 -1.78 -1.12 -2.04 0.00
-2.05 -1.80 -1.07 -1.99 0.00
-2.01 -1.82 -1.02 -1.94 0.00
-1.98 -1.84 -0.98 -1.88 0.00
-1.94 -1.86 -0.94 -1.84 0.00
-1.90 -1.86 -0.90 -1.83 0.00
-1.86 -1.86 -0.86 -1.85 0.00
-1.82 -1.85 -0.82 -1.85 0.00
-1.78 -1.85 -0.78 -1.85 0.00
-1.74 -1.85 -0.74 -1.84 0.00
-1.70 -1.85 -0.70 -1.86 0.00
-1.66 -1.85 -0.66 -1.86 0.00
-1.62 -1.85 -0.62 -1.86 0.00
-1.58 -1.85 -0.58 -1.87 0.00
-1.54 -1.85 -0.54 -1.87 0.00
-1.50 -1.85 -0.50 -1.86 0.00
-1.46 -1.85 -0.46 -1.86 0.00
-1.42 -1.85 -0.42 -1.86 0.00
-1.38 -1.85 -0.38 -1.87 0.00
-1.34 -1.85 -0.34 -1.87 0.00
-1.30 -1.86 -0.30 -1.88 0.00
-1.25 -1.86 -0.26 -1.90 0.00
-1.21 -1.86 -0.22 -1.91 0.00
-1.17 -1.86 -0.18 -1.93 0.00
-1.13 -1.86 -0.14 -1.94 0.00
-1.09 -1.86 -0.10 -1.95 0.00
-1.06 -1.86 -0.07 -2.04 0.00
-1.02 -1.86 -0.04 -2.05 0.00
-0.98 -1.87 0.00 -2.06 0.00
-0.94 -1.87 0.04 -2.07 0.00
-0.90 -1.88 0.08 -2.07 0.00
