-0.70 -2.10 0.06 -2.75 0.00
-0.67 -2.13 0.08 -2.79 0.00
-0.64 -2.15 0.12 -2.80 0.00
-0.61 -2.18 0.17 -2.81 0.00
-0.58 -2.21 0.22 -2.80 0.00
-0.55 -2.23 0.27 -2.79 0.00
-0.53 -2.26 0.32 -2.78 0.00
-0.50 -2.28 0.38 -2.77 0.00
-0.47 -2.31 0.43 -2.75 0.00
-0.44 -2.33 0.47 -2.75 0.00
-0.40 -2.35 0.52 -2.73 0.00
-0.37 -2.36 0.56 -2.72 0.00
-0.34 -2.38 0.61 -2.69 0.00
-0.31 -2.39 0.66 -2.61 0.00
-0.31 -2.38 0.69 -2.42 0.00
-0.23 -2.39 0.75 -2.20 0.00
-0.20 -2.37 0.46 -1.62 0.00
-0.17 -2.34 0.38 -1.51 0.00
-0.14 -2.31 0.33 -1.43 0.00
-0.11 -2.28 0.29 -1.37 0.00
-0.08 -2.25 0.24 -1.31 0.00
-0.06 -2.23 0.18 -1.25 0.00
-0.04 -2.19 0.15 -1.21 0.00
-0.03 -2.16 0.13 -1.17 0.00
-0.02 -2.12 0.11 -1.13 0.00
-0.02 -2.08 0.11 -1.09 0.00
-0.01 -2.04 0.08 -1.05 0.00
-0.00 -2.01 0.03 -1.01 0.00
0.01 -1.97 -0.02 -0.97 0.00
0.01 -1.93 -0.06 -0.93 0.00
0.02 -1.89 -0.09 -0.90 0.00
0.02 -1.86 -0.13 -0.87 0.00
0.02 -1.82 -0.16 -0.84 0.00
0.02 -1.82 0.59 -1.00 1.00
0.02 -1.82 1.00 -1.64 1.00
0.02 -1.82 0.84 -2.39 1.00
0.05 -1.84 0.88 -2.39 0.00
0.08 -1.87 0.93 -2.40 0.00
0.11 -1.89 0.98 -2.38 0.00
0.14 -1.91 1.03 -2.37 0.00
0.17 -1.94 1.08 -2.36 0.00
0.20 -1.96 1.12 -2.35 0.00
0.23 -1.97 1.16 -2.36 0.00
0.26 -1.99 1.19 -2.36 0.00
0.29 -2.00 1.22 -2.37 0.00
0.33 -2.01 1.27 -2.35 0.00
0.36 -2.03 1.33 -2.25 0.00
0.39 -2.04 1.38 -2.11 0.00
0.39 -2.05 1.39 -1.95 0.00
0.44 -2.06 1.40 -1.79 0.00
0.48 -2.08 1.36 -1.60 0.00
0.51 -2.09 1.29 -1.47 0.00
0.52 -2.09 1.51 -2.21 1.00
0.55 -2.11 1.55 -2.05 0.00
0.59 -2.11 1.58 -1.91 0.00
0.63 -2.11 1.59 -1.84 0.00
0.66 -2.12 1.58 -1.72 0.00
0.71 -2.12 1.56 -1.59 0.00
0.76 -2.11 1.44 -1.38 0.00
0.78 -2.10 1.54 -1.46 0.00
0.81 -2.09 1.60 -1.48 0.00
0.83 -2.06 1.59 -1.41 0.00
0.88 -2.04 1.60 -1.35 0.00
0.92 -2.02 1.53 -1.22 0.00
0.93 -1.99 1.45 -1.14 0.00
0.95 -1.97 1.36 -1.06 0.00
0.97 -1.94 1.25 -0.98 0.00
1.00 -1.92 1.18 -0.94 0.00
1.03 -1.90 1.11 -0.90 0.00
1.03 -1.90 1.78 -1.24 1.00
1.04 -1.90 2.04 -1.96 1.00
1.04 -1.90 1.70 -2.65 1.00
1.07 -1.93 1.70 -2.70 0.00
1.08 -1.95 1.72 -2.73 0.00
1.11 -1.99 1.74 -2.76 0.00
1.14 -2.02 1.77 -2.80 0.00
1.16 -2.05 1.79 -2.82 0.00
1.19 -2.08 1.83 -2.84 0.00
1.21 -2.11 1.84 -2.88 0.00
1.23 -2.14 1.85 -2.92 0.00
1.25 -2.16 1.89 -2.93 0.00
1.27 -2.19 1.90 -2.97 0.00
1.28 -2.22 1.90 -3.00 0.00
1.30 -2.24 1.90 -3.05 0.00
1.33 -2.28 1.99 -3.03 0.00
1.36 -2.30 1.85 -3.17 0.00
1.39 -2.33 1.85 -3.22 0.00
1.40 -2.36 1.63 -3.33 0.00
1.39 -2.36 0.89 -3.22 1.00
1.38 -2.38 0.83 -3.22 0.00
1.35 -2.42 0.62 -3.10 0.00
1.29 -2.48 0.42 -2.98 0.00
1.27 -2.48 0.34 -2.85 0.00
1.26 -2.54 0.37 -2.99 0.00
1.27 -2.58 0.33 -2.93 0.00
1.24 -2.61 0.29 -2.91 0.00
1.20 -2.62 0.24 -2.90 0.00
1.16 -2.63 0.21 -2.93 0.00
1.13 -2.64 0.16 -2.91 0.00
1.08 -2.66 0.11 -2.91 0.00
1.05 -2.67 0.07 -2.89 0.00
1.01 -2.68 0.02 -2.85 0.00
0.96 -2.69 -0.02 -2.87 0.00
0.92 -2.70 -0.07 -2.81 0.00
0.89 -2.72 -0.11 -2.78 0.00
0.85 -2.72 -0.15 -2.74 0.00
0.83 -2.73 -0.17 -2.78 0.00
0.80 -2.73 -0.20 -2.79 0.00
0.74 -2.73 -0.26 -2.66 0.00
0.68 -2.69 -0.31 -2.85 0.00
0.66 -2.72 -0.31 -2.50 0.00
0.59 -2.73 -0.39 -2.56 0.00
0.56 -2.73 -0.44 -2.63 0.00
0.51 -2.71 -0.46 -2.45 0.00
0.47 -2.70 -0.51 -2.46 0.00
0.40 -2.71 -0.59 -2.55 0.00
0.40 -2.70 -0.59 -2.53 0.00
0.35 -2.69 -0.63 -2.54 0.00
0.31 -2.69 -0.67 -2.54 0.00
0.27 -2.68 -0.72 -2.54 0.00
0.23 -2.67 -0.76 -2.53 0.00
0.19 -2.66 -0.80 -2.57 0.00
0.15 -2.66 -0.84 -2.56 0.00
0.11 -2.65 -0.88 -2.55 0.00
0.07 -2.65 -0.92 -2.55 0.00
0.05 -2.64 -0.95 -2.55 0.00
-0.02 -2.57 -0.95 -2.93 0.00
-0.03 -2.61 -1.03 -2.62 0.00
-0.11 -2.64 -1.10 -2.53 0.00
-0.11 -2.62 -1.10 -2.52 0.00
-0.16 -2.63 -1.14 -2.48 0.00
-0.17 -2.62 -1.16 -2.48 0.00
-0.24 -2.62 -1.21 -2.40 0.00
-0.29 -2.61 -1.25 -2.36 0.00
-0.34 -2.60 -1.30 -2.33 0.00
-0.36 -2.59 -1.30 -2.25 0.00
-0.42 -2.58 -1.41 -2.41 0.00
-0.42 -2.58 -0.96 -1.74 1.00
-0.48 -2.52 -1.23 -1.86 0.00
-0.46 -2.48 -1.14 -1.75 0.00
-0.48 -2.44 -1.22 -1.77 0.00
-0.50 -2.39 -1.30 -1.79 0.00
-0.53 -2.37 -1.34 -1.77 0.00
-0.56 -2.34 -1.35 -1.73 0.00
-0.58 -2.31 -1.35 -1.67 0.00
-0.63 -2.28 -1.45 -1.71 0.00
-0.66 -2.26 -1.45 -1.65 0.00
-0.70 -2.24 -1.50 -1.65 0.00
-0.73 -2.22 -1.54 -1.63 0.00
-0.76 -2.19 -1.57 -1.61 0.00
-0.80 -2.17 -1.61 -1.59 0.00
-0.83 -2.15 -1.62 -1.54 0.00
-0.86 -2.12 -1.67 -1.54 0.00
-0.89 -2.10 -1.70 -1.51 0.00
-0.93 -2.07 -1.79 -1.57 0.00
-0.96 -2.03 -1.87 -1.61 0.00
-1.00 -2.00 -1.94 -1.65 0.00
-1.04 -1.96 -2.00 -1.69 0.00
-1.07 -1.95 -2.04 -1.69 0.00
-1.11 -1.94 -2.08 -1.68 0.00
-1.15 -1.93 -2.11 -1.65 0.00
-1.19 -1.92 -2.14 -1.62 0.00
-1.23 -1.91 -2.18 -1.58 0.00
-1.27 -1.90 -2.21 -1.56 0.00
-1.31 -1.89 -2.24 -1.53 0.00
-1.35 -1.87 -2.27 -1.50 0.00
-1.39 -1.86 -2.31 -1.48 0.00
-1.42 -1.85 -2.35 -1.46 0.00
-1.46 -1.83 -2.39 -1.45 0.00
-1.50 -1.82 -2.43 -1.44 0.00
-1.54 -1.80 -2.47 -1.44 0.00
-1.57 -1.79 -2.49 -1.40 0.00
-1.61 -1.77 -2.52 -1.37 0.00
-1.65 -1.76 -2.57 -1.36 0.00
-1.69 -1.74 -2.59 -1.31 0.00
-1.73 -1.73 -2.61 -1.27 0.00
-1.76 -1.71 -2.64 -1.23 0.00
-1.80 -1.70 -2.67 -1.20 0.00
-1.84 -1.68 -2.69 -1.16 0.00
-1.87 -1.66 -2.71 -1.11 0.00
-1.91 -1.65 -2.71 -1.05 0.00
-1.99 -1.65 -2.54 -0.81 0.00
-2.03 -1.62 -2.48 -0.73 0.00
-2.01 -1.57 -2.76 -0.91 0.00
-2.05 -1.56 -2.64 -0.76 0.00
-2.09 -1.53 -2.55 -0.64 0.00
-2.08 -1.54 -1.76 -0.59 1.00
-2.08 -1.53 -1.18 -1.09 1.00
-2.09 -1.53 -1.16 -1.91 1.00
-2.06 -1.54 -1.16 -1.98 0.00
-2.04 -1.55 -1.19 -2.07 0.00
-1.97 -1.64 -1.02 -1.94 0.00
-1.91 -1.67 -0.94 -1.94 0.00
-1.88 -1.64 -0.93 -1.96 0.00
-1.85 -1.62 -0.87 -1.86 0.00
-1.84 -1.63 -0.88 -1.94 0.00
-1.80 -1.64 -0.85 -1.96 0.00
-1.76 -1.66 -0.81 -1.96 0.00
-1.73 -1.67 -0.75 -1.91 0.00
-1.69 -1.68 -0.69 -1.77 0.00
-1.65 -1.69 -0.65 -1.63 0.00
-1.62 -1.70 -0.64 -1.49 0.00
-1.58 -1.72 -0.65 -1.36 0.00
-1.55 -1.73 -0.67 -1.24 0.00
-1.51 -1.73 -0.70 -1.15 0.00
-1.51 -1.73 -0.52 -1.89 1.00
-1.47 -1.74 -0.48 -1.88 0.00
-1.43 -1.75 -0.44 -1.85 0.00
-1.39 -1.76 -0.40 -1.83 0.00
-1.36 -1.76 -0.36 -1.81 0.00
-1.32 -1.77 -0.32 -1.81 0.00
-1.28 -1.77 -0.28 -1.79 0.00
-1.24 -1.78 -0.24 -1.77 0.00
-1.20 -1.78 -0.20 -1.76 0.00
-1.16 -1.78 -0.16 -1.74 0.00
-1.12 -1.78 -0.12 -1.70 0.00
-1.08 -1.78 -0.10 -1.61 0.00
-1.05 -1.78 -0.09 -1.48 0.00
-1.01 -1.78 -0.10 -1.35 0.00
-0.97 -1.78 -0.13 -1.23 0.00
-0.93 -1.77 -0.19 -1.10 0.00
-0.89 -1.77 -0.23 -1.01 0.00
-0.89 -1.77 0.11 -1.69 1.00
-0.85 -1.77 0.15 -1.72 0.00
-0.81 -1.77 0.19 -1.71 0.00
-0.77 -1.77 0.23 -1.72 0.00
-0.73 -1.76 0.26 -1.69 0.00
-0.69 -1.76 0.30 -1.68 0.00
-0.66 -1.76 0.34 -1.68 0.00
-0.62 -1.76 0.38 -1.66 0.00
-0.58 -1.75 0.41 -1.65 0.00
-0.54 -1.75 0.45 -1.63 0.00
-0.51 -1.75 0.48 -1.60 0.00
-0.47 -1.74 0.51 -1.52 0.00
-0.43 -1.74 0.53 -1.45 0.00
-0.40 -1.74 0.53 -1.36 0.00
-0.36 -1.73 0.52 -1.26 0.00
-0.33 -1.73 0.50 -1.17 0.00
-0.29 -1.72 0.48 -1.08 0.00
-0.29 -1.72 0.70 -1.81 1.00
-0.25 -1.72 0.74 -1.77 0.00
-0.21 -1.73 0.78 -1.76 0.00
-0.18 -1.73 0.82 -1.75 0.00
-0.13 -1.74 0.87 -1.73 0.00
-0.10 -1.74 0.90 -1.68 0.00
-0.06 -1.74 0.94 -1.67 0.00
-0.02 -1.74 0.97 -1.66 0.00
0.01 -1.74 1.01 -1.62 0.00
0.05 -1.74 1.04 -1.62 0.00
0.08 -1.73 1.06 -1.51 0.00
0.12 -1.73 1.07 -1.43 0.00
0.15 -1.73 1.05 -1.30 0.00
0.18 -1.72 1.02 -1.18 0.00
0.21 -1.72 0.98 -1.07 0.00
0.25 -1.71 0.93 -0.98 0.00
0.28 -1.70 0.87 -0.90 0.00
0.28 -1.70 1.27 -1.55 1.00
0.28 -1.70 1.08 -2.29 1.00
0.31 -1.72 1.14 -2.28 0.00
0.34 -1.75 1.21 -2.24 0.00
0.37 -1.77 1.25 -2.24 0.00
0.39 -1.79 1.30 -2.22 0.00
0.41 -1.81 1.30 -2.26 0.00
0.43 -1.84 1.36 -2.21 0.00
0.49 -1.85 1.43 -2.19 0.00
0.53 -1.87 1.45 -2.24 0.00
0.56 -1.88 1.50 -2.21 0.00
0.57 -1.88 1.56 -2.06 0.00
0.63 -1.90 1.63 -2.03 0.00
0.67 -1.92 1.67 -1.95 0.00
0.69 -1.93 1.67 -1.79 0.00
0.77 -1.94 1.60 -1.38 0.00
0.77 -1.95 1.53 -1.31 0.00
0.81 -1.97 1.43 -1.18 0.00
0.82 -1.97 1.81 -1.81 1.00
0.86 -1.97 1.78 -1.58 0.00
0.92 -1.96 1.78 -1.45 0.00
0.95 -1.95 1.73 -1.32 0.00
0.99 -1.94 1.64 -1.19 0.00
1.02 -1.94 1.54 -1.09 0.00
1.05 -1.94 1.44 -1.02 0.00
1.08 -1.91 1.47 -0.99 0.00
1.09 -1.87 1.48 -0.95 0.00
1.11 -1.83 1.43 -0.88 0.00
1.12 -1.80 1.43 -0.85 0.00
1.13 -1.76 1.37 -0.79 0.00
1.15 -1.74 1.27 -0.74 0.00
1.16 -1.70 1.24 -0.70 0.00
1.17 -1.67 1.15 -0.67 0.00
1.18 -1.63 1.12 -0.64 0.00
1.20 -1.60 1.09 -0.60 0.00
1.19 -1.58 1.81 -0.80 1.00
1.19 -1.58 2.18 -1.45 1.00
1.20 -1.58 2.02 -2.15 1.00
1.20 -1.59 1.36 -2.57 1.00
1.21 -1.64 1.28 -2.64 0.00
1.21 -1.67 1.22 -2.67 0.00
1.22 -1.69 1.16 -2.69 0.00
1.23 -1.73 1.07 -2.72 0.00
1.23 -1.77 0.93 -2.73 0.00
1.24 -1.81 0.88 -2.74 0.00
1.23 -1.84 0.83 -2.75 0.00
1.23 -1.90 0.70 -2.74 0.00
1.21 -1.93 0.66 -2.77 0.00
1.19 -1.96 0.67 -2.81 0.00
1.16 -2.00 0.57 -2.81 0.00
1.14 -2.03 0.47 -2.77 0.00
1.12 -2.07 0.37 -2.73 0.00
1.09 -2.11 0.28 -2.69 0.00
1.07 -2.14 0.20 -2.62 0.00
1.06 -2.18 0.14 -2.57 0.00
1.02 -2.21 0.08 -2.54 0.00
1.00 -2.23 0.07 -2.58 0.00
0.95 -2.25 -0.02 -2.52 0.00
0.91 -2.27 -0.05 -2.55 0.00
0.87 -2.29 -0.09 -2.58 0.00
0.83 -2.29 -0.14 -2.50 0.00
0.80 -2.29 -0.18 -2.49 0.00
0.74 -2.30 -0.26 -2.39 0.00
0.71 -2.32 -0.29 -2.34 0.00
0.66 -2.32 -0.34 -2.31 0.00
0.62 -2.34 -0.38 -2.24 0.00
0.58 -2.35 -0.40 -2.15 0.00
0.53 -2.35 -0.45 -2.13 0.00
0.47 -2.35 -0.52 -2.19 0.00
0.38 -2.32 -0.60 -2.12 0.00
0.40 -2.33 -0.59 -2.20 0.00
0.37 -2.30 -0.63 -2.29 0.00
0.33 -2.30 -0.67 -2.27 0.00
0.28 -2.30 -0.71 -2.26 0.00
0.24 -2.30 -0.76 -2.25 0.00
0.20 -2.30 -0.79 -2.24 0.00
0.16 -2.30 -0.83 -2.21 0.00
0.12 -2.29 -0.87 -2.20 0.00
0.08 -2.29 -0.91 -2.18 0.00
0.04 -2.29 -0.95 -2.16 0.00
0.00 -2.29 -0.98 -2.14 0.00
-0.04 -2.29 -1.02 -2.12 0.00
-0.08 -2.28 -1.06 -2.11 0.00
-0.12 -2.27 -1.10 -2.10 0.00
-0.16 -2.27 -1.14 -2.08 0.00
-0.20 -2.26 -1.18 -2.06 0.00
-0.24 -2.25 -1.21 -2.04 0.00
-0.27 -2.24 -1.25 -2.02 0.00
-0.31 -2.23 -1.29 -2.01 0.00
-0.35 -2.22 -1.33 -2.00 0.00
-0.39 -2.21 -1.36 -1.99 0.00
-0.43 -2.21 -1.39 -1.94 0.00
-0.47 -2.20 -1.43 -1.92 0.00
-0.51 -2.19 -1.46 -1.87 0.00
-0.55 -2.18 -1.49 -1.83 0.00
-0.59 -2.17 -1.51 -1.80 0.00
-0.63 -2.16 -1.54 -1.75 0.00
-0.67 -2.15 -1.56 -1.71 0.00
-0.70 -2.13 -1.60 -1.69 0.00
-0.74 -2.12 -1.64 -1.68 0.00
-0.78 -2.10 -1.68 -1.67 0.00
-0.82 -2.08 -1.72 -1.66 0.00
-0.85 -2.06 -1.78 -1.67 0.00
-0.89 -2.04 -1.83 -1.70 0.00
-0.93 -2.02 -1.88 -1.69 0.00
-0.97 -2.01 -1.92 -1.69 0.00
-1.01 -1.99 -1.96 -1.68 0.00
-1.05 -1.98 -2.00 -1.67 0.00
-1.08 -1.97 -2.04 -1.67 0.00
-1.12 -1.95 -2.08 -1.67 0.00
-1.16 -1.94 -2.13 -1.67 0.00
-1.20 -1.93 -2.17 -1.68 0.00
-1.24 -1.91 -2.21 -1.69 0.00
-1.28 -1.90 -2.26 -1.69 0.00
-1.32 -1.89 -2.30 -1.69 0.00
-1.36 -1.88 -2.34 -1.68 0.00
-1.40 -1.87 -2.38 -1.68 0.00
-1.44 -1.87 -2.42 -1.68 0.00
-1.47 -1.86 -2.46 -1.69 0.00
-1.51 -1.86 -2.49 -1.63 0.00
-1.55 -1.85 -2.52 -1.60 0.00
-1.59 -1.85 -2.55 -1.57 0.00
-1.63 -1.84 -2.59 -1.55 0.00
-1.67 -1.83 -2.62 -1.51 0.00
-1.71 -1.82 -2.63 -1.42 0.00
-1.75 -1.81 -2.63 -1.33 0.00
-1.79 -1.80 -2.62 -1.24 0.00
-1.83 -1.79 -2.61 -1.16 0.00
-1.87 -1.77 -2.59 -1.08 0.00
-1.90 -1.76 -2.57 -1.02 0.00
-1.94 -1.74 -2.59 -0.98 0.00
-1.97 -1.70 -2.62 -0.94 0.00
-2.00 -1.67 -2.65 -0.90 0.00
-2.03 -1.66 -2.66 -0.89 0.00
-2.07 -1.61 -2.57 -0.74 0.00
-2.07 -1.63 -1.84 -0.65 1.00
-2.07 -1.64 -1.23 -1.09 1.00
-2.07 -1.65 -1.09 -1.85 1.00
-2.03 -1.66 -1.04 -1.83 0.00
-1.99 -1.67 -1.00 -1.83 0.00
-1.95 -1.67 -0.96 -1.82 0.00
-1.91 -1.68 -0.92 -1.81 0.00
-1.88 -1.69 -0.88 -1.80 0.00
-1.84 -1.70 -0.84 -1.80 0.00
-1.80 -1.70 -0.80 -1.81 0.00
-1.76 -1.71 -0.76 -1.80 0.00
-1.72 -1.71 -0.72 -1.75 0.00
-1.68 -1.72 -0.68 -1.65 0.00
-1.64 -1.72 -0.66 -1.52 0.00
-1.61 -1.73 -0.66 -1.39 0.00
-1.57 -1.73 -0.68 -1.28 0.00
-1.53 -1.73 -0.70 -1.17 0.00
-1.49 -1.73 -0.73 -1.08 0.00
-1.46 -1.72 -0.76 -1.00 0.00
-1.46 -1.72 -0.46 -1.71 1.00
-1.41 -1.72 -0.42 -1.65 0.00
-1.38 -1.72 -0.38 -1.62 0.00
-1.34 -1.72 -0.35 -1.58 0.00
-1.30 -1.72 -0.31 -1.55 0.00
-1.26 -1.72 -0.28 -1.51 0.00
-1.22 -1.72 -0.25 -1.48 0.00
-1.18 -1.71 -0.21 -1.46 0.00
-1.14 -1.71 -0.18 -1.44 0.00
-1.11 -1.70 -0.15 -1.39 0.00
-1.07 -1.69 -0.16 -1.26 0.00
-1.03 -1.68 -0.19 -1.13 0.00
-0.99 -1.67 -0.25 -1.00 0.00
-0.95 -1.67 -0.34 -0.87 0.00
-0.93 -1.67 -0.42 -0.81 0.00
-0.89 -1.65 -0.43 -0.76 0.00
-0.84 -1.61 -0.54 -0.66 0.00
-0.85 -1.61 0.06 -1.19 1.00
-0.84 -1.61 0.12 -1.90 1.00
-0.72 -1.67 0.24 -1.39 0.00
-0.76 -1.68 0.18 -2.01 0.00
-0.70 -1.69 0.28 -1.91 0.00
-0.71 -1.70 0.18 -2.16 0.00
-0.64 -1.68 0.33 -1.93 0.00
-0.63 -1.69 0.35 -1.92 0.00
-0.59 -1.70 0.38 -1.92 0.00
-0.56 -1.71 0.42 -1.90 0.00
-0.52 -1.71 0.46 -1.90 0.00
-0.49 -1.72 0.51 -1.84 0.00
-0.45 -1.73 0.55 -1.74 0.00
-0.42 -1.74 0.57 -1.60 0.00
-0.38 -1.74 0.57 -1.44 0.00
-0.35 -1.75 0.55 -1.30 0.00
-0.31 -1.76 0.49 -1.17 0.00
-0.28 -1.76 0.43 -1.06 0.00
-0.28 -1.76 0.72 -1.77 1.00
-0.24 -1.76 0.76 -1.69 0.00
-0.20 -1.76 0.80 -1.67 0.00
-0.16 -1.76 0.83 -1.59 0.00
-0.12 -1.76 0.86 -1.54 0.00
-0.08 -1.76 0.88 -1.47 0.00
-0.04 -1.76 0.90 -1.42 0.00
-0.00 -1.75 0.92 -1.37 0.00
0.03 -1.74 0.94 -1.34 0.00
0.06 -1.73 0.96 -1.30 0.00
0.09 -1.72 0.97 -1.24 0.00
0.12 -1.71 0.94 -1.13 0.00
0.15 -1.69 0.88 -1.01 0.00
0.18 -1.68 0.82 -0.91 0.00
0.21 -1.66 0.76 -0.83 0.00
0.24 -1.65 0.69 -0.76 0.00
0.27 -1.63 0.63 -0.70 0.00
0.27 -1.63 1.18 -1.22 1.00
0.27 -1.63 1.20 -1.99 1.00
0.30 -1.65 1.23 -2.01 0.00
0.34 -1.66 1.28 -1.99 0.00
0.37 -1.68 1.33 -1.97 0.00
0.39 -1.69 1.36 -1.95 0.00
0.43 -1.70 1.40 -1.96 0.00
0.47 -1.73 1.47 -1.82 0.00
0.51 -1.72 1.50 -1.82 0.00
0.55 -1.73 1.54 -1.85 0.00
0.57 -1.75 1.57 -1.79 0.00
0.62 -1.76 1.62 -1.84 0.00
0.65 -1.76 1.65 -1.69 0.00
0.71 -1.76 1.69 -1.54 0.00
0.71 -1.77 1.68 -1.50 0.00
0.75 -1.77 1.59 -1.22 0.00
0.80 -1.77 1.46 -1.02 0.00
0.83 -1.76 1.27 -0.86 0.00
0.88 -1.75 1.82 -1.42 1.00
0.90 -1.73 1.84 -2.08 1.00
0.90 -1.72 1.32 -2.63 1.00
0.92 -1.75 1.29 -2.68 0.00
0.95 -1.79 1.26 -2.74 0.00
0.96 -1.83 1.20 -2.80 0.00
0.97 -1.85 1.19 -2.83 0.00
0.99 -1.89 1.14 -2.88 0.00
1.00 -1.93 1.10 -2.93 0.00
1.01 -1.97 1.08 -2.97 0.00
1.01 -2.01 1.06 -3.01 0.00
1.01 -2.05 1.08 -3.05 0.00
1.02 -2.08 1.11 -3.08 0.00
1.02 -2.12 1.01 -3.12 0.00
1.03 -2.17 0.91 -3.16 0.00
1.02 -2.21 0.77 -3.17 0.00
1.02 -2.24 0.61 -3.15 0.00
1.03 -2.29 0.45 -3.10 0.00
1.03 -2.32 0.32 -3.02 0.00
1.00 -2.35 0.20 -2.95 0.00
0.97 -2.39 0.15 -2.96 0.00
0.94 -2.42 0.09 -2.94 0.00
0.91 -2.46 0.01 -2.91 0.00
0.88 -2.49 -0.02 -2.91 0.00
0.86 -2.52 -0.10 -2.80 0.00
0.83 -2.54 -0.13 -2.83 0.00
0.77 -2.55 -0.18 -2.86 0.00
0.73 -2.56 -0.16 -3.01 0.00
0.67 -2.59 -0.29 -2.88 0.00
0.62 -2.60 -0.35 -2.85 0.00
0.58 -2.62 -0.40 -2.82 0.00
0.53 -2.59 -0.47 -2.68 0.00
0.47 -2.65 -0.53 -2.64 0.00
0.39 -2.61 -0.48 -2.12 0.00
0.41 -2.68 -0.59 -2.70 0.00
0.37 -2.68 -0.63 -2.71 0.00
0.33 -2.68 -0.67 -2.70 0.00
0.29 -2.68 -0.71 -2.70 0.00
0.25 -2.68 -0.75 -2.71 0.00
0.21 -2.68 -0.79 -2.71 0.00
