-2.40 0.80 -1.48 0.41 0.00
-2.36 0.79 -1.44 0.39 0.00
-2.32 0.77 -1.41 0.37 0.00
-2.28 0.75 -1.36 0.35 0.00
-2.24 0.73 -1.32 0.33 0.00
-2.20 0.72 -1.28 0.32 0.00
-2.16 0.70 -1.22 0.34 0.00
-2.12 0.68 -1.16 0.37 0.00
-2.07 0.66 -1.11 0.41 0.00
-2.03 0.64 -1.05 0.45 0.00
-1.99 0.63 -1.00 0.50 0.00
-1.95 0.61 -0.95 0.54 0.00
-1.91 0.59 -0.91 0.57 0.00
-1.91 0.59 -0.91 0.60 0.00
-1.84 0.59 -0.84 0.51 0.00
-1.79 0.58 -0.79 0.52 0.00
-1.75 0.59 -0.75 0.53 0.00
-1.75 0.59 -0.99 -0.06 1.00
-1.73 0.59 -1.52 -0.39 1.00
-1.72 0.59 -2.26 -0.25 1.00
-1.75 0.55 -2.19 -0.35 0.00
-1.77 0.53 -2.27 -0.34 0.00
-1.82 0.47 -2.09 -0.49 0.00
-1.83 0.44 -2.14 -0.51 0.00
-1.89 0.35 -1.79 -0.64 0.00
-1.90 0.31 -1.80 -0.68 0.00
-1.92 0.32 -2.09 -0.66 0.00
-1.91 0.28 -2.04 -0.71 0.00
-1.91 0.25 -2.10 -0.73 0.00
-1.91 0.20 -2.06 -0.79 0.00
-1.91 0.16 -2.04 -0.83 0.00
-1.92 0.12 -2.03 -0.87 0.00
-1.92 0.08 -2.01 -0.92 0.00
-1.93 0.04 -1.98 -0.96 0.00
-1.94 -0.00 -1.96 -1.00 0.00
-1.95 -0.04 -1.93 -1.04 0.00
-1.95 -0.08 -2.04 -1.08 0.00
-1.94 -0.12 -2.09 -1.11 0.00
-1.94 -0.16 -2.13 -1.14 0.00
-1.94 -0.20 -2.18 -1.17 0.00
-1.94 -0.24 -2.21 -1.20 0.00
-1.95 -0.27 -2.21 -1.24 0.00
-1.96 -0.31 -2.22 -1.27 0.00
-1.97 -0.34 -2.14 -1.33 0.00
-1.98 -0.37 -2.02 -1.37 0.00
-1.99 -0.41 -1.90 -1.40 0.00
-2.00 -0.44 -1.78 -1.42 0.00
-2.01 -0.47 -1.65 -1.41 0.00
-2.02 -0.51 -1.55 -1.39 0.00
-2.00 -0.52 -1.54 -1.41 0.00
-2.09 -0.53 -1.16 -0.90 0.00
-2.00 -0.61 -1.40 -1.41 0.00
-2.00 -0.61 -2.11 -1.61 1.00
-2.00 -0.61 -2.77 -1.25 1.00
-2.00 -0.61 -2.99 -0.54 1.00
-2.04 -0.61 -3.03 -0.52 0.00
-2.07 -0.61 -3.06 -0.49 0.00
-2.11 -0.60 -3.09 -0.45 0.00
-2.22 -0.60 -3.19 -0.85 0.00
-2.19 -0.58 -3.18 -0.42 0.00
-2.31 -0.57 -3.31 -0.59 0.00
-2.29 -0.59 -3.29 -0.49 0.00
-2.31 -0.59 -3.29 -0.40 0.00
-2.34 -0.58 -3.32 -0.37 0.00
-2.38 -0.58 -3.35 -0.34 0.00
-2.42 -0.57 -3.38 -0.31 0.00
-2.45 -0.57 -3.41 -0.29 0.00
-2.48 -0.56 -3.44 -0.26 0.00
-2.52 -0.55 -3.46 -0.23 0.00
-2.55 -0.54 -3.48 -0.16 0.00
-2.58 -0.53 -3.48 -0.09 0.00
-2.62 -0.51 -3.55 -0.14 0.00
-2.66 -0.49 -3.60 -0.16 0.00
-2.70 -0.47 -3.66 -0.20 0.00
-2.74 -0.45 -3.71 -0.23 0.00
-2.77 -0.43 -3.76 -0.27 0.00
-2.81 -0.41 -3.81 -0.32 0.00
-2.85 -0.40 -3.85 -0.36 0.00
-2.89 -0.40 -3.89 -0.38 0.00
-2.92 -0.40 -3.92 -0.40 0.00
-2.96 -0.40 -3.96 -0.46 0.00
-2.99 -0.39 -3.98 -0.57 0.00
-3.03 -0.39 -3.98 -0.70 0.00
-3.07 -0.39 -3.97 -0.81 0.00
-3.10 -0.39 -3.95 -0.92 0.00
-3.14 -0.39 -3.93 -1.01 0.00
-3.17 -0.40 -3.91 -1.08 0.00
-3.20 -0.42 -3.90 -1.14 0.00
-3.23 -0.45 -3.86 -1.23 0.00
-3.26 -0.48 -3.81 -1.32 0.00
-3.29 -0.51 -3.73 -1.41 0.00
-3.32 -0.53 -3.65 -1.48 0.00
-3.35 -0.56 -3.58 -1.54 0.00
-3.38 -0.59 -3.52 -1.58 0.00
-3.39 -0.62 -3.48 -1.62 0.00
-3.40 -0.66 -3.47 -1.66 0.00
-3.40 -0.70 -3.47 -1.70 0.00
-3.40 -0.74 -3.46 -1.74 0.00
-3.41 -0.78 -3.41 -1.78 0.00
-3.41 -0.82 -3.35 -1.82 0.00
-3.41 -0.86 -3.29 -1.86 0.00
-3.42 -0.90 -3.23 -1.89 0.00
-3.42 -0.93 -3.16 -1.90 0.00
-3.42 -0.93 -3.91 -1.80 1.00
-3.42 -0.93 -4.38 -1.19 1.00
-3.45 -0.94 -4.44 -1.10 0.00
-3.48 -0.93 -4.48 -0.99 0.00
-3.58 -0.94 -4.53 -1.25 0.00
-3.64 -0.93 -4.57 -1.30 0.00
-3.67 -0.94 -4.64 -1.17 0.00
-3.70 -0.96 -4.69 -1.10 0.00
-3.75 -0.94 -4.73 -1.13 0.00
-3.76 -0.96 -4.76 -0.97 0.00
-3.81 -0.94 -4.81 -1.03 0.00
-3.79 -0.92 -4.75 -0.64 0.00
-3.82 -0.93 -4.74 -0.54 0.00
-3.84 -0.94 -4.75 -0.52 0.00
-3.87 -0.93 -4.74 -0.44 0.00
-3.90 -0.92 -4.74 -0.38 0.00
-3.94 -0.91 -4.73 -0.30 0.00
-3.97 -0.91 -4.71 -0.23 0.00
-4.00 -0.88 -4.69 -0.16 0.00
-4.03 -0.85 -4.67 -0.08 0.00
-4.06 -0.82 -4.64 -0.01 0.00
-4.09 -0.80 -4.59 0.07 0.00
-4.12 -0.77 -4.53 0.14 0.00
-4.15 -0.74 -4.47 0.21 0.00
-4.17 -0.71 -4.41 0.26 0.00
-4.18 -0.68 -4.40 0.30 0.00
-4.19 -0.65 -4.42 0.32 0.00
-4.19 -0.65 -4.37 0.34 0.00
-4.20 -0.63 -4.23 0.37 0.00
-4.20 -0.57 -4.38 0.42 0.00
-4.20 -0.54 -4.34 0.45 0.00
-4.22 -0.52 -4.15 0.47 0.00
-4.23 -0.48 -4.09 0.50 0.00
-4.23 -0.46 -4.09 0.52 0.00
-4.24 -0.42 -4.04 0.56 0.00
-4.20 -0.38 -3.94 0.59 0.00
-4.19 -0.32 -3.95 0.65 0.00
-4.16 -0.25 -4.10 0.75 0.00
-4.14 -0.18 -4.06 0.82 0.00
-4.15 -0.21 -3.50 0.55 0.00
-4.11 -0.21 -3.17 0.13 0.00
-4.13 -0.16 -3.27 0.35 0.00
-4.13 -0.12 -3.36 0.52 0.00
-4.10 -0.09 -3.34 0.55 0.00
-4.07 -0.07 -3.28 0.54 0.00
-4.03 -0.04 -3.22 0.53 0.00
-4.00 -0.01 -3.16 0.52 0.00
-3.97 0.01 -3.10 0.52 0.00
-3.93 0.04 -3.04 0.50 0.00
-3.90 0.07 -2.99 0.48 0.00
-3.86 0.09 -2.94 0.49 0.00
-3.82 0.11 -2.88 0.45 0.00
-3.77 0.13 -2.81 0.41 0.00
-3.73 0.15 -2.75 0.36 0.00
-3.68 0.17 -2.69 0.31 0.00
-3.64 0.20 -2.64 0.26 0.00
-3.59 0.22 -2.59 0.20 0.00
-3.55 0.22 -2.55 0.18 0.00
-3.51 0.22 -2.51 0.19 0.00
-3.47 0.22 -2.47 0.18 0.00
-3.43 0.22 -2.43 0.18 0.00
-3.39 0.21 -2.39 0.16 0.00
-3.35 0.21 -2.35 0.14 0.00
-3.31 0.21 -2.31 0.14 0.00
-3.27 0.21 -2.27 0.12 0.00
-3.23 0.21 -2.23 0.10 0.00
-3.19 0.21 -2.20 0.03 0.00
-3.15 0.20 -2.17 -0.01 0.00
-3.11 0.20 -2.14 -0.06 0.00
-3.07 0.20 -2.11 -0.10 0.00
-3.03 0.19 -2.09 -0.14 0.00
-2.99 0.19 -2.06 -0.17 0.00
-2.95 0.17 -2.02 -0.21 0.00
-2.91 0.16 -1.98 -0.23 0.00
-2.87 0.14 -1.93 -0.22 0.00
-2.83 0.12 -1.88 -0.19 0.00
-2.79 0.11 -1.82 -0.15 0.00
-2.75 0.09 -1.77 -0.11 0.00
-2.71 0.07 -1.72 -0.07 0.00
-2.67 0.06 -1.67 -0.02 0.00
-2.63 0.04 -1.63 0.04 0.00
-2.59 0.03 -1.59 0.06 0.00
-2.55 0.03 -1.55 0.02 0.00
-2.51 0.03 -1.51 -0.04 0.00
-2.46 0.04 -1.48 -0.11 0.00
-2.42 0.04 -1.45 -0.17 0.00
-2.38 0.04 -1.42 -0.23 0.00
-2.34 0.04 -1.40 -0.28 0.00
-2.30 0.04 -1.37 -0.33 0.00
-2.26 0.03 -1.34 -0.35 0.00
-2.22 0.01 -1.30 -0.36 0.00
-2.18 -0.01 -1.24 -0.34 0.00
-2.14 -0.02 -1.19 -0.31 0.00
-2.10 -0.04 -1.13 -0.28 0.00
-2.07 -0.05 -1.08 -0.25 0.00
-2.03 -0.07 -1.04 -0.21 0.00
-1.98 -0.08 -0.99 -0.20 0.00
-1.95 -0.10 -0.95 -0.17 0.00
-1.91 -0.10 -0.91 -0.17 0.00
-1.87 -0.10 -0.87 -0.18 0.00
-1.83 -0.11 -0.83 -0.18 0.00
-1.80 -0.11 -0.80 -0.22 0.00
-1.77 -0.13 -0.78 -0.27 0.00
-1.68 -0.12 -0.69 -0.07 0.00
-1.68 -0.14 -0.69 -0.27 0.00
-1.61 -0.14 -0.61 -0.18 0.00
-1.58 -0.13 -0.58 -0.17 0.00
-1.54 -0.13 -0.54 -0.17 0.00
-1.51 -0.13 -0.51 -0.19 0.00
-1.47 -0.13 -0.47 -0.18 0.00
-1.43 -0.14 -0.43 -0.16 0.00
-1.39 -0.14 -0.39 -0.14 0.00
-1.35 -0.14 -0.35 -0.12 0.00
-1.31 -0.14 -0.31 -0.10 0.00
-1.27 -0.15 -0.27 -0.09 0.00
-1.23 -0.15 -0.23 -0.08 0.00
-1.19 -0.14 -0.19 -0.07 0.00
-1.15 -0.14 -0.15 -0.06 0.00
-1.11 -0.14 -0.11 -0.05 0.00
-1.07 -0.14 -0.07 -0.05 0.00
-1.03 -0.13 -0.03 -0.04 0.00
-0.99 -0.13 0.01 -0.04 0.00
-0.95 -0.13 0.05 -0.05 0.00
-0.91 -0.12 0.09 -0.05 0.00
-0.87 -0.12 0.13 -0.05 0.00
-0.83 -0.12 0.17 -0.05 0.00
-0.79 -0.11 0.21 -0.05 0.00
-0.75 -0.11 0.25 -0.05 0.00
-0.71 -0.11 0.29 -0.04 0.00
-0.67 -0.11 0.33 -0.04 0.00
-0.63 -0.10 0.36 -0.05 0.00
-0.59 -0.10 0.40 -0.03 0.00
-0.55 -0.10 0.44 -0.03 0.00
-0.51 -0.10 0.48 -0.03 0.00
-0.47 -0.09 0.52 -0.02 0.00
-0.43 -0.09 0.56 -0.02 0.00
-0.39 -0.09 0.60 -0.01 0.00
-0.35 -0.09 0.64 -0.02 0.00
-0.31 -0.08 0.68 -0.03 0.00
-0.27 -0.08 0.72 -0.04 0.00
-0.23 -0.08 0.77 -0.06 0.00
-0.19 -0.08 0.81 -0.08 0.00
-0.15 -0.07 0.85 -0.10 0.00
-0.11 -0.07 0.88 -0.12 0.00
-0.07 -0.07 0.92 -0.15 0.00
-0.03 -0.07 0.96 -0.18 0.00
0.00 -0.07 1.00 -0.17 0.00
0.04 -0.08 1.04 -0.17 0.00
0.08 -0.09 1.08 -0.17 0.00
0.12 -0.09 1.12 -0.16 0.00
0.16 -0.09 1.16 -0.18 0.00
0.20 -0.10 1.20 -0.18 0.00
0.24 -0.10 1.24 -0.18 0.00
0.28 -0.10 1.28 -0.16 0.00
0.33 -0.11 1.32 -0.14 0.00
0.37 -0.11 1.37 -0.11 0.00
0.41 -0.11 1.41 -0.07 0.00
0.45 -0.12 1.44 -0.03 0.00
0.48 -0.12 1.47 0.02 0.00
