-0.70 -0.10 -0.49 -1.08 0.00
-0.70 -0.10 -1.24 -0.94 1.00
-0.72 -0.13 -1.25 -0.98 0.00
-0.75 -0.17 -1.35 -0.97 0.00
-0.77 -0.21 -1.47 -0.93 0.00
-0.80 -0.25 -1.56 -0.89 0.00
-0.82 -0.29 -1.66 -0.83 0.00
-0.84 -0.33 -1.75 -0.75 0.00
-0.87 -0.37 -1.82 -0.67 0.00
-0.89 -0.41 -1.88 -0.56 0.00
-0.93 -0.42 -1.92 -0.56 0.00
-0.97 -0.42 -1.96 -0.55 0.00
-1.01 -0.43 -2.00 -0.55 0.00
-1.05 -0.44 -2.04 -0.56 0.00
-1.09 -0.44 -2.08 -0.58 0.00
-1.13 -0.45 -2.12 -0.61 0.00
-1.17 -0.45 -2.16 -0.63 0.00
-1.21 -0.46 -2.19 -0.65 0.00
-1.25 -0.46 -2.24 -0.61 0.00
-1.30 -0.47 -2.29 -0.61 0.00
-1.34 -0.48 -2.34 -0.60 0.00
-1.39 -0.49 -2.38 -0.59 0.00
-1.43 -0.49 -2.43 -0.58 0.00
-1.47 -0.50 -2.47 -0.58 0.00
-1.52 -0.50 -2.51 -0.57 0.00
-1.56 -0.51 -2.56 -0.55 0.00
-1.60 -0.51 -2.60 -0.54 0.00
-1.64 -0.51 -2.64 -0.53 0.00
-1.67 -0.51 -2.67 -0.50 0.00
-1.73 -0.51 -2.73 -0.52 0.00
-1.76 -0.51 -2.76 -0.49 0.00
-1.80 -0.51 -2.79 -0.46 0.00
-1.85 -0.51 -2.85 -0.44 0.00
-1.89 -0.51 -2.88 -0.44 0.00
-1.93 -0.51 -2.93 -0.53 0.00
-1.98 -0.51 -2.97 -0.63 0.00
-2.02 -0.50 -3.00 -0.72 0.00
-2.07 -0.50 -3.02 -0.81 0.00
-2.12 -0.50 -3.03 -0.90 0.00
-2.16 -0.50 -3.03 -0.99 0.00
-2.21 -0.50 -3.03 -1.06 0.00
-2.24 -0.52 -3.07 -1.08 0.00
-2.28 -0.54 -3.10 -1.11 0.00
-2.31 -0.57 -3.10 -1.18 0.00
-2.35 -0.59 -3.10 -1.25 0.00
-2.38 -0.61 -3.09 -1.32 0.00
-2.42 -0.64 -3.06 -1.40 0.00
-2.45 -0.66 -3.05 -1.47 0.00
-2.49 -0.69 -3.03 -1.53 0.00
-2.52 -0.71 -3.02 -1.58 0.00
-2.54 -0.75 -3.12 -1.57 0.00
-2.56 -0.78 -3.18 -1.57 0.00
-2.58 -0.82 -3.24 -1.57 0.00
-2.60 -0.85 -3.30 -1.57 0.00
-2.62 -0.89 -3.36 -1.56 0.00
-2.64 -0.92 -3.41 -1.56 0.00
-2.67 -0.95 -3.45 -1.58 0.00
-2.70 -0.97 -3.48 -1.60 0.00
-2.73 -1.00 -3.53 -1.60 0.00
-2.76 -1.01 -3.57 -1.59 0.00
-2.77 -1.04 -3.66 -1.50 0.00
-2.82 -1.09 -3.70 -1.57 0.00
-2.85 -1.10 -3.79 -1.45 0.00
-2.88 -1.12 -3.83 -1.44 0.00
-2.93 -1.15 -3.91 -1.34 0.00
-2.96 -1.18 -3.96 -1.24 0.00
-2.97 -1.21 -3.85 -0.73 1.00
-2.97 -1.23 -3.29 -0.28 1.00
-2.97 -1.23 -2.54 -0.33 1.00
-2.98 -1.23 -2.02 -0.95 1.00
-2.99 -1.24 -2.11 -1.72 1.00
-3.05 -1.32 -2.32 -2.00 1.00
-3.04 -1.38 -3.50 -2.27 1.00
-3.05 -1.38 -4.02 -1.62 1.00
-3.05 -1.38 -3.84 -0.77 1.00
-3.06 -1.37 -2.72 -0.43 1.00
-3.06 -1.33 -2.20 -0.83 1.00
-3.05 -1.41 -2.09 -1.66 1.00
-3.04 -1.42 -2.26 -2.05 1.00
-3.06 -1.52 -3.53 -2.40 1.00
-3.07 -1.54 -4.06 -1.68 1.00
-3.08 -1.50 -3.76 -0.76 1.00
-3.14 -1.45 -3.89 -0.79 1.00
-3.12 -1.41 -2.95 -0.43 1.00
-3.07 -1.41 -2.26 -0.83 1.00
-3.08 -1.40 -2.09 -1.29 1.00
-3.06 -1.43 -2.79 -2.39 1.00
-3.08 -1.43 -3.68 -2.23 1.00
-3.07 -1.39 -4.06 -1.48 1.00
-3.06 -1.31 -3.85 -0.70 1.00
-3.09 -1.35 -3.19 -0.35 1.00
-3.09 -1.36 -2.40 -0.64 1.00
-3.06 -1.32 -2.17 -0.86 1.00
-3.05 -1.32 -2.12 -1.68 1.00
-3.06 -1.29 -2.59 -2.17 1.00
-3.09 -1.30 -3.46 -2.24 1.00
-3.12 -1.33 -3.90 -1.95 1.00
-3.09 -1.33 -4.05 -1.05 1.00
-3.08 -1.30 -3.24 -0.32 1.00
-3.10 -1.30 -2.52 -0.48 1.00
-3.12 -1.29 -2.15 -1.06 1.00
-3.06 -1.31 -2.20 -1.81 1.00
-3.04 -1.39 -2.63 -2.30 1.00
-3.06 -1.43 -3.81 -2.10 1.00
-3.13 -1.45 -4.12 -1.55 1.00
-3.14 -1.40 -3.64 -0.53 1.00
-3.15 -1.46 -3.10 -0.46 1.00
-3.17 -1.44 -2.53 -0.67 1.00
-3.17 -1.44 -2.18 -1.27 1.00
-3.23 -1.44 -2.67 -2.27 1.00
-3.24 -1.48 -3.56 -2.43 1.00
-3.29 -1.46 -4.29 -1.56 1.00
-3.25 -1.43 -3.84 -0.62 1.00
-3.23 -1.41 -3.45 -0.43 1.00
-3.20 -1.33 -2.84 -0.40 1.00
-3.10 -1.29 -2.34 -0.64 1.00
-3.18 -1.30 -2.24 -1.64 1.00
-3.15 -1.38 -2.64 -2.23 1.00
-3.19 -1.43 -3.75 -2.26 1.00
-3.24 -1.43 -4.24 -1.32 1.00
-3.28 -1.34 -3.78 -0.48 1.00
-3.30 -1.29 -3.51 -0.32 1.00
-3.32 -1.33 -3.35 -0.33 1.00
-3.30 -1.29 -2.53 -0.65 1.00
-3.27 -1.29 -2.34 -1.67 1.00
-3.29 -1.29 -2.71 -2.11 1.00
-3.29 -1.36 -3.89 -2.16 1.00
-3.28 -1.36 -3.72 -2.26 1.00
-3.32 -1.44 -3.80 -2.32 1.00
-3.29 -1.44 -4.21 -1.05 1.00
-3.25 -1.47 -3.86 -0.68 1.00
-3.22 -1.46 -3.04 -0.47 1.00
-3.15 -1.44 -2.39 -0.80 1.00
-3.13 -1.39 -2.13 -1.40 1.00
-3.08 -1.43 -2.26 -2.01 1.00
-3.09 -1.47 -3.02 -2.47 1.00
-3.12 -1.51 -3.76 -2.28 1.00
-3.04 -1.51 -4.04 -1.53 1.00
-3.05 -1.48 -3.92 -0.97 1.00
-3.12 -1.41 -3.43 -0.46 1.00
-3.10 -1.42 -2.27 -0.86 1.00
-3.12 -1.41 -2.16 -1.69 1.00
-3.11 -1.43 -2.91 -2.42 1.00
-3.05 -1.35 -3.82 -1.98 1.00
-3.04 -1.40 -4.03 -1.22 1.00
-3.06 -1.36 -3.73 -0.62 1.00
-3.04 -1.29 -2.69 -0.36 1.00
-3.04 -1.30 -2.15 -0.84 1.00
-3.04 -1.33 -2.04 -1.31 1.00
-3.04 -1.33 -2.27 -1.97 1.00
-3.05 -1.33 -3.52 -2.21 1.00
-3.08 -1.32 -4.00 -1.72 1.00
-3.15 -1.34 -4.15 -1.32 1.00
-3.17 -1.29 -4.00 -0.73 1.00
-3.15 -1.30 -4.11 -1.02 1.00
-3.16 -1.31 -3.65 -0.44 1.00
-3.14 -1.29 -2.86 -0.33 1.00
-3.16 -1.32 -2.19 -1.10 1.00
-3.08 -1.32 -2.25 -1.88 1.00
-3.09 -1.29 -2.94 -2.28 1.00
-3.07 -1.30 -3.36 -2.25 1.00
-3.06 -1.30 -3.98 -1.68 1.00
-3.05 -1.29 -4.05 -1.36 1.00
-3.04 -1.30 -3.77 -0.62 1.00
-3.04 -1.28 -2.50 -0.44 1.00
-3.08 -1.31 -2.20 -0.82 1.00
-3.13 -1.30 -2.13 -1.36 1.00
-3.14 -1.32 -2.33 -1.90 1.00
-3.12 -1.32 -2.65 -2.20 1.00
-3.13 -1.34 -3.58 -2.23 1.00
-3.13 -1.32 -4.09 -1.59 1.00
-3.19 -1.30 -4.06 -0.81 1.00
-3.19 -1.29 -3.48 -0.34 1.00
-3.17 -1.30 -2.85 -0.35 1.00
-3.11 -1.30 -2.21 -0.87 1.00
-3.09 -1.29 -2.10 -1.40 1.00
-3.05 -1.32 -3.07 -2.32 1.00
-3.08 -1.34 -4.07 -1.53 1.00
-3.04 -1.36 -3.76 -0.66 1.00
-3.05 -1.29 -2.69 -0.36 1.00
-3.05 -1.29 -2.42 -0.52 1.00
-3.04 -1.29 -2.20 -0.75 1.00
-3.04 -1.29 -2.18 -0.78 1.00
-3.04 -1.29 -2.05 -1.18 1.00
-3.04 -1.31 -2.36 -2.04 1.00
-3.04 -1.30 -3.12 -2.30 1.00
-3.06 -1.36 -3.77 -2.07 1.00
-3.06 -1.36 -4.05 -1.42 1.00
-3.07 -1.36 -3.97 -0.92 1.00
-3.05 -1.30 -3.04 -0.30 1.00
-3.06 -1.33 -2.51 -0.49 1.00
-3.07 -1.33 -2.14 -0.97 1.00
-3.08 -1.30 -2.10 -1.48 1.00
-3.07 -1.36 -3.17 -2.35 1.00
-3.05 -1.33 -3.90 -1.86 1.00
-3.07 -1.32 -4.04 -1.59 1.00
-3.09 -1.31 -4.08 -1.46 1.00
-3.06 -1.30 -3.64 -0.48 1.00
-3.05 -1.29 -2.68 -0.36 1.00
-3.04 -1.29 -2.17 -0.81 1.00
-3.04 -1.29 -2.12 -0.90 1.00
-3.04 -1.30 -2.07 -1.08 1.00
-3.08 -1.29 -2.18 -1.73 1.00
-3.10 -1.32 -3.11 -2.32 1.00
-3.08 -1.38 -3.67 -2.19 1.00
-3.10 -1.39 -4.09 -1.49 1.00
-3.09 -1.38 -3.68 -0.58 1.00
-3.07 -1.42 -2.81 -0.46 1.00
-3.04 -1.40 -2.22 -0.83 1.00
-3.04 -1.40 -2.04 -1.38 1.00
-3.05 -1.43 -2.20 -1.95 1.00
-3.06 -1.38 -2.94 -2.37 1.00
-3.09 -1.39 -3.68 -2.20 1.00
-3.17 -1.37 -4.17 -1.36 1.00
-3.17 -1.36 -3.20 -0.36 1.00
-3.11 -1.33 -2.18 -0.95 1.00
-3.14 -1.29 -2.33 -1.87 1.00
-3.15 -1.36 -2.82 -2.31 1.00
-3.11 -1.34 -3.26 -2.33 1.00
-3.10 -1.33 -3.56 -2.23 1.00
-3.08 -1.34 -3.90 -1.91 1.00
-3.05 -1.32 -4.05 -1.36 1.00
-3.15 -1.33 -4.05 -0.89 1.00
-3.19 -1.29 -3.53 -0.35 1.00
-3.17 -1.30 -2.86 -0.34 1.00
-3.12 -1.31 -2.28 -0.76 1.00
-3.09 -1.30 -2.09 -1.40 1.00
-3.06 -1.35 -2.78 -2.32 1.00
-3.06 -1.30 -3.63 -2.13 1.00
-3.06 -1.30 -4.02 -1.60 1.00
-3.04 -1.29 -3.94 -0.85 1.00
-3.05 -1.29 -3.16 -0.29 1.00
-3.04 -1.29 -2.45 -0.48 1.00
-3.04 -1.30 -2.26 -0.68 1.00
-3.05 -1.29 -2.14 -0.88 1.00
-3.04 -1.29 -2.05 -1.15 1.00
-3.04 -1.31 -2.68 -2.24 1.00
-3.04 -1.34 -3.64 -2.14 1.00
-3.08 -1.33 -4.05 -1.60 1.00
-3.15 -1.29 -3.68 -0.45 1.00
-3.12 -1.30 -2.77 -0.36 1.00
-3.18 -1.30 -2.29 -0.83 1.00
-3.14 -1.30 -2.15 -1.47 1.00
-3.12 -1.30 -2.39 -1.98 1.00
-3.12 -1.34 -3.11 -2.34 1.00
-3.19 -1.41 -3.65 -2.30 1.00
-3.22 -1.47 -4.11 -1.93 1.00
-3.28 -1.49 -4.28 -1.47 1.00
-3.34 -1.42 -4.04 -0.69 1.00
-3.37 -1.32 -3.28 -0.33 1.00
-3.34 -1.29 -3.69 -0.35 1.00
-3.33 -1.31 -2.91 -0.41 1.00
-3.33 -1.32 -2.41 -0.93 1.00
-3.28 -1.33 -2.30 -1.54 1.00
-3.29 -1.31 -2.94 -2.24 1.00
-3.36 -1.36 -4.15 -1.96 1.00
-3.26 -1.36 -4.25 -1.23 1.00
-3.27 -1.32 -3.38 -0.33 1.00
-3.28 -1.35 -2.77 -0.49 1.00
-3.21 -1.32 -2.48 -0.64 1.00
-3.25 -1.34 -2.29 -1.63 1.00
-3.20 -1.39 -2.76 -2.29 1.00
-3.19 -1.46 -3.13 -2.45 1.00
-3.13 -1.46 -4.03 -1.89 1.00
-3.22 -1.42 -4.18 -1.12 1.00
-3.24 -1.37 -3.79 -0.53 1.00
-3.28 -1.33 -3.04 -0.36 1.00
-3.28 -1.31 -2.78 -0.45 1.00
-3.30 -1.32 -2.45 -0.79 1.00
-3.24 -1.29 -2.24 -1.37 1.00
-3.22 -1.31 -2.47 -1.96 1.00
-3.20 -1.36 -3.84 -2.13 1.00
-3.23 -1.36 -4.23 -1.44 1.00
-3.25 -1.34 -3.88 -0.57 1.00
-3.27 -1.29 -3.36 -0.30 1.00
-3.26 -1.30 -2.61 -0.54 1.00
-3.32 -1.30 -2.49 -0.74 1.00
-3.28 -1.30 -2.30 -1.51 1.00
-3.23 -1.32 -3.37 -2.31 1.00
-3.23 -1.33 -3.97 -1.99 1.00
-3.24 -1.37 -4.24 -1.36 1.00
-3.22 -1.39 -3.69 -0.50 1.00
-3.19 -1.40 -3.34 -0.41 1.00
-3.20 -1.41 -2.91 -0.45 1.00
-3.14 -1.37 -2.31 -0.81 1.00
-3.10 -1.38 -2.10 -1.39 1.00
-3.09 -1.40 -2.36 -2.08 1.00
-3.10 -1.47 -2.94 -2.46 1.00
-3.07 -1.44 -3.85 -2.06 1.00
-3.08 -1.43 -4.08 -1.41 1.00
-3.07 -1.39 -2.95 -0.40 1.00
-3.05 -1.40 -2.56 -0.53 1.00
-3.04 -1.38 -2.37 -0.63 1.00
-3.07 -1.36 -2.11 -1.63 1.00
-3.03 -1.46 -2.99 -2.46 1.00
-3.05 -1.36 -3.83 -1.98 1.00
-3.13 -1.35 -4.12 -1.50 1.00
-3.18 -1.36 -3.58 -0.45 1.00
-3.14 -1.35 -2.23 -0.92 1.00
-3.09 -1.36 -2.15 -1.71 1.00
-3.13 -1.36 -2.62 -2.22 1.00
-3.09 -1.35 -3.59 -2.22 1.00
-3.10 -1.35 -4.07 -1.60 1.00
-3.21 -1.34 -4.14 -1.71 1.00
-3.25 -1.31 -4.25 -1.20 1.00
-3.26 -1.29 -3.67 -0.38 1.00
-3.23 -1.30 -3.00 -0.32 1.00
-3.19 -1.29 -2.58 -0.50 1.00
-3.16 -1.29 -2.18 -1.09 1.00
-3.13 -1.34 -2.28 -1.86 1.00
-3.14 -1.32 -3.02 -2.31 1.00
-3.13 -1.31 -3.58 -2.21 1.00
-3.21 -1.33 -4.21 -1.45 1.00
-3.21 -1.31 -4.18 -1.08 1.00
-3.24 -1.29 -4.21 -1.05 1.00
-3.21 -1.32 -4.18 -1.07 1.00
-3.24 -1.29 -3.41 -0.31 1.00
-3.23 -1.29 -2.50 -0.61 1.00
-3.20 -1.33 -2.24 -1.63 1.00
-3.16 -1.36 -2.37 -1.97 1.00
-3.16 -1.35 -3.12 -2.35 1.00
-3.18 -1.34 -3.66 -2.22 1.00
-3.17 -1.31 -4.16 -1.43 1.00
-3.21 -1.29 -4.07 -0.79 1.00
-3.19 -1.29 -3.38 -0.31 1.00
-3.17 -1.30 -2.62 -0.46 1.00
-3.16 -1.29 -2.20 -1.01 1.00
-3.14 -1.29 -2.14 -1.21 1.00
-3.11 -1.34 -2.19 -1.72 1.00
-3.06 -1.36 -2.13 -1.72 1.00
-3.06 -1.46 -3.19 -2.45 1.00
-3.04 -1.40 -3.83 -2.01 1.00
-3.10 -1.46 -4.08 -1.23 1.00
-3.08 -1.47 -3.31 -0.50 1.00
-3.04 -1.44 -2.39 -0.68 1.00
-3.04 -1.41 -2.16 -0.92 1.00
-3.04 -1.43 -2.07 -1.69 1.00
-3.04 -1.42 -2.36 -2.15 1.00
-3.04 -1.45 -2.92 -2.44 1.00
-3.04 -1.37 -3.73 -2.10 1.00
-3.06 -1.37 -4.04 -1.57 1.00
-3.05 -1.34 -3.67 -0.55 1.00
-3.05 -1.28 -3.06 -0.28 1.00
-3.06 -1.30 -2.28 -0.67 1.00
-3.04 -1.36 -2.07 -1.59 1.00
-3.04 -1.44 -2.88 -2.43 1.00
-3.04 -1.46 -3.60 -2.28 1.00
-3.09 -1.40 -4.09 -1.46 1.00
-3.07 -1.39 -3.71 -0.62 1.00
-3.07 -1.44 -2.74 -0.50 1.00
-3.09 -1.45 -2.38 -0.74 1.00
-3.05 -1.40 -2.09 -1.12 1.00
-3.07 -1.37 -2.14 -1.73 1.00
-3.07 -1.36 -3.17 -2.36 1.00
-3.04 -1.35 -3.83 -1.96 1.00
-3.19 -1.45 -4.19 -1.49 1.00
-3.15 -1.43 -4.07 -1.04 1.00
-3.19 -1.41 -3.54 -0.47 1.00
-3.18 -1.30 -2.81 -0.37 1.00
-3.20 -1.30 -2.38 -0.72 1.00
-3.05 -1.37 -2.05 -1.41 1.00
-3.10 -1.28 -2.56 -2.13 1.00
-3.09 -1.31 -3.18 -2.31 1.00
-3.09 -1.34 -3.84 -2.01 1.00
-3.08 -1.33 -3.98 -1.76 1.00
-3.07 -1.33 -4.07 -1.42 1.00
-3.11 -1.32 -3.87 -0.67 1.00
-3.13 -1.37 -3.17 -0.37 1.00
-3.13 -1.35 -2.14 -1.20 1.00
-3.09 -1.38 -2.23 -1.88 1.00
-3.10 -1.40 -2.64 -2.29 1.00
-3.07 -1.34 -3.24 -2.33 1.00
-3.12 -1.39 -3.72 -2.19 1.00
-3.05 -1.38 -4.03 -1.58 1.00
-3.06 -1.40 -3.90 -0.85 1.00
-3.03 -1.44 -3.10 -0.44 1.00
-3.05 -1.40 -2.28 -0.76 1.00
-3.04 -1.33 -2.04 -1.40 1.00
-3.05 -1.36 -2.27 -1.98 1.00
-3.06 -1.37 -3.61 -2.20 1.00
-3.06 -1.37 -4.00 -1.71 1.00
-3.09 -1.37 -4.08 -1.48 1.00
-3.08 -1.34 -3.85 -0.71 1.00
-3.08 -1.33 -3.21 -0.34 1.00
-3.08 -1.33 -2.83 -0.36 1.00
-3.06 -1.31 -2.26 -0.71 1.00
-3.05 -1.31 -2.05 -1.26 1.00
-3.05 -1.30 -2.93 -2.29 1.00
-3.07 -1.33 -3.59 -2.18 1.00
-3.08 -1.34 -3.98 -1.78 1.00
-3.05 -1.32 -4.05 -1.32 1.00
-3.04 -1.34 -3.94 -0.90 1.00
-3.03 -1.33 -3.33 -0.38 1.00
-3.06 -1.32 -2.36 -0.61 1.00
-3.05 -1.30 -2.27 -0.68 1.00
-3.04 -1.29 -2.15 -0.84 1.00
-3.04 -1.29 -2.07 -1.07 1.00
-3.08 -1.29 -2.20 -1.76 1.00
-3.06 -1.40 -2.77 -2.36 1.00
-3.06 -1.43 -3.80 -2.11 1.00
-3.07 -1.45 -4.07 -1.54 1.00
-3.06 -1.51 -4.00 -1.18 1.00
-3.06 -1.49 -3.61 -0.66 1.00
-3.04 -1.48 -2.45 -0.67 1.00
-3.04 -1.46 -2.08 -1.20 1.00
-3.05 -1.48 -2.39 -2.23 1.00
-3.03 -1.50 -2.96 -2.50 1.00
-3.08 -1.43 -3.78 -2.15 1.00
-3.07 -1.47 -4.06 -1.37 1.00
-3.07 -1.50 -3.90 -0.96 1.00
-3.06 -1.49 -3.27 -0.51 1.00
-3.03 -1.45 -2.31 -0.76 1.00
-3.03 -1.43 -2.23 -0.84 1.00
-3.04 -1.43 -2.04 -1.35 1.00
-3.04 -1.43 -2.20 -1.97 1.00
-3.04 -1.47 -2.89 -2.46 1.00
-3.04 -1.43 -3.61 -2.25 1.00
-3.07 -1.41 -4.07 -1.43 1.00
-3.11 -1.33 -3.88 -0.69 1.00
-3.09 -1.29 -2.96 -0.29 1.00
-3.06 -1.30 -2.52 -0.46 1.00
-3.04 -1.29 -2.22 -0.72 1.00
-3.05 -1.30 -2.10 -0.98 1.00
-3.04 -1.31 -2.09 -1.62 1.00
-3.04 -1.29 -2.67 -2.22 1.00
-3.05 -1.34 -3.55 -2.21 1.00
-3.06 -1.35 -4.05 -1.51 1.00
-3.10 -1.33 -4.07 -1.06 1.00
-3.09 -1.31 -3.21 -0.32 1.00
-3.07 -1.29 -2.60 -0.41 1.00
-3.13 -1.33 -2.13 -1.41 1.00
-3.09 -1.36 -2.36 -2.05 1.00
-3.08 -1.37 -3.48 -2.29 1.00
-3.05 -1.36 -3.96 -1.79 1.00
-3.16 -1.39 -4.13 -1.12 1.00
-3.11 -1.41 -3.28 -0.42 1.00
-3.05 -1.38 -2.28 -0.74 1.00
-3.04 -1.38 -2.04 -1.30 1.00
-3.06 -1.40 -2.15 -1.81 1.00
-3.04 -1.41 -2.97 -2.40 1.00
-3.06 -1.42 -3.66 -2.22 1.00
-3.09 -1.40 -4.09 -1.29 1.00
-3.09 -1.38 -3.63 -0.54 1.00
-3.07 -1.47 -2.72 -0.54 1.00
-3.03 -1.43 -2.04 -1.32 1.00
-3.06 -1.42 -2.37 -2.15 1.00
-3.05 -1.40 -3.32 -2.36 1.00
-3.04 -1.36 -3.96 -1.76 1.00
-3.05 -1.35 -4.03 -1.15 1.00
-3.06 -1.29 -2.86 -0.31 1.00
-3.05 -1.33 -2.43 -0.54 1.00
-3.04 -1.32 -2.05 -1.22 1.00
-3.04 -1.32 -2.25 -1.94 1.00
-3.04 -1.29 -2.70 -2.23 1.00
-3.04 -1.29 -3.45 -2.20 1.00
-3.14 -1.33 -4.02 -1.82 1.00
-3.12 -1.34 -3.96 -1.88 1.00
-3.17 -1.29 -3.75 -0.48 1.00
-3.19 -1.33 -2.93 -0.36 1.00
-3.20 -1.29 -2.47 -0.61 1.00
-3.22 -1.30 -2.23 -1.14 1.00
-3.23 -1.30 -2.50 -1.99 1.00
-3.23 -1.30 -3.22 -2.30 1.00
-3.22 -1.30 -3.91 -2.02 1.00
-3.29 -1.31 -4.25 -1.59 1.00
-3.31 -1.29 -4.14 -0.73 1.00
-3.32 -1.33 -3.33 -0.33 1.00
-3.34 -1.40 -2.60 -0.74 1.00
-3.33 -1.38 -2.33 -1.35 1.00
-3.31 -1.38 -2.57 -2.05 1.00
-3.32 -1.38 -3.23 -2.37 1.00
-3.33 -1.38 -3.96 -2.15 1.00
-3.34 -1.37 -4.34 -1.40 1.00
-3.35 -1.35 -4.07 -0.66 1.00
-3.35 -1.34 -3.38 -0.34 1.00
-3.34 -1.32 -2.68 -0.57 1.00
-3.32 -1.32 -2.32 -1.29 1.00
-3.33 -1.31 -2.57 -1.97 1.00
-3.32 -1.33 -3.30 -2.33 1.00
-3.33 -1.34 -4.02 -2.06 1.00
-3.34 -1.34 -4.34 -1.39 1.00
-3.34 -1.32 -4.05 -0.61 1.00
-3.33 -1.29 -3.38 -0.29 1.00
-3.33 -1.29 -2.66 -0.54 1.00
-3.32 -1.29 -2.33 -1.22 1.00
-3.33 -1.29 -2.55 -1.93 1.00
-3.32 -1.31 -3.21 -2.30 1.00
-3.32 -1.31 -3.90 -2.12 1.00
-3.32 -1.29 -4.29 -1.52 1.00
-3.31 -1.29 -4.15 -0.75 1.00
-3.31 -1.29 -3.56 -0.32 1.00
-3.31 -1.29 -2.80 -0.43 1.00
-3.30 -1.29 -2.33 -1.04 1.00
-3.29 -1.29 -2.42 -1.79 1.00
-3.28 -1.31 -3.04 -2.27 1.00
-3.29 -1.31 -3.80 -2.17 1.00
-3.32 -1.31 -4.29 -1.53 1.00
-3.32 -1.30 -4.18 -0.79 1.00
-3.33 -1.30 -3.59 -0.33 1.00
-3.32 -1.29 -2.86 -0.41 1.00
-3.32 -1.29 -2.37 -0.98 1.00
-3.31 -1.29 -2.41 -1.72 1.00
