-1.20 -2.00 -2.00 -1.40 0.00
-1.23 -1.98 -2.04 -1.38 0.00
-1.27 -1.95 -2.07 -1.34 0.00
-1.31 -1.92 -2.09 -1.30 0.00
-1.34 -1.90 -2.13 -1.28 0.00
-1.38 -1.87 -2.16 -1.24 0.00
-1.41 -1.85 -2.18 -1.20 0.00
-1.45 -1.82 -2.22 -1.18 0.00
-1.48 -1.79 -2.24 -1.14 0.00
-1.52 -1.76 -2.28 -1.12 0.00
-1.55 -1.73 -2.32 -1.10 0.00
-1.58 -1.70 -2.36 -1.07 0.00
-1.62 -1.68 -2.40 -1.05 0.00
-1.65 -1.65 -2.45 -1.04 0.00
-1.68 -1.62 -2.49 -1.03 0.00
-1.71 -1.59 -2.54 -1.03 0.00
-1.75 -1.57 -2.58 -1.01 0.00
-1.75 -1.59 -1.94 -0.61 1.00
-1.75 -1.59 -1.19 -0.77 1.00
-1.75 -1.59 -0.77 -1.42 1.00
-1.75 -1.59 -0.93 -2.16 1.00
-1.72 -1.62 -0.90 -2.18 0.00
-1.69 -1.64 -0.86 -2.20 0.00
-1.66 -1.66 -0.81 -2.20 0.00
-1.63 -1.69 -0.77 -2.20 0.00
-1.59 -1.71 -0.73 -2.21 0.00
-1.56 -1.73 -0.68 -2.21 0.00
-1.53 -1.75 -0.64 -2.21 0.00
-1.50 -1.77 -0.61 -2.23 0.00
-1.46 -1.79 -0.57 -2.23 0.00
-1.43 -1.81 -0.51 -2.21 0.00
-1.40 -1.83 -0.44 -2.12 0.00
-1.36 -1.84 -0.37 -2.01 0.00
-1.33 -1.86 -0.33 -1.88 0.00
-1.29 -1.88 -0.30 -1.76 0.00
-1.26 -1.89 -0.29 -1.64 0.00
-1.22 -1.91 -0.30 -1.53 0.00
-1.19 -1.90 -0.27 -1.51 0.00
-1.15 -1.88 -0.24 -1.47 0.00
-1.11 -1.87 -0.21 -1.44 0.00
-1.08 -1.86 -0.18 -1.41 0.00
-1.04 -1.84 -0.15 -1.38 0.00
-1.00 -1.82 -0.12 -1.36 0.00
-0.97 -1.81 -0.09 -1.33 0.00
-0.93 -1.79 -0.06 -1.30 0.00
-0.90 -1.77 -0.04 -1.25 0.00
-0.86 -1.75 -0.03 -1.20 0.00
-0.83 -1.74 -0.02 -1.14 0.00
-0.79 -1.72 -0.03 -1.07 0.00
-0.74 -1.73 -0.06 -0.99 0.00
-0.73 -1.70 -0.08 -0.94 0.00
-0.72 -1.67 -0.03 -0.95 0.00
-0.70 -1.66 -0.02 -0.92 0.00
-0.68 -1.68 0.32 -1.66 1.00
-0.63 -1.68 0.37 -1.62 0.00
-0.60 -1.68 0.40 -1.65 0.00
-0.56 -1.68 0.44 -1.63 0.00
-0.52 -1.68 0.48 -1.61 0.00
-0.48 -1.68 0.51 -1.59 0.00
-0.45 -1.68 0.55 -1.58 0.00
-0.41 -1.68 0.58 -1.55 0.00
-0.37 -1.67 0.62 -1.53 0.00
-0.34 -1.67 0.65 -1.50 0.00
-0.30 -1.67 0.66 -1.41 0.00
-0.27 -1.66 0.67 -1.30 0.00
-0.23 -1.66 0.65 -1.19 0.00
-0.20 -1.66 0.61 -1.07 0.00
-0.16 -1.65 0.57 -0.96 0.00
-0.13 -1.64 0.50 -0.86 0.00
-0.10 -1.63 0.44 -0.79 0.00
-0.10 -1.63 0.88 -1.42 1.00
-0.10 -1.63 0.74 -2.17 1.00
-0.07 -1.65 0.77 -2.20 0.00
-0.04 -1.67 0.78 -2.25 0.00
-0.00 -1.69 0.82 -2.26 0.00
0.03 -1.72 0.85 -2.28 0.00
0.06 -1.74 0.89 -2.29 0.00
0.09 -1.76 0.93 -2.30 0.00
0.12 -1.78 0.97 -2.31 0.00
0.15 -1.80 1.01 -2.32 0.00
0.18 -1.82 1.05 -2.32 0.00
0.21 -1.84 1.08 -2.33 0.00
0.24 -1.86 1.12 -2.32 0.00
0.26 -1.88 1.18 -2.27 0.00
0.29 -1.89 1.25 -2.19 0.00
0.32 -1.91 1.31 -2.06 0.00
0.35 -1.93 1.35 -1.89 0.00
0.38 -1.94 1.33 -1.63 0.00
0.38 -1.94 1.28 -2.39 1.00
0.40 -1.96 1.31 -2.38 0.00
0.44 -2.03 1.43 -2.07 0.00
0.48 -2.00 1.44 -2.27 0.00
0.52 -2.02 1.49 -2.25 0.00
0.55 -2.03 1.54 -2.21 0.00
0.58 -2.05 1.58 -2.16 0.00
0.62 -2.06 1.62 -2.12 0.00
0.67 -2.07 1.66 -2.13 0.00
0.71 -2.07 1.71 -2.17 0.00
0.73 -2.07 1.73 -2.12 0.00
0.76 -2.08 1.76 -2.02 0.00
0.84 -2.09 1.81 -1.84 0.00
0.87 -2.09 1.78 -1.68 0.00
0.90 -2.09 1.70 -1.49 0.00
0.93 -2.10 1.60 -1.36 0.00
0.94 -2.09 1.45 -1.23 0.00
0.94 -2.09 1.91 -1.85 1.00
0.98 -2.08 1.87 -1.61 0.00
1.03 -2.07 1.84 -1.48 0.00
1.07 -2.06 1.78 -1.35 0.00
1.10 -2.05 1.67 -1.23 0.00
1.14 -2.05 1.57 -1.14 0.00
1.18 -2.04 1.47 -1.08 0.00
1.20 -2.01 1.48 -1.05 0.00
1.20 -1.97 1.46 -1.00 0.00
1.21 -1.93 1.48 -0.96 0.00
1.23 -1.89 1.41 -0.91 0.00
1.24 -1.86 1.37 -0.87 0.00
1.24 -1.82 1.26 -0.82 0.00
1.25 -1.77 1.15 -0.78 0.00
1.26 -1.76 1.18 -0.76 0.00
1.24 -1.69 0.85 -0.77 0.00
1.28 -1.69 1.10 -0.71 0.00
1.28 -1.68 1.88 -0.89 1.00
1.27 -1.68 2.27 -1.57 1.00
1.28 -1.68 2.12 -2.22 1.00
1.28 -1.68 1.56 -2.64 1.00
1.29 -1.71 1.51 -2.68 0.00
1.29 -1.75 1.41 -2.75 0.00
1.30 -1.80 1.31 -2.80 0.00
1.32 -1.82 1.39 -2.82 0.00
1.33 -1.85 1.22 -2.85 0.00
1.34 -1.91 1.25 -2.90 0.00
1.35 -1.94 1.18 -2.92 0.00
1.36 -1.99 1.15 -2.96 0.00
1.35 -2.03 1.18 -3.01 0.00
1.32 -2.06 1.13 -3.04 0.00
1.33 -2.10 1.06 -3.06 0.00
1.31 -2.14 0.93 -3.07 0.00
1.28 -2.18 0.80 -3.06 0.00
1.31 -2.21 0.70 -3.01 0.00
1.29 -2.25 0.58 -2.96 0.00
1.29 -2.29 0.46 -2.85 0.00
1.25 -2.31 0.40 -2.84 0.00
1.22 -2.34 0.38 -2.89 0.00
1.18 -2.36 0.32 -2.89 0.00
1.14 -2.39 0.29 -2.91 0.00
1.10 -2.41 0.22 -2.89 0.00
1.06 -2.44 0.16 -2.87 0.00
1.02 -2.46 0.10 -2.85 0.00
0.98 -2.48 0.04 -2.82 0.00
0.94 -2.51 -0.01 -2.80 0.00
0.91 -2.53 -0.06 -2.78 0.00
0.88 -2.55 -0.09 -2.78 0.00
0.85 -2.56 -0.14 -2.73 0.00
0.83 -2.59 -0.15 -2.76 0.00
0.76 -2.57 -0.21 -2.82 0.00
0.71 -2.57 -0.23 -2.91 0.00
0.65 -2.60 -0.33 -2.80 0.00
0.62 -2.60 -0.36 -2.83 0.00
0.57 -2.61 -0.41 -2.79 0.00
0.52 -2.61 -0.47 -2.72 0.00
0.47 -2.62 -0.53 -2.65 0.00
0.39 -2.64 -0.61 -2.71 0.00
0.41 -2.65 -0.58 -2.80 0.00
0.38 -2.66 -0.62 -2.77 0.00
0.33 -2.67 -0.66 -2.74 0.00
0.29 -2.68 -0.70 -2.72 0.00
0.25 -2.69 -0.75 -2.70 0.00
0.21 -2.69 -0.79 -2.68 0.00
0.17 -2.69 -0.83 -2.66 0.00
0.13 -2.69 -0.87 -2.66 0.00
0.09 -2.69 -0.91 -2.65 0.00
0.05 -2.69 -0.94 -2.64 0.00
0.02 -2.69 -0.98 -2.65 0.00
0.02 -2.67 -0.98 -2.65 0.00
-0.06 -2.69 -1.06 -2.56 0.00
-0.09 -2.70 -1.08 -2.54 0.00
-0.11 -2.70 -1.08 -2.48 0.00
-0.16 -2.69 -1.11 -2.40 0.00
-0.21 -2.68 -1.17 -2.38 0.00
-0.25 -2.67 -1.20 -2.36 0.00
-0.28 -2.66 -1.22 -2.33 0.00
-0.32 -2.67 -1.24 -2.28 0.00
-0.37 -2.64 -1.30 -2.26 0.00
-0.40 -2.62 -1.32 -2.22 0.00
-0.47 -2.59 -1.43 -2.30 0.00
-0.52 -2.59 -1.47 -2.27 0.00
-0.52 -2.58 -1.46 -2.23 0.00
-0.53 -2.56 -1.48 -2.25 0.00
-0.59 -2.54 -1.56 -2.29 0.00
-0.57 -2.53 -1.12 -1.70 1.00
-0.55 -2.52 -0.91 -1.58 0.00
-0.61 -2.42 -1.28 -1.68 0.00
-0.63 -2.39 -1.21 -1.57 0.00
-0.67 -2.33 -1.41 -1.65 0.00
-0.55 -2.30 -0.26 -1.34 0.00
-0.75 -2.24 -1.55 -1.64 0.00
-0.75 -2.24 -1.37 -1.45 0.00
-0.77 -2.22 -1.38 -1.43 0.00
-0.80 -2.19 -1.40 -1.39 0.00
-0.83 -2.15 -1.42 -1.35 0.00
-0.85 -2.12 -1.44 -1.31 0.00
-0.88 -2.09 -1.47 -1.28 0.00
-0.90 -2.05 -1.49 -1.25 0.00
-0.93 -2.02 -1.52 -1.21 0.00
-0.95 -1.98 -1.55 -1.18 0.00
-0.98 -1.95 -1.61 -1.18 0.00
-1.01 -1.91 -1.70 -1.18 0.00
-1.04 -1.87 -1.78 -1.19 0.00
-1.08 -1.83 -1.87 -1.22 0.00
-1.11 -1.79 -1.95 -1.25 0.00
-1.14 -1.75 -2.03 -1.29 0.00
-1.17 -1.70 -2.11 -1.36 0.00
-1.21 -1.66 -2.18 -1.43 0.00
-1.25 -1.65 -2.22 -1.43 0.00
-1.29 -1.64 -2.26 -1.43 0.00
-1.32 -1.63 -2.30 -1.43 0.00
-1.36 -1.62 -2.34 -1.42 0.00
-1.40 -1.61 -2.38 -1.42 0.00
-1.44 -1.60 -2.42 -1.41 0.00
-1.47 -1.60 -2.45 -1.41 0.00
-1.51 -1.60 -2.50 -1.43 0.00
-1.56 -1.59 -2.53 -1.37 0.00
-1.56 -1.60 -2.13 -0.79 1.00
-1.56 -1.60 -1.39 -0.62 1.00
-1.56 -1.60 -0.74 -1.03 1.00
-1.56 -1.60 -0.57 -1.77 1.00
-1.52 -1.61 -0.53 -1.77 0.00
-1.48 -1.62 -0.49 -1.75 0.00
-1.44 -1.63 -0.45 -1.74 0.00
-1.40 -1.63 -0.41 -1.72 0.00
-1.36 -1.64 -0.37 -1.71 0.00
-1.33 -1.64 -0.33 -1.70 0.00
-1.29 -1.65 -0.29 -1.69 0.00
-1.25 -1.65 -0.25 -1.69 0.00
-1.21 -1.66 -0.21 -1.66 0.00
-1.17 -1.66 -0.18 -1.58 0.00
-1.14 -1.66 -0.16 -1.45 0.00
-1.10 -1.66 -0.16 -1.31 0.00
-1.06 -1.66 -0.19 -1.17 0.00
-1.02 -1.66 -0.24 -1.05 0.00
-0.99 -1.66 -0.29 -0.94 0.00
-0.95 -1.67 -0.35 -0.87 0.00
-0.95 -1.67 0.04 -1.53 1.00
-0.94 -1.68 0.04 -1.52 0.00
-0.92 -1.66 0.08 -1.58 0.00
-0.84 -1.66 0.12 -1.38 0.00
-0.75 -1.66 0.02 -1.02 0.00
-0.71 -1.66 0.08 -1.05 0.00
-0.66 -1.64 0.10 -0.99 0.00
-0.57 -1.58 -0.15 -0.67 0.00
-0.67 -1.69 0.33 -1.72 0.00
-0.60 -1.67 0.40 -1.73 0.00
-0.59 -1.71 0.41 -1.70 0.00
-0.53 -1.57 0.19 -0.87 0.00
-0.51 -1.55 0.14 -0.79 0.00
-0.47 -1.54 0.06 -0.69 0.00
-0.43 -1.53 -0.04 -0.61 0.00
-0.40 -1.51 -0.15 -0.54 0.00
-0.36 -1.49 -0.31 -0.50 0.00
-0.36 -1.50 0.35 -0.80 1.00
-0.35 -1.52 0.65 -1.49 1.00
-0.31 -1.52 0.69 -1.50 0.00
-0.27 -1.52 0.73 -1.52 0.00
-0.23 -1.52 0.77 -1.49 0.00
-0.19 -1.52 0.81 -1.50 0.00
-0.15 -1.52 0.84 -1.48 0.00
-0.12 -1.52 0.88 -1.45 0.00
-0.08 -1.52 0.92 -1.48 0.00
-0.04 -1.52 0.96 -1.48 0.00
0.00 -1.52 1.00 -1.50 0.00
0.04 -1.53 1.03 -1.47 0.00
0.08 -1.53 1.07 -1.43 0.00
0.12 -1.53 1.10 -1.34 0.00
0.15 -1.53 1.13 -1.33 0.00
0.19 -1.53 1.15 -1.24 0.00
0.27 -1.55 1.06 -0.93 0.00
0.31 -1.55 1.01 -0.84 0.00
0.31 -1.57 1.31 -1.57 1.00
0.31 -1.57 1.02 -2.28 1.00
0.34 -1.60 1.00 -2.35 0.00
0.37 -1.63 0.98 -2.42 0.00
0.39 -1.65 0.95 -2.48 0.00
0.39 -1.73 1.11 -2.42 0.00
0.39 -1.75 0.98 -2.56 0.00
0.47 -1.73 0.84 -2.66 0.00
0.50 -1.77 0.84 -2.70 0.00
0.51 -1.80 0.85 -2.74 0.00
0.53 -1.83 0.95 -2.74 0.00
0.52 -1.87 0.87 -2.81 0.00
0.54 -1.92 0.97 -2.82 0.00
0.53 -1.92 0.72 -2.90 0.00
0.56 -1.99 0.84 -2.95 0.00
0.59 -2.01 0.66 -3.01 0.00
0.59 -2.05 0.51 -3.05 0.00
0.60 -2.09 0.25 -3.03 0.00
0.57 -2.14 -0.08 -2.90 0.00
0.57 -2.17 -0.02 -2.98 0.00
0.56 -2.19 -0.10 -2.94 0.00
0.55 -2.24 -0.18 -2.93 0.00
0.51 -2.28 -0.22 -2.96 0.00
0.50 -2.31 -0.40 -2.75 0.00
0.50 -2.35 -0.38 -2.83 0.00
0.38 -2.37 -0.59 -2.60 0.00
0.40 -2.40 -0.48 -2.88 0.00
0.39 -2.42 -0.49 -2.89 0.00
0.35 -2.43 -0.55 -2.87 0.00
0.32 -2.45 -0.61 -2.84 0.00
0.28 -2.48 -0.66 -2.81 0.00
0.24 -2.50 -0.72 -2.78 0.00
0.20 -2.52 -0.77 -2.76 0.00
0.16 -2.54 -0.82 -2.73 0.00
0.13 -2.55 -0.85 -2.75 0.00
0.09 -2.55 -0.89 -2.76 0.00
0.05 -2.56 -0.93 -2.77 0.00
0.02 -2.57 -0.96 -2.80 0.00
-0.02 -2.58 -1.00 -2.78 0.00
-0.07 -2.57 -1.06 -2.72 0.00
-0.11 -2.60 -1.07 -2.90 0.00
-0.15 -2.61 -1.13 -2.82 0.00
-0.18 -2.60 -1.15 -2.82 0.00
-0.23 -2.61 -1.21 -2.81 0.00
-0.30 -2.63 -1.30 -2.72 0.00
-0.29 -2.63 -1.26 -2.86 0.00
-0.34 -2.64 -1.32 -2.86 0.00
-0.39 -2.65 -1.37 -2.87 0.00
-0.42 -2.67 -1.39 -2.90 0.00
-0.51 -2.65 -1.50 -2.76 0.00
-0.52 -2.63 -1.38 -2.11 1.00
-0.52 -2.63 -0.75 -1.65 1.00
-0.52 -2.51 -1.10 -1.70 0.00
-0.55 -2.56 -0.70 -1.57 0.00
-0.55 -2.50 -0.83 -1.53 0.00
-0.56 -2.36 -1.26 -1.65 0.00
-0.60 -2.30 -1.40 -1.71 0.00
-0.54 -2.42 -0.48 -1.42 0.00
-0.57 -2.31 -0.93 -1.38 0.00
-0.59 -2.30 -0.94 -1.37 0.00
-0.60 -2.27 -1.02 -1.36 0.00
-0.61 -2.22 -1.08 -1.34 0.00
-0.61 -2.19 -1.15 -1.34 0.00
-0.62 -2.14 -1.20 -1.33 0.00
-0.64 -2.11 -1.25 -1.31 0.00
-0.67 -2.08 -1.26 -1.27 0.00
-0.69 -2.04 -1.32 -1.26 0.00
-0.72 -2.00 -1.36 -1.24 0.00
-0.75 -1.96 -1.47 -1.26 0.00
-0.78 -1.92 -1.56 -1.29 0.00
-0.82 -1.88 -1.65 -1.32 0.00
-0.85 -1.84 -1.73 -1.36 0.00
-0.88 -1.80 -1.80 -1.40 0.00
-0.92 -1.76 -1.87 -1.47 0.00
-0.95 -1.74 -1.92 -1.51 0.00
-0.99 -1.73 -1.97 -1.50 0.00
-1.03 -1.72 -2.01 -1.50 0.00
-1.07 -1.71 -2.05 -1.50 0.00
-1.11 -1.70 -2.09 -1.50 0.00
-1.15 -1.69 -2.13 -1.50 0.00
-1.19 -1.68 -2.17 -1.48 0.00
-1.23 -1.67 -2.21 -1.48 0.00
-1.27 -1.66 -2.25 -1.48 0.00
-1.31 -1.65 -2.29 -1.47 0.00
-1.31 -1.65 -1.87 -0.83 1.00
-1.31 -1.65 -1.12 -0.67 1.00
-1.31 -1.65 -0.48 -1.09 1.00
-1.31 -1.65 -0.32 -1.84 1.00
-1.27 -1.66 -0.27 -1.77 0.00
-1.23 -1.67 -0.23 -1.71 0.00
-1.19 -1.68 -0.19 -1.65 0.00
-1.15 -1.69 -0.16 -1.58 0.00
-1.11 -1.69 -0.13 -1.53 0.00
-1.08 -1.70 -0.10 -1.47 0.00
-1.04 -1.70 -0.08 -1.44 0.00
-1.00 -1.69 -0.04 -1.41 0.00
-0.97 -1.68 -0.01 -1.37 0.00
-0.94 -1.67 0.00 -1.34 0.00
-0.91 -1.67 -0.01 -1.22 0.00
-0.91 -1.67 0.03 -1.33 0.00
-0.81 -1.64 -0.16 -0.88 0.00
-0.77 -1.63 -0.25 -0.77 0.00
-0.73 -1.61 -0.38 -0.68 0.00
-0.70 -1.59 -0.40 -0.64 0.00
-0.71 -1.59 0.18 -1.14 1.00
-0.67 -1.57 0.23 -1.13 0.00
-0.62 -1.55 0.27 -1.08 0.00
-0.55 -1.54 0.27 -0.96 0.00
-0.52 -1.54 0.35 -1.04 0.00
-0.51 -1.53 0.44 -1.23 0.00
-0.49 -1.53 0.49 -1.33 0.00
-0.46 -1.47 0.49 -1.17 0.00
-0.42 -1.48 0.52 -1.13 0.00
-0.38 -1.45 0.53 -1.03 0.00
-0.35 -1.43 0.60 -1.11 0.00
-0.30 -1.44 0.58 -0.96 0.00
-0.27 -1.42 0.56 -0.86 0.00
-0.24 -1.39 0.51 -0.74 0.00
-0.20 -1.37 0.42 -0.58 0.00
-0.14 -1.35 0.15 -0.39 0.00
-0.13 -1.36 0.27 -0.44 0.00
-0.12 -1.35 0.80 -0.97 1.00
-0.12 -1.36 0.77 -1.80 1.00
-0.10 -1.38 0.72 -1.95 0.00
-0.06 -1.39 0.81 -1.89 0.00
-0.04 -1.40 0.77 -1.98 0.00
0.03 -1.45 0.96 -1.82 0.00
0.05 -1.45 0.95 -1.88 0.00
0.06 -1.48 0.92 -1.99 0.00
0.13 -1.50 1.06 -1.85 0.00
0.18 -1.54 1.17 -1.68 0.00
0.19 -1.53 1.15 -1.82 0.00
0.24 -1.57 1.21 -1.81 0.00
0.32 -1.60 1.32 -1.61 0.00
0.30 -1.57 1.30 -1.61 0.00
0.32 -1.57 1.32 -1.55 0.00
0.33 -1.59 1.32 -1.41 0.00
0.31 -1.58 1.30 -1.71 0.00
0.40 -1.64 1.23 -1.09 0.00
0.39 -1.65 1.37 -1.86 1.00
0.40 -1.76 1.27 -1.29 0.00
0.44 -1.68 1.44 -1.64 0.00
0.50 -1.68 1.50 -1.72 0.00
0.54 -1.68 1.54 -1.63 0.00
0.57 -1.69 1.57 -1.59 0.00
0.60 -1.70 1.60 -1.61 0.00
0.65 -1.69 1.64 -1.52 0.00
0.67 -1.69 1.67 -1.65 0.00
0.70 -1.68 1.70 -1.60 0.00
0.75 -1.67 1.69 -1.34 0.00
0.79 -1.67 1.70 -1.26 0.00
0.81 -1.67 1.63 -1.09 0.00
0.86 -1.66 1.50 -0.90 0.00
0.89 -1.65 1.39 -0.79 0.00
0.91 -1.65 1.34 -0.75 0.00
0.95 -1.64 1.15 -0.66 0.00
0.94 -1.64 1.81 -1.14 1.00
0.92 -1.65 1.89 -1.87 1.00
0.92 -1.67 1.48 -2.50 1.00
0.94 -1.71 1.43 -2.59 0.00
0.97 -1.73 1.40 -2.63 0.00
1.00 -1.77 1.39 -2.69 0.00
1.01 -1.79 1.33 -2.74 0.00
1.03 -1.82 1.30 -2.78 0.00
1.05 -1.86 1.26 -2.84 0.00
1.07 -1.90 1.23 -2.89 0.00
1.07 -1.93 1.24 -2.92 0.00
1.08 -1.97 1.25 -2.96 0.00
1.09 -2.01 1.26 -2.99 0.00
1.09 -2.04 1.20 -3.04 0.00
1.10 -2.08 1.12 -3.08 0.00
1.11 -2.12 0.97 -3.11 0.00
1.11 -2.16 0.82 -3.12 0.00
1.12 -2.19 0.63 -3.07 0.00
1.13 -2.23 0.47 -2.98 0.00
1.10 -2.27 0.35 -2.94 0.00
1.07 -2.30 0.29 -2.92 0.00
1.04 -2.34 0.22 -2.92 0.00
1.01 -2.37 0.18 -2.92 0.00
0.98 -2.41 0.11 -2.91 0.00
0.94 -2.44 0.06 -2.91 0.00
0.90 -2.46 0.05 -2.97 0.00
0.87 -2.48 0.01 -2.99 0.00
0.85 -2.49 -0.05 -2.94 0.00
0.78 -2.53 -0.16 -2.86 0.00
0.76 -2.54 -0.19 -2.84 0.00
0.70 -2.57 -0.26 -2.84 0.00
0.65 -2.60 -0.33 -2.78 0.00
0.61 -2.62 -0.39 -2.74 0.00
0.56 -2.65 -0.44 -2.59 0.00
0.50 -2.66 -0.50 -2.67 0.00
0.40 -2.67 -0.59 -2.77 0.00
0.41 -2.66 -0.59 -2.59 0.00
0.38 -2.66 -0.61 -2.53 0.00
0.34 -2.66 -0.64 -2.47 0.00
0.30 -2.66 -0.67 -2.40 0.00
0.26 -2.67 -0.69 -2.34 0.00
0.22 -2.66 -0.71 -2.28 0.00
0.18 -2.66 -0.74 -2.25 0.00
0.14 -2.64 -0.77 -2.22 0.00
0.10 -2.63 -0.80 -2.20 0.00
0.07 -2.61 -0.82 -2.15 0.00
0.03 -2.59 -0.86 -2.12 0.00
0.03 -2.56 -0.86 -2.11 0.00
-0.03 -2.57 -0.84 -1.99 0.00
-0.07 -2.52 -0.96 -2.06 0.00
-0.12 -2.52 -0.99 -2.03 0.00
-0.17 -2.48 -1.11 -2.12 0.00
-0.30 -2.40 -1.28 -2.61 0.00
-0.45 -2.35 -1.00 -3.19 0.00
-0.29 -2.39 -1.16 -1.90 0.00
-0.33 -2.40 -1.27 -2.05 0.00
-0.35 -2.39 -1.30 -2.09 0.00
-0.39 -2.37 -1.34 -2.06 0.00
-0.43 -2.36 -1.37 -2.02 0.00
-0.47 -2.34 -1.40 -1.99 0.00
-0.51 -2.33 -1.43 -1.96 0.00
-0.55 -2.32 -1.46 -1.93 0.00
-0.58 -2.31 -1.49 -1.89 0.00
-0.60 -2.29 -1.48 -1.81 0.00
-0.64 -2.26 -1.54 -1.82 0.00
-0.69 -2.25 -1.58 -1.79 0.00
-0.74 -2.24 -1.64 -1.82 0.00
-0.78 -2.23 -1.67 -1.78 0.00
-0.82 -2.22 -1.69 -1.73 0.00
-0.85 -2.20 -1.72 -1.69 0.00
-0.89 -2.18 -1.75 -1.67 0.00
-0.93 -2.16 -1.78 -1.64 0.00
-0.96 -2.14 -1.83 -1.63 0.00
-1.00 -2.12 -1.88 -1.64 0.00
-1.04 -2.09 -1.93 -1.65 0.00
-1.07 -2.07 -1.99 -1.67 0.00
