-3.80 0.60 -4.53 1.29 0.00
-3.82 0.63 -4.53 1.34 0.00
-3.85 0.65 -4.49 1.43 0.00
-3.88 0.68 -4.43 1.52 0.00
-3.91 0.71 -4.36 1.60 0.00
-3.94 0.74 -4.31 1.67 0.00
-3.97 0.76 -4.23 1.73 0.00
-3.99 0.79 -4.16 1.77 0.00
-4.01 0.82 -4.13 1.81 0.00
-4.01 0.85 -4.15 1.84 0.00
-4.01 0.88 -4.17 1.87 0.00
-4.02 0.91 -4.14 1.91 0.00
-4.02 0.95 -4.09 1.94 0.00
-4.03 0.98 -4.02 1.98 0.00
-4.03 1.01 -3.96 2.01 0.00
-4.04 1.04 -3.92 2.04 0.00
-4.04 1.07 -3.86 2.06 0.00
-4.04 1.08 -3.22 1.65 1.00
-4.01 1.10 -3.17 1.64 0.00
-3.97 1.12 -3.11 1.64 0.00
-3.94 1.15 -3.05 1.62 0.00
-3.90 1.17 -2.98 1.56 0.00
-3.86 1.20 -2.92 1.53 0.00
-3.83 1.22 -2.86 1.49 0.00
-3.79 1.23 -2.81 1.43 0.00
-3.75 1.26 -2.76 1.42 0.00
-3.68 1.26 -2.73 1.58 0.00
-3.65 1.27 -2.68 1.52 0.00
-3.62 1.29 -2.63 1.41 0.00
-3.57 1.29 -2.58 1.44 0.00
-3.54 1.30 -2.54 1.30 0.00
-3.48 1.30 -2.48 1.29 0.00
-3.45 1.32 -2.46 1.17 0.00
-3.41 1.32 -2.42 1.16 0.00
-3.37 1.31 -2.38 1.14 0.00
-3.32 1.31 -2.34 1.14 0.00
-3.27 1.29 -2.27 1.26 0.00
-3.24 1.29 -2.25 1.15 0.00
-3.13 1.23 -2.18 1.54 0.00
-3.17 1.28 -2.18 1.15 0.00
-3.04 1.23 -2.11 1.59 0.00
-3.10 1.23 -2.16 0.88 0.00
-2.94 1.22 -2.02 1.61 0.00
-3.00 1.23 -2.02 1.05 0.00
-2.96 1.23 -1.97 1.05 0.00
-2.93 1.23 -1.94 1.08 0.00
-2.88 1.23 -1.89 1.07 0.00
-2.84 1.22 -1.85 1.07 0.00
-2.80 1.21 -1.81 1.08 0.00
-2.76 1.20 -1.77 1.07 0.00
-2.72 1.20 -1.73 1.04 0.00
-2.68 1.19 -1.70 0.99 0.00
-2.64 1.19 -1.67 0.93 0.00
-2.60 1.18 -1.65 0.88 0.00
-2.56 1.18 -1.62 0.83 0.00
-2.52 1.17 -1.60 0.77 0.00
-2.48 1.16 -1.58 0.72 0.00
-2.44 1.15 -1.55 0.69 0.00
-2.40 1.13 -1.51 0.66 0.00
-2.36 1.11 -1.47 0.64 0.00
-2.31 1.09 -1.42 0.64 0.00
-2.27 1.07 -1.36 0.67 0.00
-2.23 1.04 -1.29 0.71 0.00
-2.19 1.02 -1.22 0.77 0.00
-2.15 1.00 -1.17 0.82 0.00
-2.11 0.98 -1.12 0.86 0.00
-2.11 0.98 -1.49 0.19 1.00
-2.11 0.98 -2.23 -0.01 1.00
-2.11 0.94 -2.24 -0.05 0.00
-2.12 0.90 -2.24 -0.09 0.00
-2.12 0.86 -2.25 -0.13 0.00
-2.13 0.82 -2.25 -0.17 0.00
-2.13 0.78 -2.25 -0.21 0.00
-2.14 0.74 -2.24 -0.26 0.00
-2.14 0.70 -2.21 -0.30 0.00
-2.15 0.66 -2.14 -0.34 0.00
-2.15 0.62 -2.06 -0.38 0.00
-2.16 0.58 -1.96 -0.40 0.00
-2.16 0.54 -1.86 -0.41 0.00
-2.17 0.50 -1.78 -0.42 0.00
-2.17 0.46 -1.71 -0.43 0.00
-2.16 0.42 -1.65 -0.44 0.00
-2.14 0.39 -1.61 -0.46 0.00
-2.12 0.35 -1.55 -0.47 0.00
-2.10 0.32 -1.55 -0.52 0.00
-2.07 0.29 -1.55 -0.57 0.00
-2.04 0.25 -1.53 -0.61 0.00
-2.02 0.22 -1.51 -0.64 0.00
-2.00 0.18 -1.48 -0.67 0.00
-1.98 0.15 -1.37 -0.65 0.00
-1.96 0.11 -1.26 -0.61 0.00
-1.94 0.07 -1.15 -0.54 0.00
-1.92 0.04 -1.06 -0.48 0.00
-1.90 -0.00 -0.98 -0.40 0.00
-1.88 -0.04 -0.92 -0.32 0.00
-1.85 -0.07 -0.87 -0.24 0.00
-1.85 -0.08 -0.91 -0.41 0.00
-1.78 -0.09 -0.80 -0.29 0.00
-1.73 -0.13 -0.74 -0.27 0.00
-1.65 -0.15 -0.66 -0.01 0.00
-1.61 -0.15 -0.62 0.01 0.00
-1.57 -0.14 -0.59 0.02 0.00
-1.53 -0.14 -0.55 0.02 0.00
-1.49 -0.13 -0.51 0.03 0.00
-1.45 -0.12 -0.47 0.03 0.00
-1.41 -0.12 -0.42 0.02 0.00
-1.37 -0.11 -0.38 0.02 0.00
-1.33 -0.10 -0.34 0.03 0.00
-1.29 -0.10 -0.30 0.04 0.00
-1.25 -0.09 -0.26 0.05 0.00
-1.21 -0.09 -0.23 0.08 0.00
-1.17 -0.08 -0.20 0.12 0.00
-1.13 -0.08 -0.17 0.19 0.00
-1.09 -0.07 -0.15 0.26 0.00
-1.05 -0.07 -0.13 0.32 0.00
-1.01 -0.06 -0.12 0.39 0.00
-0.97 -0.04 -0.07 0.39 0.00
-0.93 -0.02 -0.03 0.41 0.00
-0.89 -0.00 0.01 0.43 0.00
-0.85 0.02 0.07 0.42 0.00
-0.81 0.04 0.12 0.41 0.00
-0.76 0.06 0.18 0.38 0.00
-0.72 0.08 0.24 0.36 0.00
-0.68 0.10 0.29 0.34 0.00
-0.64 0.12 0.34 0.31 0.00
-0.60 0.13 0.39 0.28 0.00
-0.56 0.15 0.44 0.27 0.00
-0.52 0.15 0.48 0.27 0.00
-0.48 0.16 0.52 0.26 0.00
-0.43 0.16 0.56 0.25 0.00
-0.39 0.17 0.60 0.30 0.00
-0.35 0.17 0.62 0.39 0.00
-0.31 0.17 0.66 0.40 0.00
-0.27 0.18 0.70 0.41 0.00
-0.23 0.19 0.74 0.41 0.00
-0.20 0.20 0.78 0.42 0.00
-0.16 0.21 0.82 0.44 0.00
-0.12 0.22 0.86 0.45 0.00
-0.08 0.23 0.90 0.44 0.00
-0.04 0.24 0.94 0.46 0.00
0.00 0.25 0.98 0.47 0.00
0.05 0.25 1.02 0.48 0.00
0.08 0.26 1.06 0.49 0.00
0.12 0.28 1.10 0.49 0.00
0.16 0.28 1.14 0.51 0.00
0.20 0.29 1.15 0.61 0.00
0.24 0.30 1.14 0.74 0.00
0.28 0.31 1.08 0.91 0.00
0.28 0.31 1.27 0.17 1.00
0.32 0.31 1.28 0.04 0.00
0.36 0.30 1.31 -0.01 0.00
0.40 0.30 1.33 -0.06 0.00
0.44 0.29 1.35 -0.11 0.00
0.47 0.28 1.38 -0.15 0.00
0.51 0.27 1.40 -0.18 0.00
0.54 0.25 1.42 -0.22 0.00
0.57 0.24 1.44 -0.25 0.00
0.61 0.22 1.48 -0.27 0.00
0.64 0.21 1.53 -0.25 0.00
0.67 0.19 1.59 -0.19 0.00
0.70 0.17 1.66 -0.09 0.00
0.73 0.15 1.72 0.02 0.00
0.76 0.13 1.76 0.11 0.00
0.79 0.12 1.78 0.21 0.00
0.82 0.10 1.79 0.31 0.00
0.82 0.10 1.66 -0.44 1.00
0.85 0.08 1.65 -0.51 0.00
0.88 0.06 1.68 -0.54 0.00
0.91 0.04 1.70 -0.58 0.00
0.94 0.02 1.72 -0.61 0.00
0.97 -0.00 1.73 -0.66 0.00
1.00 -0.03 1.75 -0.70 0.00
1.03 -0.05 1.77 -0.73 0.00
1.06 -0.07 1.79 -0.75 0.00
1.09 -0.10 1.89 -0.70 0.00
1.11 -0.12 1.99 -0.60 0.00
1.14 -0.14 2.07 -0.51 0.00
1.16 -0.17 2.13 -0.40 0.00
1.19 -0.19 2.18 -0.28 0.00
1.21 -0.22 2.21 -0.21 0.00
1.24 -0.24 2.23 -0.14 0.00
1.28 -0.24 2.27 -0.12 0.00
1.28 -0.24 2.06 -0.85 1.00
1.28 -0.24 1.40 -1.23 1.00
1.28 -0.24 0.66 -1.03 1.00
1.25 -0.28 0.65 -1.08 0.00
1.22 -0.32 0.63 -1.12 0.00
1.19 -0.36 0.53 -1.11 0.00
1.16 -0.40 0.42 -1.08 0.00
1.13 -0.43 0.32 -1.03 0.00
1.10 -0.47 0.23 -0.96 0.00
1.07 -0.51 0.14 -0.86 0.00
1.02 -0.53 0.08 -0.88 0.00
1.02 -0.59 0.02 -0.69 0.00
0.97 -0.60 -0.02 -0.74 0.00
0.93 -0.60 -0.06 -0.68 0.00
0.89 -0.61 -0.10 -0.77 0.00
0.86 -0.63 -0.14 -0.62 0.00
0.80 -0.61 -0.19 -0.66 0.00
0.76 -0.61 -0.24 -0.71 0.00
0.74 -0.60 -0.26 -0.64 0.00
0.70 -0.60 -0.30 -0.64 0.00
0.66 -0.61 -0.34 -0.63 0.00
0.61 -0.60 -0.38 -0.68 0.00
0.57 -0.60 -0.43 -0.73 0.00
0.53 -0.61 -0.47 -0.66 0.00
0.48 -0.60 -0.52 -0.57 0.00
0.45 -0.61 -0.55 -0.71 0.00
0.41 -0.62 -0.59 -0.65 0.00
0.37 -0.61 -0.63 -0.67 0.00
0.34 -0.61 -0.65 -0.78 0.00
0.29 -0.63 -0.70 -0.72 0.00
0.25 -0.62 -0.74 -0.72 0.00
0.21 -0.62 -0.78 -0.73 0.00
0.17 -0.62 -0.82 -0.70 0.00
0.13 -0.63 -0.86 -0.70 0.00
0.08 -0.62 -0.88 -0.90 0.00
0.08 -0.63 -0.80 -0.15 1.00
0.04 -0.59 -0.86 -0.17 0.00
-0.08 -0.52 -1.06 -0.70 0.00
-0.00 -0.49 -0.88 -0.02 0.00
-0.09 -0.49 -1.07 -0.28 0.00
-0.10 -0.51 -1.03 -0.13 0.00
-0.14 -0.50 -1.05 -0.09 0.00
-0.18 -0.48 -1.09 -0.06 0.00
-0.22 -0.47 -1.12 -0.04 0.00
-0.25 -0.45 -1.15 -0.01 0.00
-0.29 -0.43 -1.18 0.01 0.00
-0.33 -0.42 -1.22 0.04 0.00
-0.36 -0.40 -1.25 0.06 0.00
-0.40 -0.38 -1.28 0.08 0.00
-0.43 -0.36 -1.30 0.13 0.00
-0.47 -0.35 -1.30 0.20 0.00
-0.50 -0.33 -1.30 0.28 0.00
-0.53 -0.29 -1.37 0.26 0.00
-0.57 -0.25 -1.42 0.27 0.00
-0.61 -0.23 -1.47 0.27 0.00
-0.64 -0.21 -1.51 0.29 0.00
-0.68 -0.19 -1.55 0.31 0.00
-0.72 -0.16 -1.58 0.35 0.00
-0.75 -0.14 -1.61 0.37 0.00
-0.79 -0.12 -1.65 0.39 0.00
-0.82 -0.10 -1.68 0.41 0.00
-0.86 -0.08 -1.71 0.44 0.00
-0.89 -0.06 -1.74 0.47 0.00
-0.93 -0.04 -1.78 0.50 0.00
-0.97 -0.02 -1.81 0.53 0.00
-1.00 0.01 -1.83 0.57 0.00
-1.03 0.02 -1.85 0.60 0.00
-1.05 0.03 -1.86 0.61 0.00
-1.05 0.00 -1.11 1.00 1.00
-1.05 0.03 -1.02 1.03 0.00
-1.05 0.07 -1.01 1.07 0.00
-1.07 0.12 -0.96 1.11 0.00
-1.07 0.15 -0.97 1.15 0.00
-1.07 0.22 -1.00 1.21 0.00
-1.07 0.24 -0.93 1.23 0.00
-1.06 0.26 -1.06 1.26 0.00
-1.05 0.33 -0.76 1.28 0.00
-1.06 0.36 -0.82 1.33 0.00
-1.04 0.41 -0.63 1.32 0.00
-1.04 0.45 -0.57 1.33 0.00
-1.03 0.48 -0.47 1.31 0.00
-1.03 0.53 -0.32 1.22 0.00
-1.01 0.56 -0.30 1.26 0.00
-1.00 0.60 -0.23 1.24 0.00
-0.97 0.64 -0.19 1.26 0.00
-0.93 0.64 -0.05 1.12 0.00
-0.82 0.68 0.06 1.15 0.00
-0.83 0.74 -0.05 1.37 0.00
-0.82 0.77 -0.01 1.36 0.00
-0.78 0.80 0.03 1.39 0.00
-0.74 0.83 0.08 1.40 0.00
-0.70 0.85 0.13 1.41 0.00
-0.66 0.88 0.20 1.39 0.00
-0.63 0.91 0.27 1.34 0.00
-0.59 0.93 0.35 1.27 0.00
-0.55 0.96 0.42 1.21 0.00
-0.51 0.98 0.47 1.14 0.00
-0.48 1.01 0.52 1.07 0.00
-0.44 1.03 0.56 1.00 0.00
-0.40 1.04 0.60 0.97 0.00
-0.36 1.04 0.64 0.93 0.00
-0.31 1.03 0.68 0.93 0.00
-0.27 1.03 0.72 0.92 0.00
-0.23 1.02 0.76 0.90 0.00
-0.19 1.02 0.79 0.83 0.00
-0.15 1.01 0.81 0.73 0.00
-0.11 1.01 0.82 0.64 0.00
-0.07 1.01 0.82 0.56 0.00
-0.03 1.00 0.82 0.48 0.00
0.01 1.00 0.83 0.42 0.00
0.05 0.99 0.83 0.36 0.00
0.08 0.96 0.84 0.31 0.00
0.12 0.94 0.89 0.30 0.00
0.15 0.91 0.93 0.27 0.00
0.19 0.88 0.96 0.24 0.00
0.22 0.85 0.99 0.21 0.00
0.25 0.82 1.01 0.16 0.00
0.28 0.79 0.97 0.07 0.00
0.32 0.77 0.96 0.00 0.00
0.35 0.74 0.94 -0.06 0.00
0.38 0.71 0.90 -0.13 0.00
0.41 0.69 0.88 -0.19 0.00
0.43 0.66 0.88 -0.23 0.00
0.43 0.69 0.46 -0.31 0.00
0.46 0.62 0.69 -0.35 0.00
0.47 0.55 0.90 -0.35 0.00
0.52 0.46 1.22 -0.26 0.00
0.64 0.34 1.63 0.46 0.00
0.52 0.44 0.92 -0.47 0.00
0.54 0.43 0.97 -0.47 0.00
0.55 0.41 0.99 -0.49 0.00
0.57 0.38 1.01 -0.52 0.00
0.58 0.35 1.02 -0.55 0.00
0.60 0.31 1.02 -0.60 0.00
0.62 0.27 1.04 -0.63 0.00
0.63 0.24 1.05 -0.67 0.00
0.65 0.20 1.06 -0.71 0.00
0.67 0.17 1.07 -0.75 0.00
0.68 0.13 1.07 -0.79 0.00
0.70 0.10 1.08 -0.83 0.00
0.71 0.06 1.09 -0.87 0.00
0.73 0.03 1.09 -0.90 0.00
0.74 -0.01 1.10 -0.94 0.00
0.76 -0.04 1.12 -0.97 0.00
0.77 -0.07 1.14 -1.00 0.00
0.78 -0.11 1.16 -1.03 0.00
0.80 -0.14 1.18 -1.06 0.00
0.81 -0.17 1.19 -1.10 0.00
0.82 -0.21 1.20 -1.13 0.00
0.82 -0.21 0.43 -1.13 1.00
0.81 -0.25 0.41 -1.17 0.00
0.79 -0.29 0.32 -1.17 0.00
0.77 -0.33 0.21 -1.15 0.00
0.76 -0.37 0.11 -1.13 0.00
0.74 -0.41 -0.00 -1.08 0.00
0.72 -0.45 -0.10 -1.01 0.00
0.70 -0.49 -0.19 -0.94 0.00
0.70 -0.50 -0.27 -0.78 0.00
0.67 -0.53 -0.30 -0.80 0.00
0.58 -0.53 -0.24 -1.11 0.00
0.59 -0.56 -0.38 -0.81 0.00
0.54 -0.58 -0.43 -0.85 0.00
0.50 -0.60 -0.47 -0.82 0.00
0.43 -0.61 -0.53 -0.89 0.00
0.40 -0.62 -0.60 -0.66 0.00
0.39 -0.63 -0.60 -0.81 0.00
0.39 -0.63 -0.40 -0.02 1.00
0.39 -0.60 -0.21 0.20 0.00
0.32 -0.51 -0.58 -0.06 0.00
0.28 -0.51 -0.61 -0.06 0.00
0.25 -0.49 -0.66 -0.07 0.00
0.21 -0.47 -0.70 -0.06 0.00
0.18 -0.46 -0.74 -0.06 0.00
0.14 -0.44 -0.78 -0.04 0.00
0.10 -0.42 -0.82 -0.03 0.00
0.07 -0.41 -0.86 -0.04 0.00
0.03 -0.39 -0.91 -0.05 0.00
-0.00 -0.37 -0.95 -0.06 0.00
-0.04 -0.36 -1.00 -0.07 0.00
-0.08 -0.34 -1.04 -0.06 0.00
-0.12 -0.33 -1.08 -0.08 0.00
-0.15 -0.31 -1.13 -0.08 0.00
-0.19 -0.30 -1.16 -0.07 0.00
-0.24 -0.29 -1.22 -0.14 0.00
-0.28 -0.28 -1.27 -0.17 0.00
-0.32 -0.27 -1.32 -0.19 0.00
-0.37 -0.26 -1.37 -0.22 0.00
-0.41 -0.25 -1.41 -0.24 0.00
-0.45 -0.24 -1.45 -0.25 0.00
-0.50 -0.24 -1.50 -0.24 0.00
-0.54 -0.24 -1.54 -0.23 0.00
-0.58 -0.24 -1.58 -0.22 0.00
-0.62 -0.24 -1.62 -0.19 0.00
-0.66 -0.24 -1.65 -0.14 0.00
-0.70 -0.24 -1.68 -0.07 0.00
-0.74 -0.24 -1.71 -0.00 0.00
-0.78 -0.24 -1.74 0.05 0.00
-0.82 -0.24 -1.76 0.10 0.00
-0.86 -0.24 -1.78 0.15 0.00
-0.91 -0.22 -1.77 0.27 0.00
-0.95 -0.21 -1.77 0.35 0.00
-0.99 -0.20 -1.77 0.44 0.00
-1.04 -0.18 -1.76 0.51 0.00
-1.08 -0.17 -1.74 0.59 0.00
-1.11 -0.14 -1.76 0.62 0.00
-1.14 -0.11 -1.78 0.66 0.00
-1.16 -0.08 -1.79 0.70 0.00
-1.19 -0.05 -1.79 0.75 0.00
-1.17 -0.02 -1.93 0.64 0.00
-1.23 0.00 -1.80 0.83 0.00
-1.28 0.05 -1.70 0.96 0.00
-1.30 0.07 -1.71 0.98 0.00
-1.31 0.10 -1.70 1.02 0.00
-1.33 0.15 -1.60 1.11 0.00
-1.36 0.18 -1.63 1.14 0.00
-1.37 0.17 -0.82 1.01 1.00
-1.35 0.22 -0.82 1.06 0.00
-1.31 0.27 -0.75 1.09 0.00
-1.29 0.29 -0.61 1.02 0.00
-1.28 0.33 -0.56 1.03 0.00
-1.28 0.42 -0.70 1.24 0.00
-1.23 0.44 -0.43 1.04 0.00
-1.20 0.44 -0.26 0.78 0.00
-1.17 0.47 -0.20 0.72 0.00
-1.14 0.49 -0.18 0.75 0.00
-1.10 0.47 -0.13 0.71 0.00
-1.08 0.52 -0.08 0.59 0.00
-1.03 0.51 -0.04 0.65 0.00
-0.94 0.50 0.00 0.83 0.00
-0.93 0.51 0.05 0.66 0.00
-0.90 0.54 0.09 0.72 0.00
-0.84 0.55 0.14 0.73 0.00
-0.80 0.56 0.19 0.70 0.00
-0.76 0.57 0.23 0.67 0.00
-0.72 0.58 0.28 0.65 0.00
-0.68 0.58 0.32 0.60 0.00
-0.64 0.59 0.36 0.55 0.00
-0.60 0.59 0.40 0.51 0.00
-0.56 0.60 0.43 0.46 0.00
-0.52 0.60 0.46 0.43 0.00
-0.48 0.60 0.50 0.39 0.00
-0.44 0.60 0.53 0.38 0.00
-0.40 0.59 0.57 0.38 0.00
-0.36 0.58 0.62 0.43 0.00
-0.33 0.57 0.67 0.52 0.00
-0.29 0.56 0.71 0.62 0.00
-0.25 0.55 0.74 0.73 0.00
-0.21 0.54 0.75 0.84 0.00
-0.17 0.55 0.79 0.83 0.00
-0.13 0.56 0.83 0.84 0.00
-0.09 0.58 0.87 0.85 0.00
-0.05 0.59 0.91 0.86 0.00
-0.01 0.60 0.96 0.84 0.00
0.03 0.61 1.01 0.80 0.00
0.07 0.62 1.06 0.75 0.00
0.11 0.63 1.11 0.70 0.00
0.15 0.65 1.15 0.66 0.00
0.19 0.66 1.19 0.62 0.00
0.23 0.67 1.22 0.58 0.00
0.26 0.67 1.26 0.59 0.00
0.30 0.66 1.30 0.60 0.00
0.34 0.66 1.34 0.62 0.00
0.38 0.65 1.38 0.62 0.00
0.42 0.65 1.42 0.65 0.00
0.42 0.65 1.13 -0.05 1.00
0.43 0.62 1.09 -0.13 0.00
0.46 0.64 0.79 -0.31 0.00
0.51 0.52 1.29 -0.11 0.00
0.54 0.51 1.30 -0.14 0.00
0.57 0.46 1.32 -0.21 0.00
0.63 0.42 1.48 -0.11 0.00
0.63 0.41 1.38 -0.25 0.00
0.65 0.37 1.46 -0.22 0.00
0.63 0.39 1.18 -0.44 0.00
0.65 0.36 1.24 -0.45 0.00
0.67 0.33 1.30 -0.44 0.00
0.69 0.30 1.39 -0.41 0.00
0.70 0.28 1.48 -0.35 0.00
0.72 0.25 1.56 -0.28 0.00
0.73 0.23 1.63 -0.22 0.00
0.75 0.21 1.69 -0.14 0.00
0.79 0.19 1.69 -0.23 0.00
0.82 0.18 1.72 -0.27 0.00
0.86 0.16 1.74 -0.31 0.00
0.89 0.15 1.76 -0.34 0.00
0.93 0.13 1.79 -0.38 0.00
0.96 0.12 1.82 -0.40 0.00
0.99 0.10 1.84 -0.42 0.00
1.02 0.08 1.87 -0.44 0.00
1.05 0.07 1.95 -0.37 0.00
1.08 0.05 2.03 -0.24 0.00
1.10 0.03 2.09 -0.11 0.00
1.13 0.01 2.13 0.03 0.00
1.16 -0.01 2.15 0.15 0.00
1.19 -0.02 2.14 0.27 0.00
1.21 -0.04 2.13 0.35 0.00
1.24 -0.03 2.16 0.38 0.00
1.24 -0.03 2.18 -0.39 1.00
1.24 -0.03 1.65 -0.94 1.00
1.26 -0.06 1.61 -1.00 0.00
1.28 -0.10 1.52 -1.07 0.00
1.29 -0.13 1.42 -1.13 0.00
1.30 -0.16 1.30 -1.16 0.00
1.30 -0.21 1.26 -1.21 0.00
1.29 -0.30 1.47 -1.28 0.00
1.32 -0.33 1.37 -1.33 0.00
1.29 -0.27 0.75 -1.11 0.00
1.30 -0.38 1.04 -1.34 0.00
1.29 -0.36 0.75 -1.21 0.00
1.31 -0.44 0.95 -1.37 0.00
1.29 -0.47 0.86 -1.38 0.00
1.28 -0.51 0.78 -1.37 0.00
1.29 -0.53 0.54 -1.19 0.00
1.25 -0.60 0.51 -1.27 0.00
1.24 -0.64 0.46 -1.26 0.00
1.23 -0.65 0.24 -0.57 1.00
1.18 -0.63 0.18 -0.68 0.00
1.15 -0.62 0.15 -0.65 0.00
1.10 -0.60 0.11 -0.77 0.00
1.06 -0.63 0.07 -0.68 0.00
1.02 -0.62 0.02 -0.62 0.00
0.98 -0.62 -0.01 -0.72 0.00
0.93 -0.63 -0.06 -0.75 0.00
0.89 -0.63 -0.11 -0.71 0.00
0.85 -0.64 -0.15 -0.63 0.00
0.82 -0.63 -0.18 -0.62 0.00
0.77 -0.60 -0.22 -0.73 0.00
0.74 -0.63 -0.26 -0.63 0.00
0.69 -0.63 -0.31 -0.60 0.00
0.65 -0.63 -0.34 -0.47 0.00
0.62 -0.62 -0.35 -0.38 0.00
0.56 -0.60 -0.44 -0.55 0.00
