-0.30 -1.90 0.68 -2.08 0.00
-0.26 -1.91 0.73 -2.05 0.00
-0.23 -1.92 0.77 -2.03 0.00
-0.19 -1.93 0.81 -1.99 0.00
-0.15 -1.93 0.85 -1.97 0.00
-0.11 -1.94 0.89 -1.94 0.00
-0.08 -1.95 0.92 -1.91 0.00
-0.04 -1.95 0.96 -1.88 0.00
-0.01 -1.95 0.99 -1.87 0.00
0.03 -1.94 1.02 -1.84 0.00
0.06 -1.94 1.04 -1.75 0.00
0.10 -1.94 1.04 -1.62 0.00
0.13 -1.94 1.02 -1.48 0.00
0.17 -1.94 0.97 -1.35 0.00
0.20 -1.93 0.91 -1.22 0.00
0.24 -1.93 0.85 -1.14 0.00
0.27 -1.92 0.77 -1.06 0.00
0.27 -1.92 1.24 -1.67 1.00
0.27 -1.92 1.13 -2.43 1.00
0.30 -1.94 1.15 -2.46 0.00
0.33 -1.96 1.19 -2.48 0.00
0.37 -1.98 1.24 -2.47 0.00
0.40 -2.00 1.27 -2.48 0.00
0.42 -2.03 1.30 -2.51 0.00
0.44 -2.05 1.30 -2.55 0.00
0.50 -2.05 1.32 -2.62 0.00
0.52 -2.08 1.43 -2.51 0.00
0.56 -2.10 1.47 -2.50 0.00
0.59 -2.11 1.49 -2.53 0.00
0.62 -2.13 1.55 -2.48 0.00
0.65 -2.14 1.61 -2.45 0.00
0.69 -2.16 1.64 -2.46 0.00
0.73 -2.18 1.70 -2.42 0.00
0.75 -2.18 1.75 -2.23 0.00
0.81 -2.21 1.76 -1.90 0.00
0.86 -2.20 1.74 -1.72 0.00
0.89 -2.19 1.71 -1.61 0.00
0.92 -2.18 1.67 -1.51 0.00
0.97 -2.17 1.61 -1.40 0.00
1.01 -2.16 1.54 -1.31 0.00
1.05 -2.14 1.48 -1.24 0.00
1.07 -2.11 1.51 -1.21 0.00
1.08 -2.08 1.49 -1.17 0.00
1.09 -2.05 1.50 -1.14 0.00
1.11 -2.01 1.45 -1.07 0.00
1.13 -1.98 1.39 -1.01 0.00
1.14 -1.95 1.29 -0.96 0.00
1.15 -1.92 1.21 -0.92 0.00
1.18 -1.88 1.18 -0.88 0.00
1.18 -1.85 1.09 -0.86 0.00
1.19 -1.82 1.03 -0.83 0.00
1.19 -1.82 1.78 -1.01 1.00
1.19 -1.82 2.18 -1.68 1.00
1.19 -1.82 1.98 -2.44 1.00
1.19 -1.82 1.32 -2.81 1.00
1.21 -1.84 1.32 -2.83 0.00
1.20 -1.90 1.22 -2.90 0.00
1.21 -1.93 1.15 -2.93 0.00
1.21 -1.97 1.05 -2.96 0.00
1.22 -2.01 0.93 -2.97 0.00
1.23 -2.06 0.86 -2.99 0.00
1.23 -2.10 0.78 -2.99 0.00
1.23 -2.14 0.72 -3.01 0.00
1.21 -2.18 0.69 -3.03 0.00
1.19 -2.21 0.68 -3.07 0.00
1.16 -2.24 0.63 -3.09 0.00
1.14 -2.28 0.52 -3.06 0.00
1.13 -2.31 0.44 -3.04 0.00
1.10 -2.35 0.31 -2.96 0.00
1.08 -2.38 0.23 -2.91 0.00
1.06 -2.42 0.15 -2.84 0.00
1.01 -2.44 0.08 -2.80 0.00
0.98 -2.46 0.02 -2.75 0.00
0.94 -2.48 -0.02 -2.72 0.00
0.90 -2.49 -0.07 -2.71 0.00
0.87 -2.52 -0.12 -2.66 0.00
0.83 -2.54 -0.16 -2.61 0.00
0.79 -2.52 -0.19 -2.74 0.00
0.72 -2.54 -0.26 -2.71 0.00
0.68 -2.55 -0.32 -2.60 0.00
0.63 -2.56 -0.37 -2.62 0.00
0.58 -2.57 -0.42 -2.53 0.00
0.54 -2.57 -0.46 -2.57 0.00
0.47 -2.57 -0.52 -2.44 0.00
0.39 -2.58 -0.61 -2.52 0.00
0.40 -2.59 -0.59 -2.45 0.00
0.36 -2.58 -0.63 -2.44 0.00
0.32 -2.57 -0.67 -2.50 0.00
0.28 -2.57 -0.71 -2.50 0.00
0.24 -2.56 -0.76 -2.50 0.00
0.20 -2.56 -0.80 -2.47 0.00
0.16 -2.56 -0.83 -2.44 0.00
0.12 -2.55 -0.87 -2.41 0.00
0.08 -2.55 -0.90 -2.37 0.00
0.04 -2.55 -0.93 -2.33 0.00
0.01 -2.54 -0.96 -2.29 0.00
-0.03 -2.54 -0.98 -2.23 0.00
-0.06 -2.54 -0.98 -2.15 0.00
-0.12 -2.52 -1.06 -2.17 0.00
-0.15 -2.51 -1.09 -2.18 0.00
-0.21 -2.50 -1.16 -2.20 0.00
-0.23 -2.49 -1.15 -2.10 0.00
-0.27 -2.47 -1.15 -2.00 0.00
-0.46 -2.23 -0.60 -1.24 0.00
-0.34 -2.39 -1.30 -2.12 0.00
-0.38 -2.38 -1.35 -2.14 0.00
-0.42 -2.37 -1.39 -2.12 0.00
-0.46 -2.36 -1.43 -2.11 0.00
-0.49 -2.35 -1.47 -2.11 0.00
-0.53 -2.34 -1.50 -2.10 0.00
-0.57 -2.33 -1.53 -2.06 0.00
-0.54 -2.33 -1.34 -1.74 0.00
-0.63 -2.31 -1.58 -1.99 0.00
-0.70 -2.28 -1.69 -2.14 0.00
-0.76 -2.26 -1.76 -2.23 0.00
-0.77 -2.26 -1.75 -2.06 0.00
-0.80 -2.27 -1.75 -1.96 0.00
-0.87 -2.22 -1.86 -2.13 0.00
-0.94 -2.22 -1.93 -2.32 0.00
-0.99 -2.21 -1.98 -2.28 0.00
-1.01 -2.26 -1.99 -2.08 0.00
-1.05 -2.27 -2.03 -2.04 0.00
-1.10 -2.25 -2.10 -2.15 0.00
-1.12 -2.25 -2.08 -1.97 0.00
-1.16 -2.24 -2.13 -1.98 0.00
-1.21 -2.22 -2.21 -2.14 0.00
-1.25 -2.22 -2.24 -2.08 0.00
-1.29 -2.21 -2.28 -2.11 0.00
-1.35 -2.17 -2.34 -2.35 0.00
-1.35 -2.19 -2.35 -2.11 0.00
-1.46 -2.14 -2.31 -2.67 0.00
-1.44 -2.18 -2.44 -2.16 0.00
-1.50 -2.19 -2.50 -2.24 0.00
-1.55 -2.14 -2.50 -2.47 0.00
-1.57 -2.17 -2.57 -2.19 0.00
-1.61 -2.18 -2.61 -2.17 0.00
-1.64 -2.18 -2.64 -2.09 0.00
-1.63 -2.18 -2.53 -1.74 0.00
-1.69 -2.19 -2.52 -1.65 0.00
-1.78 -2.16 -2.78 -2.07 0.00
-1.80 -2.11 -2.68 -1.62 0.00
-1.87 -2.13 -2.82 -1.81 0.00
-1.91 -2.15 -2.87 -1.86 0.00
-1.93 -2.16 -2.88 -1.85 0.00
-1.96 -2.15 -2.91 -1.82 0.00
-2.01 -2.14 -2.94 -1.78 0.00
-2.05 -2.13 -2.96 -1.74 0.00
-2.09 -2.12 -2.99 -1.69 0.00
-2.12 -2.10 -3.01 -1.64 0.00
-2.16 -2.09 -3.02 -1.57 0.00
-2.20 -2.07 -3.01 -1.49 0.00
-2.24 -2.06 -2.86 -1.27 0.00
-2.27 -2.04 -2.78 -1.17 0.00
-2.31 -2.02 -2.69 -1.09 0.00
-2.34 -2.00 -2.60 -1.03 0.00
-2.38 -1.98 -2.51 -0.99 0.00
-2.39 -1.94 -2.50 -0.95 0.00
-2.39 -1.90 -2.49 -0.90 0.00
-2.40 -1.86 -2.50 -0.86 0.00
-2.40 -1.82 -2.51 -0.82 0.00
-2.41 -1.77 -2.51 -0.78 0.00
-2.41 -1.73 -2.53 -0.74 0.00
-2.42 -1.69 -2.56 -0.70 0.00
-2.42 -1.65 -2.58 -0.66 0.00
-2.42 -1.61 -2.60 -0.62 0.00
-2.43 -1.57 -2.62 -0.59 0.00
-2.43 -1.53 -2.63 -0.55 0.00
-2.43 -1.49 -2.69 -0.52 0.00
-2.44 -1.44 -2.74 -0.49 0.00
-2.44 -1.40 -2.79 -0.46 0.00
-2.45 -1.36 -2.82 -0.43 0.00
-2.46 -1.33 -2.84 -0.40 0.00
-2.47 -1.29 -2.84 -0.36 0.00
-2.49 -1.25 -2.86 -0.32 0.00
-2.50 -1.22 -2.88 -0.29 0.00
-2.52 -1.18 -2.89 -0.25 0.00
-2.53 -1.14 -2.90 -0.21 0.00
-2.55 -1.11 -2.91 -0.18 0.00
-2.56 -1.07 -2.92 -0.14 0.00
-2.58 -1.03 -2.94 -0.10 0.00
-2.59 -0.99 -2.93 -0.06 0.00
-2.60 -0.96 -2.94 -0.02 0.00
-2.62 -0.92 -2.95 0.02 0.00
-2.63 -0.88 -2.95 0.07 0.00
-2.64 -0.84 -2.98 0.11 0.00
-2.66 -0.79 -2.99 0.15 0.00
-2.67 -0.75 -3.01 0.19 0.00
-2.68 -0.71 -3.02 0.23 0.00
-2.70 -0.67 -3.03 0.27 0.00
-2.71 -0.63 -3.04 0.31 0.00
-2.73 -0.59 -3.05 0.35 0.00
-2.74 -0.56 -3.07 0.39 0.00
-2.75 -0.52 -3.08 0.42 0.00
-2.76 -0.49 -3.10 0.45 0.00
-2.77 -0.45 -3.12 0.49 0.00
-2.79 -0.42 -3.13 0.52 0.00
-2.80 -0.38 -3.14 0.56 0.00
-2.81 -0.35 -3.15 0.59 0.00
-2.82 -0.32 -3.15 0.63 0.00
-2.83 -0.27 -3.22 0.65 0.00
-2.84 -0.23 -3.27 0.67 0.00
-2.85 -0.19 -3.32 0.69 0.00
-2.86 -0.16 -3.35 0.72 0.00
-2.88 -0.12 -3.37 0.75 0.00
-2.90 -0.09 -3.39 0.78 0.00
-2.92 -0.05 -3.41 0.82 0.00
-2.94 -0.02 -3.42 0.85 0.00
-2.96 0.01 -3.44 0.89 0.00
-2.97 0.05 -3.46 0.92 0.00
-2.99 0.08 -3.47 0.95 0.00
-3.01 0.11 -3.49 0.99 0.00
-3.03 0.14 -3.48 1.03 0.00
-3.05 0.18 -3.51 1.06 0.00
-3.06 0.21 -3.52 1.10 0.00
-3.08 0.24 -3.53 1.13 0.00
-3.10 0.28 -3.57 1.16 0.00
-3.12 0.31 -3.61 1.18 0.00
-3.13 0.35 -3.66 1.20 0.00
-3.15 0.39 -3.70 1.23 0.00
-3.17 0.43 -3.75 1.24 0.00
-3.19 0.46 -3.81 1.25 0.00
-3.21 0.50 -3.86 1.26 0.00
-3.23 0.53 -3.90 1.27 0.00
-3.25 0.56 -3.95 1.28 0.00
-3.28 0.59 -3.99 1.29 0.00
-3.30 0.62 -4.05 1.28 0.00
-3.32 0.64 -4.10 1.27 0.00
-3.35 0.67 -4.15 1.27 0.00
-3.37 0.69 -4.20 1.26 0.00
-3.40 0.72 -4.24 1.25 0.00
-3.43 0.74 -4.29 1.25 0.00
-3.46 0.76 -4.34 1.23 0.00
-3.50 0.78 -4.39 1.24 0.00
-3.53 0.80 -4.43 1.24 0.00
-3.57 0.82 -4.48 1.23 0.00
-3.61 0.84 -4.53 1.23 0.00
-3.64 0.86 -4.57 1.22 0.00
-3.68 0.88 -4.62 1.21 0.00
-3.71 0.89 -4.66 1.20 0.00
-3.74 0.91 -4.70 1.18 0.00
-3.78 0.92 -4.74 1.19 0.00
-3.81 0.93 -4.79 1.15 0.00
-3.85 0.94 -4.83 1.12 0.00
-3.88 0.95 -4.87 1.07 0.00
-3.92 0.96 -4.91 1.01 0.00
-3.95 0.97 -4.95 0.95 0.00
-3.99 0.98 -4.98 0.87 0.00
-4.03 0.97 -4.99 0.70 0.00
-4.07 0.97 -4.99 0.57 0.00
-4.11 0.96 -4.96 0.44 0.00
-4.15 0.96 -4.91 0.31 0.00
-4.19 0.95 -4.84 0.19 0.00
-4.24 0.95 -4.76 0.10 0.00
-4.27 0.94 -4.69 0.03 0.00
-4.29 0.90 -4.73 0.01 0.00
-4.30 0.87 -4.75 -0.03 0.00
-4.32 0.84 -4.76 -0.06 0.00
-4.34 0.80 -4.76 -0.10 0.00
-4.35 0.77 -4.76 -0.14 0.00
-4.37 0.74 -4.74 -0.19 0.00
-4.38 0.71 -4.73 -0.23 0.00
-4.40 0.67 -4.73 -0.27 0.00
-4.42 0.64 -4.72 -0.31 0.00
-4.43 0.59 -4.60 -0.40 0.00
-4.45 0.54 -4.53 -0.46 0.00
-4.47 0.49 -4.44 -0.51 0.00
-4.49 0.44 -4.34 -0.55 0.00
-4.51 0.39 -4.24 -0.57 0.00
-4.51 0.35 -4.17 -0.59 0.00
-4.50 0.31 -4.16 -0.63 0.00
-4.49 0.28 -4.15 -0.66 0.00
-4.47 0.24 -4.14 -0.70 0.00
-4.46 0.21 -4.14 -0.74 0.00
-4.45 0.17 -4.13 -0.78 0.00
-4.48 0.14 -3.94 -0.70 0.00
-4.44 0.11 -4.09 -0.83 0.00
-4.43 0.09 -4.10 -0.85 0.00
-4.40 0.02 -4.17 -0.95 0.00
-4.38 -0.02 -4.09 -0.98 0.00
-4.37 -0.04 -4.84 -0.92 1.00
-4.37 -0.03 -5.33 -0.32 1.00
-4.42 -0.04 -5.36 -0.37 0.00
-4.47 -0.06 -5.41 -0.42 0.00
-4.53 -0.07 -5.44 -0.49 0.00
-4.58 -0.08 -5.48 -0.53 0.00
-4.64 -0.10 -5.50 -0.60 0.00
-4.69 -0.12 -5.46 -0.75 0.00
-4.72 -0.13 -5.56 -0.66 0.00
-4.76 -0.14 -5.58 -0.71 0.00
-4.82 -0.18 -5.64 -0.76 0.00
-4.82 -0.20 -5.54 -0.90 0.00
-4.84 -0.21 -5.68 -0.75 0.00
-4.86 -0.23 -5.56 -0.94 0.00
-4.91 -0.27 -5.45 -1.11 0.00
-4.90 -0.26 -5.71 -0.85 0.00
-4.89 -0.25 -5.70 -0.84 0.00
-4.97 -0.35 -5.93 -0.62 0.00
-4.97 -0.35 -5.85 0.13 1.00
-4.99 -0.36 -5.86 0.14 0.00
-5.05 -0.32 -5.92 0.17 0.00
-5.06 -0.31 -5.83 0.33 0.00
-5.10 -0.25 -5.93 0.30 0.00
-5.12 -0.27 -5.90 0.35 0.00
-5.18 -0.25 -5.75 0.58 0.00
-5.22 -0.24 -5.66 0.66 0.00
-5.25 -0.21 -5.59 0.73 0.00
-5.27 -0.19 -5.59 0.76 0.00
-5.28 -0.16 -5.61 0.78 0.00
-5.28 -0.13 -5.63 0.80 0.00
-5.29 -0.10 -5.63 0.84 0.00
-5.30 -0.08 -5.46 0.91 0.00
-5.31 -0.08 -5.22 0.92 0.00
-5.32 -0.02 -5.30 0.98 0.00
-5.34 0.01 -5.38 1.01 0.00
-5.36 0.06 -5.28 1.06 0.00
-5.36 0.09 -5.07 1.05 0.00
-5.35 0.13 -4.89 1.02 0.00
-5.35 0.17 -4.77 0.98 0.00
-5.35 0.22 -4.64 0.92 0.00
-5.35 0.24 -4.57 0.87 0.00
-5.37 0.28 -4.46 0.70 0.00
-5.28 0.32 -4.47 0.91 0.00
-5.23 0.37 -4.56 1.11 0.00
-5.18 0.30 -4.21 0.54 0.00
-5.16 0.39 -4.25 0.80 0.00
-5.13 0.39 -4.31 0.96 0.00
-5.11 0.42 -4.20 0.83 0.00
-5.03 0.45 -4.21 1.01 0.00
-5.02 0.44 -4.03 0.62 0.00
-5.00 0.51 -4.05 0.80 0.00
-4.96 0.50 -4.00 0.77 0.00
-4.93 0.51 -3.97 0.79 0.00
-4.89 0.54 -3.90 0.67 0.00
-4.83 0.56 -3.84 0.74 0.00
-4.80 0.56 -3.80 0.59 0.00
-4.76 0.60 -3.76 0.62 0.00
-4.73 0.60 -3.74 0.43 0.00
-4.68 0.59 -3.71 0.34 0.00
-4.62 0.59 -3.67 0.27 0.00
-4.58 0.59 -3.60 0.39 0.00
-4.56 0.57 -3.59 0.33 0.00
-4.51 0.56 -3.54 0.30 0.00
-4.46 0.55 -3.50 0.28 0.00
-4.42 0.53 -3.46 0.23 0.00
-4.37 0.52 -3.43 0.19 0.00
-4.32 0.51 -3.39 0.16 0.00
-4.29 0.50 -3.35 0.14 0.00
-4.25 0.48 -3.31 0.13 0.00
-4.21 0.46 -3.26 0.14 0.00
-4.17 0.45 -3.22 0.13 0.00
-4.13 0.43 -3.17 0.14 0.00
-4.09 0.42 -3.12 0.17 0.00
-4.05 0.40 -3.07 0.18 0.00
-4.01 0.39 -3.02 0.20 0.00
-3.97 0.37 -2.98 0.21 0.00
-3.93 0.37 -2.94 0.21 0.00
-3.89 0.36 -2.90 0.22 0.00
-3.85 0.35 -2.85 0.24 0.00
-3.81 0.35 -2.81 0.24 0.00
-3.77 0.34 -2.77 0.25 0.00
-3.73 0.33 -2.73 0.25 0.00
-3.69 0.33 -2.69 0.26 0.00
-3.65 0.33 -2.65 0.24 0.00
-3.61 0.32 -2.61 0.23 0.00
-3.57 0.32 -2.57 0.22 0.00
-3.53 0.32 -2.53 0.21 0.00
-3.49 0.31 -2.50 0.20 0.00
-3.45 0.31 -2.46 0.19 0.00
-3.41 0.31 -2.42 0.17 0.00
-3.37 0.30 -2.38 0.15 0.00
-3.33 0.30 -2.34 0.13 0.00
-3.29 0.29 -2.31 0.11 0.00
-3.25 0.29 -2.27 0.08 0.00
-3.21 0.28 -2.23 0.06 0.00
-3.17 0.27 -2.20 0.04 0.00
-3.13 0.26 -2.16 0.01 0.00
-3.09 0.26 -2.13 -0.03 0.00
-3.05 0.25 -2.09 -0.06 0.00
-3.01 0.23 -2.05 -0.05 0.00
-2.97 0.22 -2.01 -0.08 0.00
-2.93 0.21 -1.98 -0.11 0.00
-2.89 0.20 -1.95 -0.14 0.00
-2.85 0.19 -1.92 -0.18 0.00
-2.81 0.18 -1.89 -0.21 0.00
-2.78 0.16 -1.86 -0.23 0.00
-2.74 0.15 -1.83 -0.27 0.00
-2.70 0.14 -1.79 -0.29 0.00
-2.66 0.12 -1.75 -0.30 0.00
-2.62 0.10 -1.71 -0.30 0.00
-2.59 0.08 -1.66 -0.29 0.00
-2.55 0.06 -1.60 -0.26 0.00
-2.51 0.05 -1.54 -0.20 0.00
-2.47 0.03 -1.49 -0.14 0.00
-2.43 0.01 -1.44 -0.06 0.00
-2.39 0.01 -1.40 -0.07 0.00
-2.35 0.00 -1.36 -0.07 0.00
-2.32 0.00 -1.32 -0.07 0.00
-2.28 -0.00 -1.28 -0.08 0.00
-2.24 -0.00 -1.24 -0.08 0.00
-2.20 -0.01 -1.20 -0.08 0.00
-2.16 -0.01 -1.16 -0.07 0.00
-2.12 -0.01 -1.12 -0.05 0.00
-2.08 -0.02 -1.08 -0.02 0.00
-2.04 -0.02 -1.04 -0.01 0.00
-2.00 -0.02 -1.01 0.02 0.00
-1.97 -0.03 -0.97 0.07 0.00
-1.93 -0.03 -0.94 0.13 0.00
-1.89 -0.03 -0.92 0.18 0.00
-1.90 0.03 -0.91 -0.12 0.00
-1.86 0.00 -0.86 -0.03 0.00
-1.79 -0.06 -0.89 0.38 0.00
-1.78 -0.01 -0.79 -0.03 0.00
-1.74 -0.01 -0.74 -0.05 0.00
-1.70 -0.01 -0.70 0.04 0.00
-1.66 -0.01 -0.66 -0.00 0.00
-1.61 -0.00 -0.61 -0.04 0.00
-1.56 -0.02 -0.57 0.09 0.00
-1.53 -0.01 -0.54 0.03 0.00
-1.49 -0.05 -0.51 -0.27 0.00
-1.42 -0.03 -0.42 -0.11 0.00
-1.40 -0.01 -0.40 0.05 0.00
-1.38 -0.01 -0.38 0.02 0.00
-1.33 -0.01 -0.33 -0.01 0.00
-1.31 -0.03 -0.31 0.02 0.00
-1.31 -0.01 -0.33 -0.22 0.00
-1.19 -0.02 -0.21 0.18 0.00
-1.02 0.01 -0.44 0.82 0.00
-1.10 -0.01 -0.11 0.13 0.00
-1.07 -0.00 -0.08 0.12 0.00
-1.03 0.00 -0.04 0.12 0.00
-0.99 0.01 0.00 0.12 0.00
-0.95 0.02 0.04 0.13 0.00
-0.91 0.02 0.08 0.15 0.00
-0.87 0.02 0.12 0.18 0.00
-0.83 0.03 0.16 0.22 0.00
-0.79 0.03 0.19 0.25 0.00
-0.75 0.04 0.22 0.29 0.00
-0.71 0.04 0.25 0.32 0.00
-0.67 0.05 0.29 0.35 0.00
-0.63 0.06 0.32 0.37 0.00
-0.60 0.07 0.35 0.39 0.00
-0.56 0.08 0.38 0.42 0.00
-0.52 0.09 0.42 0.43 0.00
-0.48 0.10 0.46 0.43 0.00
-0.45 0.12 0.50 0.44 0.00
-0.41 0.13 0.54 0.44 0.00
-0.37 0.15 0.59 0.44 0.00
-0.33 0.16 0.64 0.41 0.00
-0.29 0.17 0.68 0.39 0.00
-0.25 0.19 0.73 0.37 0.00
-0.21 0.20 0.78 0.35 0.00
-0.17 0.21 0.82 0.32 0.00
-0.13 0.22 0.86 0.29 0.00
-0.09 0.23 0.90 0.27 0.00
-0.06 0.23 0.94 0.26 0.00
-0.02 0.23 0.98 0.25 0.00
0.02 0.24 1.02 0.24 0.00
0.06 0.24 1.06 0.26 0.00
0.10 0.24 1.09 0.10 0.00
0.15 0.24 1.12 -0.01 0.00
0.19 0.24 1.12 -0.13 0.00
0.24 0.24 1.11 -0.25 0.00
0.28 0.24 1.07 -0.37 0.00
0.32 0.24 1.02 -0.47 0.00
0.36 0.23 1.01 -0.53 0.00
0.38 0.20 1.03 -0.56 0.00
0.41 0.17 1.04 -0.60 0.00
0.43 0.15 1.05 -0.64 0.00
0.45 0.12 1.06 -0.68 0.00
0.47 0.09 1.06 -0.72 0.00
0.50 0.06 1.08 -0.75 0.00
0.52 0.04 1.08 -0.79 0.00
0.54 0.01 1.09 -0.83 0.00
0.56 -0.02 1.09 -0.87 0.00
0.59 -0.05 1.10 -0.91 0.00
0.61 -0.09 1.10 -0.96 0.00
0.63 -0.12 1.05 -1.02 0.00
0.65 -0.15 1.00 -1.09 0.00
0.67 -0.19 0.95 -1.15 0.00
0.69 -0.22 0.89 -1.20 0.00
0.71 -0.26 0.84 -1.25 0.00
0.73 -0.29 0.79 -1.29 0.00
0.74 -0.33 0.76 -1.33 0.00
0.74 -0.37 0.76 -1.37 0.00
0.74 -0.41 0.77 -1.41 0.00
0.74 -0.45 0.78 -1.45 0.00
0.74 -0.49 0.70 -1.49 0.00
0.74 -0.51 0.56 -1.49 0.00
0.75 -0.54 0.46 -1.50 0.00
0.75 -0.61 0.35 -1.53 0.00
0.75 -0.62 -0.17 -1.00 1.00
0.76 -0.61 -0.18 -0.26 1.00
0.71 -0.58 -0.27 -0.40 0.00
0.62 -0.53 -0.36 -0.71 0.00
0.56 -0.50 -0.38 -0.85 0.00
0.60 -0.51 -0.40 -0.43 0.00
0.56 -0.51 -0.43 -0.45 0.00
0.52 -0.51 -0.48 -0.49 0.00
0.48 -0.51 -0.52 -0.47 0.00
0.44 -0.51 -0.56 -0.47 0.00
0.40 -0.51 -0.60 -0.46 0.00
0.36 -0.51 -0.64 -0.43 0.00
0.32 -0.51 -0.68 -0.46 0.00
0.28 -0.51 -0.72 -0.45 0.00
0.24 -0.51 -0.76 -0.45 0.00
0.20 -0.50 -0.80 -0.44 0.00
0.16 -0.50 -0.84 -0.43 0.00
0.12 -0.50 -0.88 -0.43 0.00
0.08 -0.49 -0.92 -0.42 0.00
