0.30 1.20 -0.64 0.86 0.00
0.26 1.19 -0.68 0.85 0.00
0.23 1.17 -0.72 0.84 0.00
0.19 1.16 -0.77 0.85 0.00
0.14 1.14 -0.80 0.83 0.00
0.11 1.13 -0.85 0.82 0.00
0.07 1.12 -0.89 0.81 0.00
0.03 1.10 -0.93 0.80 0.00
-0.01 1.09 -0.97 0.79 0.00
-0.05 1.08 -1.01 0.78 0.00
-0.09 1.06 -1.05 0.77 0.00
-0.13 1.05 -1.08 0.75 0.00
-0.17 1.04 -1.12 0.73 0.00
-0.21 1.03 -1.16 0.71 0.00
-0.25 1.02 -1.18 0.65 0.00
-0.29 1.00 -1.20 0.58 0.00
-0.33 0.99 -1.21 0.52 0.00
-0.37 0.98 -1.20 0.42 0.00
-0.41 0.97 -1.21 0.36 0.00
-0.45 0.95 -1.21 0.30 0.00
-0.50 0.93 -1.24 0.26 0.00
-0.54 0.90 -1.27 0.22 0.00
-0.58 0.86 -1.32 0.19 0.00
-0.62 0.82 -1.35 0.14 0.00
-0.66 0.79 -1.39 0.10 0.00
-0.70 0.75 -1.43 0.06 0.00
-0.74 0.71 -1.47 0.02 0.00
-0.78 0.67 -1.49 -0.03 0.00
-0.82 0.64 -1.50 -0.10 0.00
-0.85 0.63 -1.35 -0.24 0.00
-0.90 0.55 -1.61 -0.15 0.00
-0.94 0.51 -1.63 -0.21 0.00
-0.97 0.48 -1.62 -0.28 0.00
-1.00 0.44 -1.65 -0.32 0.00
-1.03 0.40 -1.70 -0.35 0.00
-1.05 0.36 -1.81 -0.30 0.00
-1.10 0.32 -1.73 -0.46 0.00
-1.13 0.28 -1.73 -0.52 0.00
-1.16 0.25 -1.75 -0.56 0.00
-1.21 0.20 -1.75 -0.64 0.00
-1.21 0.14 -1.16 -0.86 0.00
-1.24 0.13 -1.53 -0.82 0.00
-1.30 0.09 -1.67 -0.83 0.00
-1.34 0.00 -1.50 -0.98 0.00
-1.35 0.01 -1.57 -0.97 0.00
-1.37 -0.01 -1.54 -1.00 0.00
-1.39 -0.06 -1.53 -1.05 0.00
-1.39 -0.10 -1.53 -1.09 0.00
-1.40 -0.14 -1.56 -1.13 0.00
-1.40 -0.14 -2.21 -0.73 1.00
-1.44 -0.17 -2.29 -0.70 0.00
-1.47 -0.19 -2.35 -0.67 0.00
-1.51 -0.22 -2.41 -0.65 0.00
-1.55 -0.25 -2.47 -0.62 0.00
-1.59 -0.27 -2.53 -0.59 0.00
-1.62 -0.30 -2.59 -0.56 0.00
-1.66 -0.32 -2.64 -0.55 0.00
-1.71 -0.33 -2.68 -0.56 0.00
-1.75 -0.34 -2.72 -0.59 0.00
-1.79 -0.35 -2.74 -0.66 0.00
-1.83 -0.36 -2.75 -0.74 0.00
-1.87 -0.37 -2.76 -0.83 0.00
-1.91 -0.38 -2.76 -0.91 0.00
-1.95 -0.39 -2.76 -0.98 0.00
-1.99 -0.40 -2.75 -1.05 0.00
-2.03 -0.41 -2.74 -1.11 0.00
-2.06 -0.44 -2.73 -1.18 0.00
-2.09 -0.46 -2.74 -1.23 0.00
-2.13 -0.49 -2.76 -1.27 0.00
-2.16 -0.51 -2.77 -1.30 0.00
-2.12 -0.50 -3.03 -0.90 0.00
-2.26 -0.61 -2.51 -1.58 0.00
-2.23 -0.62 -2.75 -1.47 0.00
-2.32 -0.74 -2.27 -1.74 0.00
