0.40 0.90 0.34 1.90 0.00
0.40 0.94 0.19 1.92 0.00
0.40 0.99 0.10 1.94 0.00
0.40 1.03 0.00 1.95 0.00
0.40 1.08 -0.08 1.96 0.00
0.40 1.13 -0.16 1.96 0.00
0.38 1.16 -0.22 1.96 0.00
0.36 1.20 -0.24 1.99 0.00
0.34 1.23 -0.27 2.02 0.00
0.32 1.26 -0.29 2.05 0.00
0.29 1.29 -0.36 2.04 0.00
0.27 1.32 -0.45 2.01 0.00
0.25 1.35 -0.53 1.97 0.00
0.23 1.38 -0.61 1.93 0.00
0.20 1.41 -0.68 1.89 0.00
0.18 1.44 -0.74 1.85 0.00
0.15 1.47 -0.79 1.81 0.00
0.11 1.48 -0.88 1.62 0.00
0.07 1.50 -0.93 1.49 0.00
0.03 1.51 -0.96 1.34 0.00
-0.02 1.52 -0.98 1.24 0.00
-0.06 1.52 -0.92 1.01 0.00
-0.10 1.54 -0.93 0.99 0.00
-0.14 1.55 -0.90 0.89 0.00
-0.18 1.53 -0.96 0.90 0.00
-0.22 1.50 -1.00 0.87 0.00
-0.25 1.47 -1.03 0.84 0.00
-0.29 1.44 -1.03 0.76 0.00
-0.32 1.41 -1.02 0.69 0.00
-0.36 1.38 -1.00 0.62 0.00
-0.39 1.35 -0.98 0.54 0.00
-0.43 1.32 -0.97 0.48 0.00
-0.47 1.30 -0.95 0.42 0.00
-0.47 1.25 -1.00 0.40 0.00
-0.50 1.21 -1.03 0.36 0.00
-0.52 1.17 -1.07 0.33 0.00
-0.55 1.13 -1.09 0.28 0.00
-0.58 1.09 -1.07 0.21 0.00
-0.60 1.05 -1.04 0.15 0.00
-0.63 1.01 -1.02 0.09 0.00
-0.66 0.97 -0.99 0.02 0.00
-0.68 0.93 -0.96 -0.03 0.00
-0.71 0.88 -0.91 -0.10 0.00
-0.73 0.84 -0.89 -0.15 0.00
-0.74 0.80 -0.90 -0.18 0.00
-0.74 0.76 -0.92 -0.22 0.00
-0.75 0.72 -0.98 -0.25 0.00
-0.76 0.68 -1.04 -0.28 0.00
-0.76 0.64 -1.11 -0.30 0.00
-0.78 0.60 -1.05 -0.37 0.00
-0.81 0.56 -1.01 -0.42 0.00
-0.83 0.52 -0.98 -0.47 0.00
-0.84 0.47 -0.98 -0.52 0.00
-0.85 0.43 -0.99 -0.56 0.00
-0.85 0.39 -1.00 -0.60 0.00
-0.86 0.36 -0.97 -0.63 0.00
-0.84 0.34 -0.99 -0.65 0.00
-0.87 0.39 -0.61 -0.58 0.00
-0.85 0.20 -1.37 -0.65 0.00
-0.90 0.13 -1.65 -0.52 0.00
-0.88 0.13 -1.43 -0.71 0.00
-0.89 0.11 -1.48 -0.69 0.00
-0.91 0.08 -1.54 -0.69 0.00
-0.93 0.04 -1.58 -0.73 0.00
-0.96 0.00 -1.61 -0.77 0.00
-1.00 -0.04 -1.72 -0.72 0.00
-1.03 -0.07 -1.81 -0.70 0.00
-1.06 -0.11 -1.89 -0.67 0.00
-1.09 -0.15 -1.97 -0.62 0.00
-1.12 -0.19 -2.05 -0.57 0.00
-1.15 -0.23 -2.11 -0.51 0.00
-1.19 -0.24 -2.15 -0.52 0.00
-1.23 -0.25 -2.19 -0.53 0.00
-1.27 -0.26 -2.22 -0.55 0.00
-1.30 -0.27 -2.26 -0.57 0.00
-1.34 -0.29 -2.29 -0.60 0.00
-1.38 -0.30 -2.32 -0.63 0.00
-1.42 -0.31 -2.36 -0.66 0.00
-1.46 -0.32 -2.39 -0.68 0.00
-1.49 -0.33 -2.42 -0.71 0.00
-1.53 -0.34 -2.46 -0.72 0.00
-1.53 -0.34 -2.45 0.05 1.00
-1.57 -0.33 -2.48 0.08 0.00
-1.60 -0.31 -2.51 0.11 0.00
-1.64 -0.30 -2.55 0.13 0.00
-1.68 -0.28 -2.58 0.15 0.00
-1.72 -0.26 -2.61 0.18 0.00
-1.75 -0.25 -2.66 0.18 0.00
-1.79 -0.23 -2.70 0.19 0.00
-1.83 -0.21 -2.74 0.20 0.00
-1.86 -0.19 -2.78 0.20 0.00
-1.90 -0.18 -2.84 0.15 0.00
-1.93 -0.16 -2.91 0.04 0.00
-1.97 -0.14 -2.97 -0.09 0.00
-2.01 -0.13 -3.00 -0.24 0.00
-2.05 -0.11 -3.01 -0.38 0.00
-2.08 -0.10 -2.99 -0.51 0.00
-2.12 -0.08 -2.96 -0.62 0.00
-2.16 -0.11 -2.91 -0.78 0.00
-2.20 -0.14 -2.88 -0.88 0.00
-2.24 -0.16 -2.83 -0.97 0.00
-2.29 -0.19 -2.80 -1.05 0.00
-2.33 -0.22 -2.73 -1.14 0.00
-2.37 -0.25 -2.65 -1.21 0.00
-2.40 -0.28 -2.59 -1.26 0.00
-2.41 -0.32 -2.60 -1.31 0.00
-2.42 -0.37 -2.61 -1.35 0.00
-2.43 -0.41 -2.61 -1.39 0.00
-2.44 -0.45 -2.59 -1.44 0.00
-2.44 -0.49 -2.60 -1.48 0.00
-2.45 -0.54 -2.57 -1.53 0.00
-2.46 -0.58 -2.55 -1.57 0.00
-2.47 -0.62 -2.54 -1.62 0.00
-2.48 -0.66 -2.52 -1.66 0.00
-2.48 -0.70 -2.54 -1.70 0.00
-2.48 -0.74 -2.54 -1.74 0.00
-2.48 -0.78 -2.49 -1.78 0.00
-2.48 -0.82 -2.44 -1.82 0.00
-2.49 -0.86 -2.37 -1.85 0.00
-2.49 -0.90 -2.32 -1.89 0.00
-2.49 -0.94 -2.25 -1.91 0.00
-2.49 -0.98 -2.19 -1.93 0.00
-2.50 -1.02 -2.13 -1.95 0.00
-2.49 -1.06 -2.10 -1.98 0.00
-2.47 -1.09 -2.08 -2.01 0.00
-2.46 -1.13 -2.04 -2.04 0.00
-2.44 -1.17 -1.96 -2.04 0.00
-2.43 -1.20 -1.85 -2.02 0.00
-2.41 -1.24 -1.72 -1.96 0.00
-2.39 -1.28 -1.62 -1.91 0.00
-2.36 -1.30 -1.68 -2.04 0.00
-2.33 -1.32 -1.74 -2.13 0.00
-2.31 -1.34 -1.86 -2.23 0.00
-2.30 -1.41 -1.60 -2.13 0.00
-2.22 -1.39 -1.66 -2.22 0.00
-2.21 -1.44 -1.63 -2.25 0.00
-2.18 -1.47 -1.67 -2.33 0.00
-2.17 -1.51 -1.56 -2.31 0.00
-2.15 -1.55 -1.52 -2.32 0.00
-2.15 -1.58 -1.46 -2.31 0.00
-2.25 -1.67 -1.99 -2.63 0.00
-2.09 -1.65 -1.20 -2.11 0.00
-2.09 -1.67 -1.16 -2.05 0.00
-2.06 -1.70 -1.10 -1.98 0.00
-2.03 -1.71 -1.07 -1.99 0.00
-1.99 -1.72 -1.04 -2.00 0.00
-1.96 -1.74 -0.98 -1.94 0.00
-1.93 -1.76 -0.94 -1.91 0.00
-1.89 -1.77 -0.90 -1.90 0.00
-1.85 -1.78 -0.86 -1.89 0.00
-1.81 -1.78 -0.82 -1.91 0.00
-1.77 -1.79 -0.78 -1.90 0.00
-1.73 -1.79 -0.73 -1.88 0.00
-1.69 -1.80 -0.69 -1.87 0.00
-1.65 -1.80 -0.65 -1.86 0.00
-1.61 -1.81 -0.61 -1.83 0.00
