-4.00 -0.50 -3.32 -1.24 0.00
-3.97 -0.54 -3.27 -1.26 0.00
-3.93 -0.58 -3.24 -1.30 0.00
-3.89 -0.62 -3.20 -1.34 0.00
-3.85 -0.66 -3.14 -1.36 0.00
-3.82 -0.70 -3.08 -1.37 0.00
-3.78 -0.74 -3.01 -1.37 0.00
-3.74 -0.77 -2.94 -1.37 0.00
-3.70 -0.81 -2.86 -1.35 0.00
-3.67 -0.85 -2.79 -1.33 0.00
-3.63 -0.89 -2.71 -1.29 0.00
-3.59 -0.92 -2.64 -1.26 0.00
-3.55 -0.93 -2.60 -1.25 0.00
-3.48 -0.94 -2.55 -1.30 0.00
-3.46 -0.96 -2.50 -1.23 0.00
-3.39 -0.96 -2.56 -1.52 0.00
-3.40 -0.97 -2.43 -1.22 0.00
-3.33 -0.97 -2.39 -1.30 0.00
-3.30 -0.97 -2.36 -1.31 0.00
-3.25 -0.97 -2.31 -1.31 0.00
-3.24 -1.01 -2.26 -1.22 0.00
-3.18 -1.04 -2.21 -1.27 0.00
-3.14 -1.04 -2.18 -1.31 0.00
-3.11 -1.04 -2.12 -1.20 0.00
-3.07 -1.06 -2.08 -1.20 0.00
-3.02 -1.05 -2.03 -1.15 0.00
-2.97 -1.08 -1.97 -1.13 0.00
-2.94 -1.07 -1.94 -1.10 0.00
-2.90 -1.08 -1.90 -1.19 0.00
-2.86 -1.08 -1.87 -1.15 0.00
-2.80 -1.06 -1.80 -1.16 0.00
-2.68 -1.07 -1.82 -1.57 0.00
-2.70 -1.04 -1.70 -1.10 0.00
-2.70 -1.04 -2.04 -1.79 1.00
-2.66 -1.07 -2.08 -1.88 0.00
-2.63 -1.10 -2.08 -1.94 0.00
-2.60 -1.13 -2.09 -1.99 0.00
-2.56 -1.16 -2.09 -2.04 0.00
-2.55 -1.20 -2.06 -2.08 0.00
-2.52 -1.24 -2.03 -2.11 0.00
-2.50 -1.28 -1.97 -2.13 0.00
-2.48 -1.32 -1.88 -2.12 0.00
-2.46 -1.36 -1.78 -2.09 0.00
-2.44 -1.40 -1.69 -2.06 0.00
-2.42 -1.44 -1.60 -2.02 0.00
-2.39 -1.48 -1.52 -1.97 0.00
-2.37 -1.52 -1.45 -1.93 0.00
-2.34 -1.55 -1.40 -1.90 0.00
-2.30 -1.56 -1.36 -1.91 0.00
-2.29 -1.58 -1.38 -2.00 0.00
-2.26 -1.61 -1.31 -1.90 0.00
-2.24 -1.64 -1.26 -1.85 0.00
-2.20 -1.65 -1.22 -1.86 0.00
-2.16 -1.66 -1.18 -1.86 0.00
-2.12 -1.67 -1.14 -1.86 0.00
-2.08 -1.68 -1.10 -1.86 0.00
-2.05 -1.69 -1.06 -1.86 0.00
-2.01 -1.69 -1.02 -1.87 0.00
-1.97 -1.70 -0.98 -1.88 0.00
-1.93 -1.71 -0.94 -1.88 0.00
-1.89 -1.72 -0.90 -1.88 0.00
-1.85 -1.73 -0.86 -1.86 0.00
-1.81 -1.73 -0.82 -1.86 0.00
-1.77 -1.74 -0.78 -1.87 0.00
-1.74 -1.74 -0.74 -1.88 0.00
-1.70 -1.75 -0.71 -1.91 0.00
-1.66 -1.76 -0.67 -1.91 0.00
-1.62 -1.76 -0.63 -1.92 0.00
-1.58 -1.77 -0.59 -1.92 0.00
-1.54 -1.78 -0.55 -1.92 0.00
-1.50 -1.78 -0.51 -1.93 0.00
-1.46 -1.79 -0.47 -1.93 0.00
-1.42 -1.80 -0.43 -1.94 0.00
-1.38 -1.80 -0.40 -1.97 0.00
-1.34 -1.81 -0.36 -1.97 0.00
-1.30 -1.82 -0.32 -1.98 0.00
-1.26 -1.82 -0.28 -1.99 0.00
-1.23 -1.83 -0.24 -2.00 0.00
-1.19 -1.83 -0.20 -2.01 0.00
-1.15 -1.84 -0.16 -2.02 0.00
-1.11 -1.85 -0.13 -2.03 0.00
-1.07 -1.85 -0.09 -2.06 0.00
-1.03 -1.86 -0.06 -2.09 0.00
-1.00 -1.87 -0.02 -2.10 0.00
-0.96 -1.88 0.01 -2.13 0.00
-0.92 -1.89 0.05 -2.15 0.00
-0.88 -1.90 0.08 -2.17 0.00
-0.84 -1.91 0.11 -2.20 0.00
-0.81 -1.92 0.15 -2.22 0.00
-0.77 -1.93 0.17 -2.25 0.00
-0.74 -1.94 0.20 -2.29 0.00
-0.70 -1.95 0.23 -2.31 0.00
-0.66 -1.96 0.27 -2.32 0.00
-0.63 -1.97 0.28 -2.39 0.00
-0.60 -1.98 0.31 -2.40 0.00
-0.56 -1.99 0.34 -2.43 0.00
-0.54 -2.00 0.37 -2.42 0.00
-0.51 -2.02 0.42 -2.40 0.00
-0.47 -2.03 0.40 -2.53 0.00
-0.43 -2.05 0.39 -2.62 0.00
-0.40 -2.07 0.37 -2.71 0.00
-0.36 -2.08 0.35 -2.78 0.00
-0.32 -2.10 0.29 -2.89 0.00
-0.28 -2.11 0.27 -2.95 0.00
-0.25 -2.14 0.28 -2.98 0.00
-0.23 -2.17 0.30 -3.02 0.00
-0.21 -2.21 0.34 -3.04 0.00
-0.19 -2.24 0.37 -3.07 0.00
-0.17 -2.28 0.43 -3.08 0.00
-0.15 -2.31 0.47 -3.09 0.00
-0.13 -2.34 0.51 -3.11 0.00
-0.10 -2.38 0.59 -3.10 0.00
-0.08 -2.42 0.66 -3.09 0.00
-0.06 -2.45 0.71 -3.09 0.00
-0.03 -2.47 0.68 -3.17 0.00
0.00 -2.50 0.66 -3.26 0.00
0.04 -2.53 0.64 -3.32 0.00
0.07 -2.55 0.61 -3.39 0.00
0.10 -2.58 0.59 -3.45 0.00
0.13 -2.60 0.55 -3.51 0.00
0.15 -2.63 0.56 -3.54 0.00
0.16 -2.66 0.59 -3.57 0.00
0.18 -2.69 0.61 -3.59 0.00
0.19 -2.72 0.64 -3.61 0.00
0.20 -2.76 0.68 -3.63 0.00
0.22 -2.79 0.71 -3.66 0.00
0.23 -2.82 0.74 -3.68 0.00
0.25 -2.85 0.77 -3.70 0.00
0.27 -2.88 0.78 -3.74 0.00
0.28 -2.91 0.81 -3.76 0.00
0.28 -2.91 0.06 -3.89 1.00
0.28 -2.91 -0.56 -3.44 1.00
0.26 -2.95 -0.66 -3.33 0.00
0.24 -2.99 -0.73 -3.25 0.00
0.20 -3.01 -0.77 -3.24 0.00
0.17 -3.02 -0.82 -3.16 0.00
0.13 -3.01 -0.85 -3.19 0.00
0.09 -3.01 -0.90 -3.15 0.00
0.07 -3.04 -0.93 -3.04 0.00
-0.01 -3.05 -0.99 -3.23 0.00
-0.04 -3.04 -1.03 -3.21 0.00
-0.10 -3.08 -1.10 -3.14 0.00
-0.13 -3.08 -1.13 -3.14 0.00
-0.18 -3.10 -1.18 -3.10 0.00
-0.21 -3.10 -1.21 -3.09 0.00
-0.25 -3.10 -1.24 -3.15 0.00
-0.28 -3.09 -1.28 -3.09 0.00
-0.33 -3.11 -1.33 -3.12 0.00
-0.34 -3.11 -1.08 -2.44 1.00
-0.34 -3.11 -0.41 -2.11 1.00
-0.35 -3.10 0.31 -2.35 1.00
-0.30 -3.06 0.27 -2.24 0.00
-0.28 -3.03 0.28 -2.21 0.00
-0.27 -3.02 0.15 -2.11 0.00
-0.24 -2.98 0.19 -2.08 0.00
-0.20 -2.95 0.17 -2.02 0.00
-0.20 -2.90 -0.02 -1.92 0.00
-0.16 -2.89 0.19 -1.95 0.00
-0.12 -2.84 0.18 -1.88 0.00
-0.13 -2.80 0.17 -1.84 0.00
-0.10 -2.77 0.17 -1.80 0.00
-0.09 -2.73 0.07 -1.75 0.00
-0.10 -2.70 0.00 -1.70 0.00
-0.09 -2.66 0.02 -1.67 0.00
-0.08 -2.60 -0.09 -1.60 0.00
-0.07 -2.57 -0.21 -1.58 0.00
-0.01 -2.51 -0.16 -1.53 0.00
-0.01 -2.48 -0.31 -1.52 0.00
-0.02 -2.43 -0.42 -1.51 0.00
-0.02 -2.39 -0.53 -1.52 0.00
-0.03 -2.35 -0.62 -1.54 0.00
-0.04 -2.31 -0.71 -1.57 0.00
-0.05 -2.26 -0.79 -1.59 0.00
-0.06 -2.23 -0.85 -1.61 0.00
-0.10 -2.19 -0.88 -1.57 0.00
-0.13 -2.17 -0.92 -1.55 0.00
-0.17 -2.14 -0.97 -1.55 0.00
-0.20 -2.11 -1.05 -1.57 0.00
-0.24 -2.08 -1.12 -1.61 0.00
-0.27 -2.05 -1.19 -1.65 0.00
-0.31 -2.02 -1.25 -1.68 0.00
-0.35 -1.99 -1.32 -1.74 0.00
-0.38 -1.96 -1.36 -1.77 0.00
-0.42 -1.95 -1.41 -1.77 0.00
-0.46 -1.94 -1.44 -1.76 0.00
-0.50 -1.94 -1.48 -1.75 0.00
-0.54 -1.93 -1.52 -1.73 0.00
-0.58 -1.92 -1.55 -1.69 0.00
-0.62 -1.92 -1.59 -1.66 0.00
-0.66 -1.91 -1.62 -1.62 0.00
-0.70 -1.90 -1.64 -1.58 0.00
-0.74 -1.89 -1.68 -1.55 0.00
-0.78 -1.88 -1.70 -1.51 0.00
-0.82 -1.87 -1.74 -1.50 0.00
-0.86 -1.86 -1.79 -1.49 0.00
-0.89 -1.84 -1.83 -1.48 0.00
-0.93 -1.82 -1.87 -1.47 0.00
-0.97 -1.81 -1.91 -1.47 0.00
-1.01 -1.79 -1.96 -1.49 0.00
-1.04 -1.77 -2.03 -1.58 0.00
-1.08 -1.74 -2.07 -1.63 0.00
-1.12 -1.73 -2.12 -1.65 0.00
-1.16 -1.73 -2.16 -1.67 0.00
-1.20 -1.73 -2.20 -1.64 0.00
-1.24 -1.72 -2.23 -1.64 0.00
-1.28 -1.72 -2.27 -1.63 0.00
-1.32 -1.72 -2.31 -1.62 0.00
-1.36 -1.71 -2.35 -1.61 0.00
-1.39 -1.71 -2.39 -1.60 0.00
-1.43 -1.71 -2.43 -1.59 0.00
-1.47 -1.70 -2.47 -1.59 0.00
-1.51 -1.70 -2.51 -1.62 0.00
-1.55 -1.70 -2.55 -1.67 0.00
-1.59 -1.69 -2.59 -1.74 0.00
-1.63 -1.69 -2.62 -1.80 0.00
-1.67 -1.69 -2.66 -1.79 0.00
-1.71 -1.69 -2.70 -1.80 0.00
-1.75 -1.69 -2.74 -1.81 0.00
-1.79 -1.70 -2.78 -1.81 0.00
-1.83 -1.71 -2.82 -1.81 0.00
-1.87 -1.71 -2.86 -1.82 0.00
-1.91 -1.71 -2.90 -1.84 0.00
-1.94 -1.72 -2.93 -1.91 0.00
-1.98 -1.72 -2.94 -2.02 0.00
-2.02 -1.72 -2.93 -2.14 0.00
-2.06 -1.73 -2.91 -2.25 0.00
-2.10 -1.73 -2.88 -2.36 0.00
-2.14 -1.74 -2.82 -2.47 0.00
-2.17 -1.75 -2.77 -2.55 0.00
-2.20 -1.76 -2.75 -2.60 0.00
-2.22 -1.79 -2.76 -2.63 0.00
-2.24 -1.83 -2.71 -2.71 0.00
-2.26 -1.86 -2.65 -2.78 0.00
-2.28 -1.89 -2.56 -2.85 0.00
-2.30 -1.93 -2.46 -2.91 0.00
-2.32 -1.96 -2.36 -2.96 0.00
-2.34 -1.99 -2.25 -2.99 0.00
-2.36 -2.03 -2.16 -3.01 0.00
-2.36 -2.06 -2.12 -3.03 0.00
-2.36 -2.09 -2.10 -3.06 0.00
-2.35 -2.12 -2.08 -3.09 0.00
-2.34 -2.16 -2.06 -3.12 0.00
-2.33 -2.19 -2.03 -3.14 0.00
-2.32 -2.22 -1.96 -3.15 0.00
-2.32 -2.25 -1.90 -3.16 0.00
-2.31 -2.28 -1.83 -3.16 0.00
-2.30 -2.31 -1.75 -3.14 0.00
-2.30 -2.31 -2.50 -3.29 1.00
-2.30 -2.35 -2.57 -3.31 0.00
-2.30 -2.39 -2.62 -3.34 0.00
-2.31 -2.42 -2.64 -3.37 0.00
-2.32 -2.46 -2.65 -3.40 0.00
-2.34 -2.50 -2.64 -3.45 0.00
-2.35 -2.53 -2.55 -3.51 0.00
-2.36 -2.54 -2.45 -3.53 0.00
-2.35 -2.60 -2.40 -3.60 0.00
-2.37 -2.63 -2.18 -3.61 0.00
-2.39 -2.66 -2.18 -3.64 0.00
-2.41 -2.70 -1.89 -3.55 0.00
-2.42 -2.74 -1.77 -3.51 0.00
-2.40 -2.76 -1.81 -3.57 0.00
-2.39 -2.79 -1.85 -3.64 0.00
-2.35 -2.81 -1.62 -3.50 0.00
-2.32 -2.85 -1.56 -3.50 0.00
-2.32 -2.83 -2.32 -3.83 1.00
-2.29 -2.82 -2.99 -3.53 1.00
-2.27 -2.85 -3.26 -2.91 1.00
-2.25 -2.86 -3.02 -2.22 1.00
-2.30 -2.82 -2.97 -2.08 0.00
-2.30 -2.85 -2.87 -2.04 0.00
-2.35 -2.80 -2.79 -1.90 0.00
-2.37 -2.77 -2.77 -1.85 0.00
-2.41 -2.73 -2.63 -1.76 0.00
-2.41 -2.70 -2.58 -1.71 0.00
-2.44 -2.69 -2.52 -1.69 0.00
-2.46 -2.65 -2.63 -1.66 0.00
-2.49 -2.57 -2.68 -1.59 0.00
-2.47 -2.53 -2.52 -1.53 0.00
-2.48 -2.54 -2.53 -1.54 0.00
-2.48 -2.51 -2.52 -1.51 0.00
-2.49 -2.47 -2.49 -1.47 0.00
-2.49 -2.43 -2.48 -1.43 0.00
-2.49 -2.39 -2.47 -1.39 0.00
-2.49 -2.36 -2.46 -1.36 0.00
-2.49 -2.32 -2.44 -1.32 0.00
-2.49 -2.27 -2.39 -1.28 0.00
-2.49 -2.23 -2.35 -1.24 0.00
-2.49 -2.19 -2.30 -1.21 0.00
-2.49 -2.15 -2.25 -1.18 0.00
-2.48 -2.11 -2.20 -1.15 0.00
-2.48 -2.07 -2.16 -1.12 0.00
-2.47 -2.02 -2.12 -1.09 0.00
-2.46 -1.98 -2.09 -1.05 0.00
-2.45 -1.94 -2.09 -1.01 0.00
-2.43 -1.90 -2.07 -0.97 0.00
-2.42 -1.86 -2.04 -0.93 0.00
-2.40 -1.82 -1.97 -0.92 0.00
-2.39 -1.78 -1.85 -0.93 0.00
-2.37 -1.74 -1.74 -0.96 0.00
-2.35 -1.70 -1.63 -1.01 0.00
-2.35 -1.70 -1.36 -1.73 1.00
-2.32 -1.70 -1.32 -1.73 0.00
-2.28 -1.70 -1.28 -1.75 0.00
-2.24 -1.70 -1.24 -1.75 0.00
-2.19 -1.71 -1.20 -1.76 0.00
-2.15 -1.71 -1.16 -1.76 0.00
-2.11 -1.71 -1.11 -1.76 0.00
-2.07 -1.71 -1.07 -1.76 0.00
-2.03 -1.71 -1.03 -1.77 0.00
-1.99 -1.71 -0.99 -1.78 0.00
-1.95 -1.72 -0.95 -1.80 0.00
-1.91 -1.72 -0.92 -1.82 0.00
-1.87 -1.72 -0.88 -1.87 0.00
-1.83 -1.72 -0.85 -1.92 0.00
-1.79 -1.72 -0.82 -1.98 0.00
-1.75 -1.73 -0.80 -2.05 0.00
-1.71 -1.73 -0.80 -2.14 0.00
-1.67 -1.75 -0.76 -2.15 0.00
-1.64 -1.77 -0.72 -2.16 0.00
-1.60 -1.78 -0.68 -2.17 0.00
-1.57 -1.80 -0.64 -2.18 0.00
-1.53 -1.81 -0.60 -2.18 0.00
-1.49 -1.83 -0.55 -2.18 0.00
-1.45 -1.84 -0.51 -2.18 0.00
-1.42 -1.86 -0.47 -2.19 0.00
-1.38 -1.87 -0.43 -2.19 0.00
-1.34 -1.89 -0.39 -2.19 0.00
-1.31 -1.90 -0.35 -2.18 0.00
-1.27 -1.92 -0.30 -2.17 0.00
-1.23 -1.93 -0.26 -2.17 0.00
-1.20 -1.94 -0.22 -2.16 0.00
-1.16 -1.95 -0.18 -2.16 0.00
-1.13 -1.96 -0.15 -2.15 0.00
-1.09 -1.97 -0.11 -2.16 0.00
-1.05 -1.98 -0.07 -2.17 0.00
-1.01 -1.99 -0.03 -2.17 0.00
-0.98 -1.99 0.01 -2.17 0.00
-0.94 -2.00 0.05 -2.17 0.00
-0.90 -2.01 0.09 -2.17 0.00
-0.86 -2.01 0.13 -2.17 0.00
-0.82 -2.02 0.17 -2.16 0.00
-0.79 -2.03 0.20 -2.15 0.00
-0.75 -2.04 0.25 -2.14 0.00
-0.71 -2.04 0.29 -2.11 0.00
-0.67 -2.05 0.33 -2.07 0.00
-0.64 -2.05 0.36 -2.01 0.00
-0.60 -2.06 0.39 -1.95 0.00
-0.56 -2.06 0.42 -1.88 0.00
-0.53 -2.06 0.43 -1.79 0.00
-0.49 -2.05 0.46 -1.74 0.00
-0.45 -2.05 0.49 -1.70 0.00
-0.41 -2.04 0.52 -1.67 0.00
-0.38 -2.03 0.55 -1.65 0.00
-0.34 -2.02 0.57 -1.59 0.00
-0.31 -2.00 0.60 -1.57 0.00
-0.27 -1.99 0.62 -1.54 0.00
-0.24 -1.97 0.64 -1.49 0.00
-0.20 -1.96 0.64 -1.42 0.00
-0.17 -1.94 0.65 -1.37 0.00
-0.13 -1.92 0.62 -1.27 0.00
-0.10 -1.91 0.59 -1.18 0.00
-0.07 -1.89 0.57 -1.12 0.00
-0.04 -1.87 0.49 -1.03 0.00
-0.01 -1.85 0.46 -0.97 0.00
0.01 -1.83 0.42 -0.91 0.00
0.01 -1.83 0.94 -1.47 1.00
0.01 -1.83 0.92 -2.24 1.00
0.04 -1.84 0.93 -2.31 0.00
0.08 -1.86 0.92 -2.40 0.00
0.12 -1.87 0.91 -2.48 0.00
0.15 -1.89 0.90 -2.55 0.00
0.19 -1.91 0.88 -2.63 0.00
0.22 -1.92 0.86 -2.70 0.00
0.26 -1.94 0.83 -2.76 0.00
0.28 -1.97 0.85 -2.79 0.00
0.30 -2.00 0.89 -2.81 0.00
0.32 -2.03 0.92 -2.83 0.00
0.34 -2.06 0.92 -2.87 0.00
0.36 -2.09 0.89 -2.94 0.00
0.38 -2.12 0.84 -3.00 0.00
0.40 -2.15 0.76 -3.08 0.00
0.39 -2.17 0.60 -3.15 0.00
0.40 -2.21 0.50 -3.20 0.00
0.40 -2.25 0.36 -3.25 0.00
0.40 -2.29 0.20 -3.27 0.00
0.41 -2.32 0.07 -3.26 0.00
0.40 -2.36 -0.04 -3.26 0.00
0.40 -2.41 -0.13 -3.26 0.00
0.40 -2.45 -0.22 -3.23 0.00
0.40 -2.49 -0.29 -3.21 0.00
0.38 -2.52 -0.32 -3.23 0.00
0.35 -2.55 -0.35 -3.26 0.00
0.31 -2.58 -0.40 -3.28 0.00
0.28 -2.61 -0.47 -3.27 0.00
0.25 -2.65 -0.55 -3.25 0.00
0.22 -2.68 -0.63 -3.22 0.00
0.18 -2.71 -0.71 -3.16 0.00
0.15 -2.75 -0.78 -3.11 0.00
0.11 -2.78 -0.85 -3.04 0.00
0.11 -2.78 -0.76 -2.29 1.00
0.08 -2.76 -0.82 -2.32 0.00
0.04 -2.73 -0.89 -2.37 0.00
0.04 -2.70 -0.90 -2.33 0.00
-0.05 -2.68 -1.02 -2.45 0.00
-0.10 -2.64 -1.04 -2.31 0.00
-0.11 -2.64 -1.08 -2.39 0.00
-0.17 -2.63 -1.14 -2.42 0.00
-0.22 -2.59 -1.17 -2.27 0.00
-0.24 -2.61 -1.19 -2.29 0.00
-0.28 -2.59 -1.24 -2.30 0.00
-0.31 -2.59 -1.20 -2.14 0.00
-0.36 -2.58 -1.28 -2.18 0.00
-0.41 -2.55 -1.32 -2.13 0.00
-0.52 -2.53 -1.52 -2.58 0.00
-0.50 -2.53 -1.46 -2.26 0.00
-0.50 -2.52 -1.45 -2.20 0.00
-0.52 -2.48 -1.49 -2.28 0.00
-0.55 -2.51 -1.42 -2.03 0.00
-0.61 -2.45 -1.59 -2.25 0.00
-0.65 -2.46 -1.63 -2.31 0.00
-0.70 -2.45 -1.69 -2.29 0.00
-0.73 -2.43 -1.72 -2.26 0.00
-0.77 -2.43 -1.74 -2.17 0.00
-0.82 -2.42 -1.76 -2.08 0.00
-0.85 -2.40 -1.77 -2.01 0.00
-0.89 -2.40 -1.85 -2.12 0.00
-0.93 -2.40 -1.79 -1.91 0.00
-0.97 -2.39 -1.85 -1.91 0.00
-1.02 -2.37 -1.88 -1.86 0.00
-1.05 -2.36 -1.95 -1.91 0.00
-1.09 -2.34 -1.98 -1.88 0.00
-1.14 -2.32 -1.98 -1.78 0.00
-1.17 -2.31 -1.92 -1.65 0.00
-1.22 -2.28 -1.85 -1.50 0.00
-1.25 -2.28 -1.70 -1.39 0.00
-1.28 -2.28 -1.85 -1.47 0.00
-1.31 -2.22 -1.88 -1.40 0.00
-1.33 -2.13 -1.91 -1.31 0.00
-1.35 -2.14 -1.92 -1.31 0.00
-1.39 -2.12 -2.02 -1.34 0.00
-1.41 -2.08 -2.07 -1.33 0.00
-1.43 -2.04 -2.14 -1.33 0.00
-1.46 -2.01 -2.20 -1.33 0.00
-1.48 -1.97 -2.26 -1.34 0.00
-1.51 -1.94 -2.31 -1.34 0.00
-1.54 -1.91 -2.36 -1.34 0.00
-1.57 -1.88 -2.41 -1.33 0.00
-1.61 -1.86 -2.47 -1.36 0.00
-1.64 -1.84 -2.51 -1.34 0.00
