-2.70 -0.70 -2.51 0.28 0.00
-2.69 -0.66 -2.49 0.33 0.00
-2.68 -0.61 -2.39 0.35 0.00
-2.67 -0.56 -2.27 0.35 0.00
-2.66 -0.51 -2.14 0.34 0.00
-2.65 -0.46 -2.01 0.31 0.00
-2.65 -0.42 -1.89 0.24 0.00
-2.64 -0.37 -1.79 0.17 0.00
-2.62 -0.32 -1.71 0.09 0.00
-2.59 -0.30 -1.68 0.11 0.00
-2.55 -0.29 -1.65 0.13 0.00
-2.52 -0.28 -1.60 0.13 0.00
-2.48 -0.26 -1.55 0.11 0.00
-2.45 -0.25 -1.51 0.09 0.00
-2.42 -0.23 -1.46 0.05 0.00
-2.38 -0.21 -1.41 0.03 0.00
-2.35 -0.20 -1.36 -0.01 0.00
-2.31 -0.19 -1.32 -0.02 0.00
-2.27 -0.18 -1.28 -0.03 0.00
-2.23 -0.17 -1.23 -0.09 0.00
-2.19 -0.17 -1.19 -0.14 0.00
-2.14 -0.16 -1.14 -0.19 0.00
-2.10 -0.15 -1.11 -0.25 0.00
-2.06 -0.14 -1.08 -0.30 0.00
-2.02 -0.14 -1.05 -0.35 0.00
-1.98 -0.14 -1.02 -0.39 0.00
-1.94 -0.15 -0.98 -0.40 0.00
-1.90 -0.16 -0.93 -0.40 0.00
-1.86 -0.17 -0.89 -0.42 0.00
-1.82 -0.18 -0.87 -0.48 0.00
-1.78 -0.19 -0.85 -0.57 0.00
-1.74 -0.20 -0.84 -0.64 0.00
-1.70 -0.21 -0.83 -0.71 0.00
-1.67 -0.25 -0.74 -0.60 0.00
-1.64 -0.29 -0.68 -0.54 0.00
-1.61 -0.30 -0.64 -0.55 0.00
-1.56 -0.31 -0.60 -0.58 0.00
-1.52 -0.32 -0.56 -0.58 0.00
-1.49 -0.33 -0.52 -0.59 0.00
-1.45 -0.34 -0.48 -0.60 0.00
-1.41 -0.35 -0.44 -0.61 0.00
-1.37 -0.36 -0.40 -0.62 0.00
-1.33 -0.37 -0.37 -0.63 0.00
-1.29 -0.38 -0.33 -0.65 0.00
-1.25 -0.39 -0.29 -0.66 0.00
-1.21 -0.40 -0.25 -0.66 0.00
-1.17 -0.41 -0.21 -0.70 0.00
-1.13 -0.42 -0.18 -0.72 0.00
-1.10 -0.44 -0.16 -0.78 0.00
-1.10 -0.44 -0.68 -1.34 1.00
-1.10 -0.44 -1.44 -1.37 1.00
-1.10 -0.44 -2.00 -0.85 1.00
-1.10 -0.44 -2.03 -0.09 1.00
-1.13 -0.42 -2.08 -0.09 0.00
-1.17 -0.41 -2.12 -0.09 0.00
-1.21 -0.39 -2.16 -0.08 0.00
-1.25 -0.38 -2.20 -0.07 0.00
-1.28 -0.36 -2.24 -0.07 0.00
-1.32 -0.35 -2.28 -0.05 0.00
-1.36 -0.34 -2.32 -0.05 0.00
-1.40 -0.33 -2.36 -0.05 0.00
-1.43 -0.32 -2.40 -0.07 0.00
-1.47 -0.30 -2.46 -0.16 0.00
-1.51 -0.29 -2.51 -0.28 0.00
-1.55 -0.28 -2.54 -0.42 0.00
-1.59 -0.27 -2.55 -0.55 0.00
-1.62 -0.26 -2.54 -0.67 0.00
-1.66 -0.25 -2.52 -0.77 0.00
-1.70 -0.25 -2.50 -0.85 0.00
-1.73 -0.27 -2.53 -0.88 0.00
-1.77 -0.30 -2.55 -0.93 0.00
-1.81 -0.33 -2.58 -0.97 0.00
-1.85 -0.36 -2.60 -1.01 0.00
-1.88 -0.38 -2.62 -1.05 0.00
-1.92 -0.41 -2.64 -1.10 0.00
-1.95 -0.44 -2.67 -1.13 0.00
-1.98 -0.47 -2.68 -1.18 0.00
-2.01 -0.49 -2.69 -1.23 0.00
-2.04 -0.51 -2.69 -1.27 0.00
-2.10 -0.54 -2.58 -1.41 0.00
-2.12 -0.57 -2.52 -1.49 0.00
-2.15 -0.60 -2.51 -1.53 0.00
-2.16 -0.64 -2.59 -1.54 0.00
-2.18 -0.67 -2.54 -1.60 0.00
-2.20 -0.70 -2.53 -1.65 0.00
-2.20 -0.71 -2.70 -1.58 0.00
-2.23 -0.77 -2.76 -1.62 0.00
-2.22 -0.76 -2.83 -1.56 0.00
-2.31 -0.92 -2.20 -1.91 0.00
-2.31 -0.93 -2.40 -1.92 0.00
-2.33 -0.96 -2.38 -1.96 0.00
-2.34 -0.98 -2.48 -1.97 0.00
-2.33 -1.00 -2.51 -1.98 0.00
-2.33 -1.04 -2.41 -2.04 0.00
-2.35 -1.07 -2.34 -2.07 0.00
-2.36 -1.11 -2.26 -2.10 0.00
-2.37 -1.15 -2.20 -2.13 0.00
-2.37 -1.19 -2.19 -2.17 0.00
-2.37 -1.23 -2.19 -2.21 0.00
-2.36 -1.27 -2.18 -2.25 0.00
-2.35 -1.31 -2.13 -2.28 0.00
-2.34 -1.35 -2.14 -2.33 0.00
-2.33 -1.39 -2.14 -2.38 0.00
-2.33 -1.43 -2.21 -2.43 0.00
-2.32 -1.50 -2.14 -2.48 0.00
-2.31 -1.54 -2.06 -2.51 0.00
-2.30 -1.57 -2.07 -2.54 0.00
-2.29 -1.61 -1.97 -2.56 0.00
-2.28 -1.65 -1.84 -2.55 0.00
-2.27 -1.69 -1.72 -2.53 0.00
-2.26 -1.73 -1.63 -2.50 0.00
-2.26 -1.77 -1.53 -2.45 0.00
-2.25 -1.81 -1.44 -2.40 0.00
-2.23 -1.85 -1.38 -2.37 0.00
-2.20 -1.87 -1.33 -2.37 0.00
-2.17 -1.90 -1.29 -2.39 0.00
-2.13 -1.92 -1.25 -2.40 0.00
-2.11 -1.95 -1.16 -2.27 0.00
-2.09 -1.98 -1.11 -2.20 0.00
-2.06 -2.01 -1.07 -2.13 0.00
-2.02 -2.02 -1.03 -2.13 0.00
-1.98 -2.02 -0.98 -2.12 0.00
-1.94 -2.03 -0.94 -2.12 0.00
-1.89 -2.03 -0.90 -2.11 0.00
-1.85 -2.03 -0.85 -2.09 0.00
-1.81 -2.04 -0.81 -2.07 0.00
-1.77 -2.04 -0.77 -2.05 0.00
-1.73 -2.05 -0.73 -2.04 0.00
-1.69 -2.05 -0.69 -2.02 0.00
-1.65 -2.05 -0.65 -2.01 0.00
-1.61 -2.05 -0.61 -2.00 0.00
-1.57 -2.05 -0.57 -2.00 0.00
-1.52 -2.05 -0.53 -1.98 0.00
-1.49 -2.04 -0.49 -1.98 0.00
-1.45 -2.04 -0.45 -1.98 0.00
-1.41 -2.04 -0.41 -1.98 0.00
-1.37 -2.04 -0.37 -1.97 0.00
-1.33 -2.04 -0.33 -1.96 0.00
-1.29 -2.03 -0.29 -1.96 0.00
-1.25 -2.03 -0.25 -1.95 0.00
-1.21 -2.03 -0.21 -1.93 0.00
-1.17 -2.03 -0.17 -1.94 0.00
-1.13 -2.02 -0.13 -1.93 0.00
-1.09 -2.02 -0.09 -1.92 0.00
-1.05 -2.02 -0.05 -1.92 0.00
-1.01 -2.01 -0.01 -1.91 0.00
-0.97 -2.01 0.03 -1.90 0.00
-0.93 -2.01 0.07 -1.90 0.00
-0.89 -2.00 0.11 -1.90 0.00
-0.85 -2.00 0.15 -1.89 0.00
-0.81 -1.99 0.19 -1.90 0.00
-0.77 -1.99 0.23 -1.88 0.00
-0.73 -1.99 0.27 -1.88 0.00
-0.69 -1.98 0.31 -1.88 0.00
-0.65 -1.98 0.35 -1.88 0.00
-0.61 -1.97 0.39 -1.89 0.00
-0.57 -1.97 0.43 -1.89 0.00
-0.53 -1.97 0.47 -1.89 0.00
-0.49 -1.96 0.51 -1.88 0.00
-0.45 -1.96 0.55 -1.88 0.00
-0.41 -1.95 0.59 -1.88 0.00
-0.37 -1.95 0.63 -1.88 0.00
-0.33 -1.95 0.67 -1.91 0.00
-0.29 -1.94 0.71 -1.90 0.00
-0.25 -1.94 0.75 -1.89 0.00
-0.21 -1.94 0.79 -1.88 0.00
-0.17 -1.94 0.83 -1.87 0.00
-0.13 -1.94 0.87 -1.86 0.00
-0.09 -1.94 0.91 -1.86 0.00
-0.05 -1.93 0.95 -1.86 0.00
-0.01 -1.93 0.99 -1.84 0.00
0.03 -1.93 1.02 -1.81 0.00
0.07 -1.93 1.06 -1.78 0.00
0.11 -1.92 1.09 -1.75 0.00
