-3.30 0.50 -2.72 1.32 0.00
-3.29 0.54 -2.59 1.25 0.00
-3.27 0.57 -2.51 1.22 0.00
-3.26 0.61 -2.44 1.19 0.00
-3.24 0.65 -2.40 1.19 0.00
-3.20 0.68 -2.36 1.22 0.00
-3.16 0.70 -2.32 1.25 0.00
-3.11 0.73 -2.28 1.28 0.00
-3.07 0.75 -2.20 1.25 0.00
-3.03 0.78 -2.12 1.21 0.00
-2.99 0.81 -2.04 1.14 0.00
-2.95 0.84 -1.98 1.08 0.00
-2.90 0.86 -1.92 1.01 0.00
-2.86 0.89 -1.86 0.94 0.00
-2.82 0.92 -1.82 0.87 0.00
-2.78 0.91 -1.78 0.87 0.00
-2.74 0.91 -1.74 0.87 0.00
-2.70 0.91 -1.70 0.91 0.00
-2.66 0.91 -1.66 0.91 0.00
-2.62 0.91 -1.62 0.84 0.00
-2.58 0.91 -1.59 0.77 0.00
-2.54 0.91 -1.56 0.70 0.00
-2.50 0.90 -1.54 0.64 0.00
-2.46 0.91 -1.52 0.58 0.00
-2.42 0.91 -1.50 0.52 0.00
-2.38 0.91 -1.48 0.48 0.00
-2.34 0.88 -1.44 0.45 0.00
-2.30 0.87 -1.40 0.43 0.00
-2.26 0.85 -1.35 0.43 0.00
-2.22 0.83 -1.29 0.47 0.00
-2.18 0.81 -1.23 0.50 0.00
-2.14 0.79 -1.18 0.53 0.00
-2.10 0.77 -1.12 0.56 0.00
-2.10 0.77 -1.56 -0.07 1.00
-2.10 0.77 -2.31 -0.21 1.00
-2.11 0.73 -2.33 -0.24 0.00
-2.12 0.69 -2.34 -0.28 0.00
-2.13 0.66 -2.35 -0.32 0.00
-2.14 0.62 -2.36 -0.36 0.00
-2.14 0.58 -2.35 -0.40 0.00
-2.15 0.54 -2.35 -0.44 0.00
-2.16 0.50 -2.34 -0.48 0.00
-2.17 0.46 -2.32 -0.53 0.00
-2.18 0.42 -2.32 -0.57 0.00
-2.19 0.38 -2.28 -0.61 0.00
-2.20 0.34 -2.22 -0.66 0.00
-2.20 0.31 -2.15 -0.69 0.00
-2.21 0.27 -2.07 -0.72 0.00
-2.21 0.23 -1.98 -0.74 0.00
-2.22 0.20 -1.89 -0.75 0.00
-2.22 0.16 -1.79 -0.75 0.00
-2.19 0.12 -1.80 -0.80 0.00
-2.17 0.08 -1.81 -0.85 0.00
-2.15 0.04 -1.81 -0.90 0.00
-2.12 0.00 -1.83 -0.95 0.00
-2.12 -0.04 -1.81 -0.99 0.00
-2.10 -0.08 -1.79 -1.03 0.00
-2.09 -0.11 -1.78 -1.06 0.00
-2.08 -0.15 -1.72 -1.09 0.00
-2.07 -0.19 -1.60 -1.08 0.00
-2.05 -0.23 -1.49 -1.06 0.00
-2.04 -0.27 -1.40 -1.03 0.00
-2.03 -0.31 -1.31 -1.01 0.00
-2.02 -0.35 -1.24 -0.97 0.00
-2.00 -0.38 -1.16 -0.93 0.00
-1.98 -0.41 -1.12 -0.93 0.00
-1.94 -0.44 -1.08 -0.95 0.00
-1.91 -0.47 -0.97 -0.81 0.00
-1.89 -0.51 -0.91 -0.72 0.00
-1.82 -0.52 -0.87 -0.84 0.00
-1.79 -0.54 -0.84 -0.83 0.00
-1.79 -0.55 -0.79 -0.61 0.00
-1.70 -0.54 -0.74 -0.82 0.00
-1.66 -0.55 -0.70 -0.81 0.00
-1.65 -0.56 -0.66 -0.65 0.00
-1.58 -0.55 -0.60 -0.75 0.00
-1.56 -0.55 -0.56 -0.64 0.00
-1.48 -0.54 -0.52 -0.83 0.00
-1.44 -0.54 -0.48 -0.85 0.00
-1.40 -0.54 -0.45 -0.85 0.00
-1.33 -0.54 -0.43 -0.97 0.00
-1.35 -0.50 -0.36 -0.35 0.00
-1.27 -0.53 -0.31 -0.80 0.00
-1.23 -0.51 -0.27 -0.82 0.00
-1.20 -0.51 -0.23 -0.73 0.00
-1.23 -0.51 -0.25 -0.29 0.00
-1.10 -0.56 -0.19 -0.97 0.00
-1.06 -0.58 -0.12 -0.94 0.00
-1.04 -0.58 -0.10 -0.94 0.00
-0.99 -0.60 -0.04 -0.92 0.00
-0.96 -0.62 0.00 -0.90 0.00
-0.92 -0.63 0.06 -0.81 0.00
-0.89 -0.64 0.11 -0.65 0.00
-0.84 -0.66 0.16 -0.60 0.00
-0.80 -0.66 0.18 -0.47 0.00
-0.77 -0.66 0.19 -0.40 0.00
-0.73 -0.67 0.21 -0.32 0.00
-0.70 -0.69 0.21 -0.27 0.00
-0.66 -0.67 0.23 -0.19 0.00
-0.61 -0.64 0.32 -0.27 0.00
-0.58 -0.62 0.30 -0.14 0.00
-0.43 -0.55 0.52 -0.87 0.00
-0.55 -0.51 -0.02 0.34 0.00
-0.42 -0.50 0.47 -0.06 0.00
-0.41 -0.51 0.46 -0.02 0.00
-0.37 -0.51 0.48 0.02 0.00
-0.34 -0.50 0.50 0.05 0.00
-0.29 -0.47 0.53 0.10 0.00
-0.26 -0.45 0.52 0.18 0.00
-0.22 -0.43 0.49 0.28 0.00
-0.18 -0.40 0.44 0.38 0.00
-0.14 -0.38 0.38 0.48 0.00
-0.11 -0.35 0.31 0.56 0.00
-0.07 -0.33 0.23 0.63 0.00
-0.04 -0.30 0.16 0.68 0.00
-0.03 -0.26 0.08 0.73 0.00
-0.02 -0.22 0.03 0.78 0.00
-0.02 -0.18 -0.01 0.82 0.00
-0.01 -0.14 -0.06 0.86 0.00
0.00 -0.10 -0.10 0.89 0.00
0.01 -0.06 -0.14 0.93 0.00
0.01 -0.02 -0.16 0.97 0.00
-0.00 0.02 -0.17 1.01 0.00
-0.01 0.06 -0.19 1.04 0.00
-0.02 0.10 -0.21 1.08 0.00
-0.02 0.14 -0.31 1.10 0.00
-0.03 0.18 -0.42 1.10 0.00
-0.04 0.22 -0.52 1.10 0.00
-0.04 0.26 -0.63 1.08 0.00
-0.05 0.30 -0.73 1.04 0.00
-0.06 0.34 -0.82 0.99 0.00
-0.08 0.37 -0.92 0.93 0.00
-0.11 0.40 -0.97 0.91 0.00
-0.14 0.43 -1.03 0.88 0.00
