-2.10 0.90 -1.14 1.19 0.00
-2.10 0.90 -1.22 0.43 1.00
-2.10 0.90 -1.81 -0.06 1.00
-2.09 0.86 -1.78 -0.09 0.00
-2.07 0.82 -1.76 -0.13 0.00
-2.06 0.78 -1.76 -0.17 0.00
-2.05 0.74 -1.73 -0.21 0.00
-2.04 0.70 -1.75 -0.26 0.00
-2.02 0.66 -1.78 -0.31 0.00
-2.01 0.62 -1.80 -0.35 0.00
-2.00 0.58 -1.83 -0.40 0.00
-1.98 0.55 -1.86 -0.45 0.00
-1.97 0.51 -1.89 -0.49 0.00
-1.96 0.47 -1.93 -0.53 0.00
-1.95 0.43 -1.93 -0.57 0.00
-1.95 0.38 -1.92 -0.61 0.00
-1.95 0.34 -1.92 -0.65 0.00
-1.95 0.30 -1.91 -0.69 0.00
-1.95 0.26 -1.91 -0.73 0.00
-1.95 0.23 -1.94 -0.77 0.00
-1.95 0.19 -1.94 -0.81 0.00
-1.95 0.15 -1.94 -0.85 0.00
-1.95 0.11 -1.94 -0.89 0.00
-1.95 0.07 -1.94 -0.93 0.00
-1.95 0.03 -1.94 -0.97 0.00
-1.95 -0.01 -1.93 -1.01 0.00
-1.95 -0.05 -1.93 -1.05 0.00
-1.95 -0.10 -1.94 -1.10 0.00
-1.94 -0.14 -1.94 -1.14 0.00
-1.94 -0.18 -1.95 -1.18 0.00
-1.94 -0.22 -1.95 -1.22 0.00
-1.94 -0.26 -1.95 -1.26 0.00
-1.94 -0.30 -1.95 -1.30 0.00
-1.94 -0.34 -1.95 -1.34 0.00
-1.94 -0.38 -1.94 -1.38 0.00
-1.94 -0.38 -2.64 -1.09 1.00
-1.97 -0.41 -2.66 -1.14 0.00
-2.00 -0.44 -2.68 -1.17 0.00
-2.04 -0.47 -2.70 -1.22 0.00
-2.06 -0.50 -2.66 -1.30 0.00
-2.09 -0.51 -2.61 -1.36 0.00
-2.11 -0.54 -2.58 -1.43 0.00
-2.23 -0.60 -2.07 -1.59 0.00
-2.18 -0.62 -2.40 -1.60 0.00
-2.21 -0.65 -2.39 -1.63 0.00
-2.24 -0.68 -2.34 -1.68 0.00
-2.23 -0.73 -2.28 -1.72 0.00
-2.24 -0.75 -2.33 -1.75 0.00
-2.23 -0.81 -2.23 -1.81 0.00
-2.24 -0.83 -2.37 -1.82 0.00
-2.24 -0.88 -2.24 -1.88 0.00
-2.24 -0.92 -2.23 -1.92 0.00
-2.24 -0.95 -2.37 -1.94 0.00
-2.24 -1.00 -2.30 -2.00 0.00
-2.24 -1.04 -2.33 -2.03 0.00
-2.24 -1.08 -2.27 -2.08 0.00
-2.23 -1.12 -2.25 -2.12 0.00
-2.24 -1.16 -2.23 -2.16 0.00
-2.24 -1.20 -2.06 -2.18 0.00
-2.27 -1.26 -1.98 -2.22 0.00
-2.29 -1.32 -1.84 -2.21 0.00
-2.30 -1.38 -1.72 -2.20 0.00
-2.25 -1.36 -2.02 -2.33 0.00
-2.23 -1.40 -1.94 -2.36 0.00
-2.22 -1.47 -1.82 -2.39 0.00
-2.23 -1.51 -1.91 -2.46 0.00
-2.21 -1.54 -1.73 -2.42 0.00
-2.23 -1.60 -1.78 -2.49 0.00
-2.20 -1.64 -1.92 -2.60 0.00
-2.18 -1.68 -2.00 -2.66 0.00
-2.15 -1.72 -2.08 -2.71 0.00
-2.12 -1.75 -2.17 -2.75 0.00
-2.12 -1.79 -2.18 -2.79 0.00
-2.12 -1.83 -2.19 -2.83 0.00
-2.12 -1.87 -2.14 -2.87 0.00
-2.13 -1.90 -1.96 -2.89 0.00
-2.13 -1.94 -1.78 -2.88 0.00
-2.13 -1.97 -1.61 -2.83 0.00
-2.13 -2.01 -1.47 -2.76 0.00
-2.14 -2.05 -1.37 -2.68 0.00
-2.14 -2.08 -1.29 -2.62 0.00
-2.13 -2.11 -1.24 -2.59 0.00
-2.09 -2.13 -1.21 -2.61 0.00
-2.05 -2.15 -1.17 -2.63 0.00
-2.05 -2.20 -1.09 -2.49 0.00
-2.03 -2.23 -1.05 -2.42 0.00
-1.98 -2.24 -1.00 -2.43 0.00
-1.96 -2.25 -0.97 -2.44 0.00
-1.90 -2.25 -0.94 -2.52 0.00
-1.88 -2.26 -0.89 -2.41 0.00
-1.82 -2.26 -0.83 -2.34 0.00
-1.78 -2.28 -0.78 -2.33 0.00
-1.73 -2.29 -0.73 -2.31 0.00
-1.70 -2.30 -0.70 -2.28 0.00
-1.65 -2.30 -0.65 -2.23 0.00
-1.61 -2.31 -0.61 -2.22 0.00
-1.57 -2.31 -0.58 -2.20 0.00
-1.53 -2.31 -0.54 -2.18 0.00
-1.49 -2.30 -0.50 -2.17 0.00
-1.45 -2.30 -0.45 -2.20 0.00
-1.40 -2.29 -0.41 -2.22 0.00
-1.35 -2.28 -0.36 -2.21 0.00
-1.32 -2.28 -0.32 -2.20 0.00
-1.28 -2.28 -0.28 -2.20 0.00
-1.25 -2.27 -0.25 -2.21 0.00
-1.21 -2.28 -0.21 -2.19 0.00
-1.14 -2.26 -0.16 -2.46 0.00
-1.12 -2.25 -0.12 -2.26 0.00
-1.07 -2.26 -0.07 -2.32 0.00
-1.04 -2.26 -0.04 -2.24 0.00
-0.93 -2.22 -0.04 -2.67 0.00
-0.89 -2.23 -0.02 -2.72 0.00
-0.79 -2.24 -0.10 -2.97 0.00
-0.86 -2.25 0.13 -2.35 0.00
-0.83 -2.22 0.17 -2.22 0.00
-0.79 -2.21 0.21 -2.20 0.00
-0.75 -2.21 0.25 -2.22 0.00
-0.71 -2.21 0.29 -2.21 0.00
-0.67 -2.21 0.33 -2.22 0.00
-0.63 -2.21 0.37 -2.22 0.00
-0.59 -2.21 0.41 -2.22 0.00
-0.55 -2.21 0.45 -2.22 0.00
-0.51 -2.21 0.49 -2.22 0.00
-0.47 -2.21 0.53 -2.21 0.00
-0.43 -2.21 0.57 -2.23 0.00
-0.39 -2.21 0.61 -2.21 0.00
-0.35 -2.21 0.65 -2.20 0.00
-0.31 -2.21 0.69 -2.19 0.00
-0.27 -2.21 0.73 -2.18 0.00
-0.23 -2.21 0.77 -2.16 0.00
-0.19 -2.21 0.81 -2.14 0.00
-0.15 -2.21 0.84 -2.12 0.00
-0.11 -2.21 0.88 -2.16 0.00
-0.07 -2.21 0.93 -2.19 0.00
-0.03 -2.20 0.97 -2.21 0.00
0.01 -2.20 1.00 -2.25 0.00
0.05 -2.20 1.04 -2.26 0.00
0.08 -2.20 1.08 -2.28 0.00
0.12 -2.20 1.12 -2.30 0.00
