0.50 -0.30 -0.50 -0.28 0.00
0.46 -0.30 -0.54 -0.28 0.00
0.42 -0.30 -0.58 -0.27 0.00
0.38 -0.30 -0.62 -0.27 0.00
0.34 -0.30 -0.66 -0.26 0.00
0.30 -0.30 -0.70 -0.26 0.00
0.26 -0.30 -0.74 -0.26 0.00
0.22 -0.30 -0.78 -0.26 0.00
0.18 -0.29 -0.82 -0.26 0.00
0.14 -0.29 -0.86 -0.26 0.00
0.10 -0.29 -0.90 -0.26 0.00
0.06 -0.29 -0.94 -0.27 0.00
0.02 -0.29 -0.98 -0.27 0.00
-0.02 -0.29 -1.02 -0.26 0.00
-0.06 -0.29 -1.06 -0.26 0.00
-0.10 -0.28 -1.10 -0.26 0.00
-0.14 -0.28 -1.14 -0.25 0.00
-0.18 -0.29 -1.18 -0.20 0.00
-0.22 -0.29 -1.22 -0.19 0.00
-0.26 -0.29 -1.26 -0.18 0.00
-0.30 -0.28 -1.30 -0.18 0.00
-0.34 -0.28 -1.34 -0.19 0.00
-0.38 -0.28 -1.38 -0.21 0.00
-0.42 -0.27 -1.42 -0.23 0.00
-0.46 -0.27 -1.46 -0.24 0.00
-0.50 -0.26 -1.50 -0.25 0.00
-0.54 -0.26 -1.54 -0.26 0.00
-0.58 -0.26 -1.58 -0.27 0.00
-0.62 -0.26 -1.62 -0.28 0.00
-0.66 -0.26 -1.66 -0.28 0.00
-0.70 -0.26 -1.70 -0.28 0.00
-0.74 -0.26 -1.74 -0.28 0.00
-0.78 -0.26 -1.78 -0.27 0.00
-0.82 -0.26 -1.82 -0.22 0.00
-0.86 -0.26 -1.86 -0.21 0.00
-0.90 -0.26 -1.90 -0.19 0.00
-0.95 -0.26 -1.94 -0.18 0.00
-0.99 -0.26 -1.98 -0.18 0.00
-1.03 -0.26 -2.02 -0.18 0.00
-1.07 -0.26 -2.06 -0.18 0.00
-1.11 -0.25 -2.10 -0.17 0.00
-1.15 -0.25 -2.14 -0.17 0.00
-1.18 -0.25 -2.18 -0.16 0.00
-1.22 -0.24 -2.22 -0.14 0.00
-1.26 -0.24 -2.26 -0.13 0.00
-1.30 -0.24 -2.30 -0.12 0.00
-1.34 -0.23 -2.34 -0.11 0.00
-1.38 -0.23 -2.37 -0.09 0.00
-1.42 -0.23 -2.41 -0.08 0.00
-1.47 -0.22 -2.47 -0.21 0.00
-1.52 -0.21 -2.51 -0.33 0.00
-1.57 -0.21 -2.53 -0.46 0.00
-1.61 -0.20 -2.54 -0.57 0.00
-1.66 -0.20 -2.53 -0.70 0.00
-1.71 -0.19 -2.50 -0.81 0.00
-1.76 -0.18 -2.45 -0.90 0.00
-1.79 -0.21 -2.48 -0.94 0.00
-1.82 -0.25 -2.51 -0.97 0.00
-1.85 -0.28 -2.53 -1.01 0.00
-1.88 -0.31 -2.52 -1.07 0.00
-1.91 -0.34 -2.51 -1.14 0.00
-1.94 -0.37 -2.49 -1.20 0.00
-1.97 -0.40 -2.46 -1.27 0.00
-2.00 -0.43 -2.44 -1.33 0.00
-2.03 -0.46 -2.42 -1.38 0.00
-2.03 -0.46 -2.96 -0.83 1.00
-2.06 -0.48 -3.02 -0.78 0.00
-2.10 -0.50 -3.07 -0.76 0.00
-2.14 -0.51 -3.11 -0.73 0.00
-2.19 -0.52 -3.17 -0.72 0.00
-2.24 -0.54 -3.21 -0.77 0.00
-2.26 -0.55 -3.24 -0.73 0.00
-2.29 -0.56 -3.28 -0.72 0.00
-2.33 -0.57 -3.33 -0.68 0.00
-2.37 -0.57 -3.37 -0.63 0.00
-2.41 -0.58 -3.41 -0.58 0.00
-2.45 -0.59 -3.45 -0.53 0.00
-2.49 -0.60 -3.48 -0.49 0.00
-2.53 -0.60 -3.52 -0.46 0.00
-2.57 -0.60 -3.55 -0.43 0.00
-2.61 -0.60 -3.59 -0.42 0.00
-2.65 -0.59 -3.63 -0.38 0.00
-2.69 -0.58 -3.68 -0.43 0.00
-2.74 -0.57 -3.73 -0.52 0.00
-2.78 -0.56 -3.78 -0.61 0.00
-2.82 -0.55 -3.81 -0.71 0.00
-2.87 -0.55 -3.83 -0.81 0.00
-2.91 -0.54 -3.84 -0.90 0.00
-2.96 -0.53 -3.84 -0.99 0.00
-3.00 -0.53 -3.85 -1.05 0.00
-3.03 -0.55 -3.88 -1.08 0.00
-3.07 -0.58 -3.91 -1.11 0.00
-3.10 -0.60 -3.92 -1.18 0.00
-3.14 -0.62 -3.92 -1.25 0.00
-3.18 -0.64 -3.91 -1.32 0.00
-3.21 -0.66 -3.90 -1.39 0.00
-3.25 -0.68 -3.88 -1.46 0.00
-3.28 -0.71 -3.86 -1.52 0.00
-3.30 -0.74 -3.97 -1.49 0.00
-3.33 -0.77 -4.05 -1.46 0.00
-3.35 -0.80 -4.13 -1.43 0.00
-3.37 -0.84 -4.22 -1.37 0.00
-3.40 -0.87 -4.30 -1.30 0.00
-3.42 -0.90 -4.37 -1.23 0.00
-3.45 -0.92 -4.41 -1.19 0.00
-3.48 -0.93 -4.43 -1.21 0.00
-3.50 -0.93 -4.44 -1.25 0.00
-3.48 -0.93 -4.48 -0.99 0.00
-3.55 -0.93 -4.50 -1.23 0.00
-3.57 -0.93 -4.53 -1.22 0.00
-3.60 -0.95 -4.57 -1.18 0.00
-3.62 -0.94 -4.60 -1.14 0.00
-3.66 -0.97 -4.60 -1.31 0.00
-3.71 -0.96 -4.67 -1.21 0.00
-3.77 -0.94 -4.69 -1.33 0.00
-3.85 -0.95 -4.71 -1.48 0.00
-3.85 -0.97 -4.82 -1.20 0.00
-3.91 -0.96 -4.83 -1.35 0.00
-3.89 -1.01 -4.89 -0.93 0.00
-3.93 -1.02 -4.93 -0.90 0.00
-3.98 -1.02 -4.97 -0.93 0.00
-4.00 -1.02 -4.99 -0.90 0.00
-4.05 -1.00 -5.05 -0.97 0.00
-4.09 -0.99 -5.09 -1.05 0.00
-4.14 -0.96 -5.14 -1.01 0.00
-4.22 -0.95 -5.19 -1.22 0.00
-4.16 -0.99 -5.12 -0.72 0.00
-4.29 -0.88 -5.27 -1.07 0.00
-4.32 -0.95 -5.32 -0.96 0.00
-4.30 -0.92 -5.17 -0.42 0.00
-4.30 -0.92 -4.57 0.04 1.00
-4.30 -0.92 -3.81 -0.05 1.00
-4.28 -0.87 -3.78 -0.01 0.00
-4.25 -0.83 -3.70 0.01 0.00
-4.22 -0.78 -3.62 0.01 0.00
-4.20 -0.73 -3.54 0.02 0.00
-4.17 -0.69 -3.46 0.02 0.00
-4.15 -0.64 -3.38 0.00 0.00
-4.12 -0.60 -3.30 -0.02 0.00
-4.09 -0.55 -3.23 -0.04 0.00
-4.06 -0.53 -3.20 -0.01 0.00
-4.02 -0.51 -3.17 0.02 0.00
-3.98 -0.49 -3.12 0.01 0.00
-3.94 -0.47 -3.06 0.01 0.00
-3.91 -0.45 -3.01 -0.01 0.00
-3.87 -0.42 -2.96 -0.02 0.00
-3.84 -0.40 -2.91 -0.02 0.00
-3.80 -0.38 -2.86 -0.04 0.00
-3.76 -0.37 -2.84 0.01 0.00
-3.72 -0.35 -2.79 0.01 0.00
-3.67 -0.34 -2.75 0.05 0.00
-3.63 -0.32 -2.69 0.04 0.00
-3.58 -0.30 -2.63 0.00 0.00
-3.54 -0.28 -2.57 -0.03 0.00
-3.50 -0.27 -2.52 -0.07 0.00
-3.45 -0.25 -2.46 -0.11 0.00
-3.41 -0.23 -2.41 -0.16 0.00
-3.36 -0.21 -2.36 -0.21 0.00
-3.32 -0.20 -2.32 -0.22 0.00
-3.28 -0.20 -2.28 -0.22 0.00
-3.24 -0.20 -2.24 -0.23 0.00
-3.19 -0.21 -2.20 -0.16 0.00
-3.15 -0.21 -2.17 -0.03 0.00
-3.11 -0.21 -2.15 0.08 0.00
-3.07 -0.20 -2.12 0.11 0.00
-3.03 -0.19 -2.08 0.12 0.00
-2.99 -0.17 -2.03 0.12 0.00
-2.95 -0.16 -1.99 0.12 0.00
-2.91 -0.15 -1.94 0.11 0.00
-2.87 -0.14 -1.90 0.10 0.00
-2.83 -0.12 -1.85 0.09 0.00
-2.79 -0.11 -1.80 0.06 0.00
-2.75 -0.10 -1.76 0.05 0.00
-2.71 -0.09 -1.72 0.08 0.00
-2.67 -0.08 -1.68 0.10 0.00
-2.62 -0.08 -1.65 0.15 0.00
-2.58 -0.07 -1.64 0.25 0.00
-2.54 -0.06 -1.64 0.36 0.00
-2.50 -0.06 -1.65 0.46 0.00
-2.46 -0.05 -1.66 0.56 0.00
-2.43 -0.02 -1.61 0.55 0.00
-2.40 0.01 -1.56 0.55 0.00
-2.36 0.03 -1.52 0.57 0.00
-2.33 0.05 -1.49 0.59 0.00
-2.30 0.07 -1.46 0.62 0.00
-2.26 0.10 -1.45 0.67 0.00
-2.23 0.12 -1.45 0.75 0.00
-2.19 0.14 -1.48 0.84 0.00
-2.16 0.16 -1.52 0.93 0.00
-2.12 0.18 -1.58 1.02 0.00
-2.09 0.21 -1.63 1.10 0.00
-2.05 0.23 -1.68 1.16 0.00
-2.03 0.26 -1.72 1.21 0.00
-2.01 0.29 -1.72 1.25 0.00
-2.00 0.33 -1.71 1.29 0.00
-1.98 0.37 -1.73 1.34 0.00
-1.97 0.41 -1.79 1.39 0.00
-1.97 0.45 -1.82 1.44 0.00
-1.95 0.49 -1.83 1.48 0.00
-1.94 0.53 -1.86 1.53 0.00
-1.93 0.57 -1.90 1.57 0.00
-1.93 0.61 -1.93 1.61 0.00
-1.92 0.65 -1.96 1.65 0.00
-1.92 0.69 -1.97 1.69 0.00
-1.92 0.73 -1.98 1.73 0.00
-1.92 0.77 -1.98 1.77 0.00
-1.92 0.81 -2.01 1.80 0.00
-1.93 0.85 -2.13 1.83 0.00
-1.93 0.89 -2.25 1.83 0.00
-1.93 0.93 -2.39 1.82 0.00
-1.93 0.96 -2.51 1.78 0.00
-1.94 1.00 -2.61 1.74 0.00
-1.97 1.04 -2.66 1.77 0.00
-2.00 1.08 -2.74 1.76 0.00
-2.04 1.11 -2.82 1.74 0.00
-2.07 1.15 -2.90 1.71 0.00
-2.11 1.19 -2.97 1.70 0.00
-2.14 1.22 -3.04 1.66 0.00
-2.23 1.23 -2.99 1.88 0.00
-2.23 1.26 -3.14 1.69 0.00
-2.26 1.31 -3.23 1.52 0.00
-2.29 1.32 -3.25 1.61 0.00
-2.34 1.34 -3.26 1.73 0.00
-2.36 1.35 -3.32 1.64 0.00
-2.40 1.38 -3.32 1.75 0.00
-2.41 1.36 -3.39 1.55 0.00
-2.43 1.38 -3.42 1.53 0.00
-2.50 1.37 -3.50 1.42 0.00
-2.55 1.38 -3.52 1.14 0.00
-2.60 1.38 -3.54 1.04 0.00
-2.64 1.38 -3.52 0.91 0.00
-2.68 1.39 -3.52 0.85 0.00
-2.73 1.38 -3.51 0.75 0.00
-2.78 1.39 -3.39 0.60 0.00
-2.80 1.35 -3.25 0.45 0.00
-2.83 1.32 -3.49 0.56 0.00
-2.85 1.19 -3.14 0.23 0.00
-2.90 1.23 -3.53 0.45 0.00
-2.93 1.22 -3.54 0.43 0.00
-2.96 1.19 -3.56 0.39 0.00
-2.99 1.16 -3.56 0.33 0.00
-3.02 1.12 -3.56 0.28 0.00
-3.05 1.09 -3.56 0.23 0.00
-3.08 1.06 -3.55 0.18 0.00
-3.10 1.02 -3.53 0.12 0.00
-3.12 0.98 -3.52 0.06 0.00
-3.14 0.94 -3.50 0.01 0.00
-3.16 0.90 -3.49 -0.04 0.00
-3.18 0.87 -3.47 -0.09 0.00
-3.20 0.83 -3.45 -0.14 0.00
-3.22 0.79 -3.44 -0.18 0.00
-3.23 0.75 -3.43 -0.23 0.00
-3.24 0.71 -3.40 -0.27 0.00
-3.25 0.67 -3.40 -0.32 0.00
-3.25 0.63 -3.38 -0.36 0.00
-3.26 0.59 -3.36 -0.40 0.00
-3.27 0.55 -3.34 -0.44 0.00
-3.28 0.52 -3.32 -0.48 0.00
-3.28 0.48 -3.30 -0.52 0.00
-3.29 0.44 -3.29 -0.56 0.00
-3.29 0.40 -3.31 -0.60 0.00
-3.29 0.36 -3.32 -0.64 0.00
-3.29 0.32 -3.34 -0.68 0.00
-3.28 0.28 -3.36 -0.72 0.00
-3.28 0.24 -3.36 -0.76 0.00
-3.28 0.19 -3.37 -0.80 0.00
-3.29 0.15 -3.37 -0.84 0.00
-3.29 0.11 -3.36 -0.89 0.00
-3.30 0.07 -3.32 -0.93 0.00
-3.30 0.03 -3.23 -0.97 0.00
-3.30 -0.01 -3.11 -1.00 0.00
-3.31 -0.06 -2.99 -1.01 0.00
-3.31 -0.10 -2.87 -1.00 0.00
-3.31 -0.14 -2.76 -0.97 0.00
-3.31 -0.18 -2.66 -0.94 0.00
-3.31 -0.22 -2.60 -0.92 0.00
-3.28 -0.25 -2.54 -0.94 0.00
-3.24 -0.29 -2.49 -0.94 0.00
-3.21 -0.32 -2.43 -0.94 0.00
-3.18 -0.35 -2.37 -0.93 0.00
-3.15 -0.38 -2.31 -0.92 0.00
-3.12 -0.41 -2.25 -0.91 0.00
-3.08 -0.44 -2.19 -0.89 0.00
-3.05 -0.46 -2.14 -0.87 0.00
-3.02 -0.49 -2.09 -0.86 0.00
-2.98 -0.50 -2.04 -0.85 0.00
-2.94 -0.52 -2.00 -0.85 0.00
-2.91 -0.54 -1.95 -0.83 0.00
-2.87 -0.55 -1.90 -0.82 0.00
-2.83 -0.57 -1.85 -0.77 0.00
-2.79 -0.58 -1.80 -0.71 0.00
-2.75 -0.59 -1.75 -0.61 0.00
-2.71 -0.59 -1.71 -0.61 0.00
-2.67 -0.60 -1.67 -0.60 0.00
-2.63 -0.60 -1.63 -0.55 0.00
-2.59 -0.60 -1.59 -0.52 0.00
-2.55 -0.60 -1.55 -0.48 0.00
-2.51 -0.60 -1.52 -0.44 0.00
-2.47 -0.60 -1.49 -0.40 0.00
-2.42 -0.60 -1.45 -0.36 0.00
-2.38 -0.59 -1.42 -0.32 0.00
-2.34 -0.58 -1.39 -0.29 0.00
-2.30 -0.58 -1.35 -0.26 0.00
-2.27 -0.57 -1.35 -0.17 0.00
-2.24 -0.54 -1.34 -0.10 0.00
-2.19 -0.51 -1.32 -0.01 0.00
-2.12 -0.51 -1.27 0.02 0.00
-2.09 -0.51 -1.39 0.20 0.00
-2.06 -0.48 -1.33 0.20 0.00
-2.03 -0.45 -1.27 0.20 0.00
-2.00 -0.42 -1.23 0.22 0.00
-1.97 -0.39 -1.19 0.23 0.00
-1.94 -0.36 -1.14 0.24 0.00
-1.91 -0.33 -1.08 0.24 0.00
-1.87 -0.30 -1.03 0.23 0.00
-1.84 -0.28 -0.98 0.24 0.00
-1.81 -0.25 -0.94 0.24 0.00
-1.77 -0.23 -0.90 0.25 0.00
-1.74 -0.21 -0.86 0.27 0.00
-1.70 -0.19 -0.82 0.29 0.00
-1.66 -0.17 -0.82 0.38 0.00
-1.63 -0.15 -0.85 0.48 0.00
-1.59 -0.14 -0.90 0.59 0.00
-1.55 -0.13 -0.96 0.67 0.00
-1.52 -0.12 -0.91 0.67 0.00
-1.51 -0.11 -0.76 0.55 0.00
-1.47 -0.09 -0.71 0.56 0.00
-1.38 0.04 -1.21 1.03 0.00
-1.39 0.06 -1.02 0.99 0.00
-1.38 0.06 -0.87 0.92 0.00
-1.36 0.11 -0.88 0.98 0.00
-1.35 0.15 -0.81 0.98 0.00
-1.33 0.18 -0.86 1.06 0.00
-1.30 0.22 -0.81 1.09 0.00
-1.28 0.24 -0.82 1.12 0.00
-1.26 0.29 -0.90 1.23 0.00
-1.24 0.36 -1.06 1.35 0.00
-1.22 0.40 -0.82 1.32 0.00
-1.19 0.40 -0.90 1.36 0.00
-1.18 0.44 -0.91 1.40 0.00
-1.17 0.48 -1.02 1.47 0.00
-1.15 0.51 -1.07 1.51 0.00
-1.15 0.55 -1.05 1.55 0.00
-1.15 0.61 -1.17 1.61 0.00
-1.12 0.62 -1.37 1.59 0.00
-1.11 0.69 -1.31 1.67 0.00
-1.12 0.71 -1.39 1.68 0.00
-1.11 0.76 -1.31 1.74 0.00
-1.13 0.79 -1.41 1.75 0.00
-1.17 0.86 -1.47 1.81 0.00
-1.15 0.90 -1.56 1.81 0.00
-1.16 0.91 -1.66 1.78 0.00
-1.19 0.96 -1.72 1.81 0.00
-1.19 0.99 -1.78 1.79 0.00
-1.21 1.04 -1.85 1.81 0.00
-1.22 1.08 -1.89 1.82 0.00
-1.21 1.09 -1.21 2.09 1.00
-1.21 1.09 -0.52 1.82 1.00
-1.22 1.09 -0.22 1.00 1.00
-1.17 1.08 -0.17 1.01 0.00
-1.14 1.09 -0.15 0.95 0.00
-1.10 1.08 -0.16 0.74 0.00
-1.06 1.08 -0.13 0.71 0.00
-1.02 1.07 -0.19 0.52 0.00
-0.98 1.08 -0.11 0.59 0.00
-0.94 1.07 -0.12 0.49 0.00
-0.87 1.03 -0.15 0.34 0.00
-0.86 1.04 -0.07 0.42 0.00
-0.84 1.01 -0.10 0.34 0.00
-0.81 0.98 -0.08 0.29 0.00
-0.78 0.95 -0.08 0.24 0.00
-0.75 0.93 -0.10 0.17 0.00
-0.71 0.90 -0.10 0.11 0.00
-0.69 0.87 -0.12 0.05 0.00
-0.66 0.84 -0.13 -0.01 0.00
-0.63 0.81 -0.12 -0.05 0.00
-0.61 0.78 -0.11 -0.09 0.00
-0.59 0.74 -0.11 -0.14 0.00
-0.57 0.71 -0.12 -0.19 0.00
-0.55 0.67 -0.14 -0.24 0.00
-0.53 0.64 -0.15 -0.29 0.00
-0.51 0.60 -0.17 -0.34 0.00
-0.49 0.57 -0.16 -0.38 0.00
-0.47 0.53 -0.17 -0.42 0.00
-0.46 0.49 -0.17 -0.46 0.00
-0.45 0.46 -0.16 -0.50 0.00
-0.44 0.42 -0.15 -0.54 0.00
-0.42 0.38 -0.15 -0.58 0.00
-0.41 0.34 -0.19 -0.63 0.00
-0.40 0.30 -0.24 -0.69 0.00
-0.39 0.26 -0.31 -0.73 0.00
-0.38 0.23 -0.30 -0.77 0.00
-0.38 0.18 -0.29 -0.81 0.00
-0.38 0.14 -0.28 -0.85 0.00
-0.38 0.10 -0.30 -0.90 0.00
-0.37 0.06 -0.35 -0.94 0.00
-0.37 0.02 -0.38 -0.98 0.00
-0.37 -0.02 -0.42 -1.02 0.00
-0.36 -0.07 -0.45 -1.06 0.00
-0.36 -0.11 -0.49 -1.10 0.00
-0.35 -0.15 -0.52 -1.13 0.00
-0.36 -0.19 -0.53 -1.17 0.00
-0.37 -0.23 -0.54 -1.21 0.00
-0.37 -0.27 -0.54 -1.25 0.00
-0.38 -0.31 -0.59 -1.29 0.00
-0.39 -0.35 -0.69 -1.30 0.00
-0.39 -0.39 -0.82 -1.30 0.00
-0.39 -0.39 -1.33 -0.73 1.00
-0.43 -0.42 -1.41 -0.62 0.00
-0.47 -0.44 -1.46 -0.54 0.00
-0.50 -0.47 -1.50 -0.47 0.00
-0.55 -0.47 -1.55 -0.47 0.00
-0.59 -0.47 -1.59 -0.47 0.00
-0.63 -0.47 -1.63 -0.47 0.00
-0.67 -0.47 -1.67 -0.48 0.00
-0.71 -0.47 -1.71 -0.49 0.00
-0.75 -0.47 -1.75 -0.51 0.00
-0.79 -0.47 -1.79 -0.51 0.00
-0.83 -0.47 -1.83 -0.51 0.00
-0.87 -0.47 -1.87 -0.52 0.00
-0.91 -0.47 -1.91 -0.52 0.00
-0.95 -0.47 -1.95 -0.52 0.00
-0.99 -0.48 -1.99 -0.51 0.00
-1.03 -0.48 -2.03 -0.50 0.00
-1.08 -0.49 -2.07 -0.44 0.00
-1.12 -0.49 -2.12 -0.42 0.00
-1.17 -0.49 -2.16 -0.39 0.00
-1.21 -0.49 -2.21 -0.39 0.00
-1.26 -0.48 -2.25 -0.37 0.00
-1.30 -0.48 -2.29 -0.35 0.00
-1.34 -0.48 -2.33 -0.32 0.00
-1.38 -0.47 -2.37 -0.29 0.00
-1.42 -0.47 -2.40 -0.26 0.00
-1.46 -0.46 -2.44 -0.23 0.00
-1.51 -0.46 -2.47 -0.20 0.00
-1.55 -0.45 -2.50 -0.16 0.00
-1.59 -0.44 -2.54 -0.13 0.00
-1.63 -0.43 -2.57 -0.10 0.00
-1.66 -0.42 -2.60 -0.07 0.00
-1.70 -0.41 -2.62 -0.02 0.00
-1.74 -0.39 -2.70 -0.10 0.00
-1.79 -0.37 -2.78 -0.21 0.00
-1.83 -0.35 -2.83 -0.32 0.00
-1.88 -0.33 -2.87 -0.43 0.00
-1.92 -0.32 -2.89 -0.55 0.00
-1.96 -0.30 -2.90 -0.66 0.00
-2.01 -0.28 -2.89 -0.75 0.00
-2.04 -0.30 -2.93 -0.77 0.00
-2.08 -0.32 -2.96 -0.80 0.00
-2.12 -0.34 -2.99 -0.83 0.00
-2.15 -0.36 -2.99 -0.90 0.00
-2.19 -0.38 -3.00 -0.97 0.00
-2.22 -0.40 -2.99 -1.04 0.00
-2.26 -0.42 -2.97 -1.12 0.00
-2.29 -0.44 -2.95 -1.19 0.00
-2.33 -0.45 -2.93 -1.26 0.00
-2.35 -0.49 -2.99 -1.26 0.00
-2.38 -0.52 -3.05 -1.26 0.00
-2.40 -0.55 -3.11 -1.25 0.00
-2.42 -0.58 -3.17 -1.24 0.00
-2.45 -0.61 -3.24 -1.22 0.00
-2.47 -0.64 -3.29 -1.21 0.00
-2.50 -0.67 -3.35 -1.20 0.00
-2.53 -0.70 -3.40 -1.18 0.00
-2.56 -0.72 -3.44 -1.18 0.00
-2.59 -0.74 -3.49 -1.18 0.00
-2.62 -0.76 -3.54 -1.17 0.00
-2.66 -0.78 -3.59 -1.13 0.00
-2.69 -0.79 -3.65 -1.08 0.00
-2.73 -0.81 -3.70 -1.02 0.00
-2.76 -0.83 -3.75 -0.96 0.00
-2.79 -0.84 -3.79 -0.88 0.00
-2.83 -0.84 -3.83 -0.89 0.00
-2.88 -0.85 -3.87 -0.88 0.00
-2.92 -0.85 -3.92 -0.87 0.00
-2.96 -0.85 -3.96 -0.86 0.00
-3.00 -0.85 -4.00 -0.86 0.00
-3.04 -0.85 -4.04 -0.86 0.00
-3.08 -0.85 -4.08 -0.85 0.00
-3.12 -0.85 -4.12 -0.85 0.00
-3.16 -0.85 -4.16 -0.85 0.00
-3.20 -0.85 -4.20 -0.83 0.00
-3.24 -0.85 -4.24 -0.80 0.00
-3.28 -0.85 -4.27 -0.76 0.00
-3.32 -0.85 -4.31 -0.71 0.00
-3.36 -0.85 -4.34 -0.67 0.00
-3.40 -0.85 -4.37 -0.61 0.00
-3.44 -0.85 -4.40 -0.56 0.00
-3.48 -0.84 -4.41 -0.48 0.00
-3.51 -0.83 -4.43 -0.44 0.00
-3.55 -0.82 -4.46 -0.39 0.00
-3.59 -0.81 -4.48 -0.34 0.00
-3.63 -0.80 -4.50 -0.30 0.00
-3.66 -0.78 -4.53 -0.28 0.00
-3.70 -0.76 -4.55 -0.23 0.00
-3.73 -0.74 -4.56 -0.19 0.00
-3.76 -0.72 -4.57 -0.14 0.00
-3.79 -0.70 -4.58 -0.08 0.00
-3.83 -0.69 -4.58 -0.03 0.00
-3.86 -0.67 -4.57 0.04 0.00
-3.89 -0.65 -4.57 0.09 0.00
-3.92 -0.62 -4.59 0.13 0.00
-3.95 -0.60 -4.60 0.16 0.00
-3.98 -0.57 -4.63 0.19 0.00
-4.00 -0.54 -4.67 0.20 0.00
-4.03 -0.51 -4.67 0.26 0.00
