0.80 -0.00 0.40 0.92 0.00
0.79 0.04 0.23 0.87 0.00
0.78 0.09 0.11 0.84 0.00
0.77 0.13 0.02 0.79 0.00
0.75 0.17 -0.07 0.73 0.00
0.74 0.22 -0.16 0.65 0.00
0.71 0.24 -0.20 0.66 0.00
0.67 0.26 -0.24 0.68 0.00
0.63 0.28 -0.28 0.69 0.00
0.59 0.29 -0.33 0.69 0.00
0.56 0.31 -0.37 0.68 0.00
0.52 0.33 -0.42 0.66 0.00
0.48 0.35 -0.47 0.65 0.00
0.45 0.37 -0.52 0.63 0.00
0.41 0.38 -0.57 0.59 0.00
0.37 0.40 -0.61 0.59 0.00
0.33 0.41 -0.65 0.59 0.00
0.29 0.42 -0.70 0.56 0.00
0.25 0.42 -0.74 0.55 0.00
0.21 0.43 -0.79 0.53 0.00
0.17 0.44 -0.83 0.51 0.00
0.13 0.44 -0.87 0.49 0.00
0.09 0.45 -0.91 0.47 0.00
0.05 0.45 -0.95 0.45 0.00
0.01 0.46 -0.99 0.43 0.00
-0.03 0.46 -1.03 0.40 0.00
-0.07 0.46 -1.07 0.37 0.00
-0.11 0.46 -1.10 0.34 0.00
-0.15 0.46 -1.14 0.29 0.00
-0.19 0.46 -1.16 0.22 0.00
-0.23 0.46 -1.18 0.16 0.00
-0.27 0.45 -1.20 0.09 0.00
-0.31 0.45 -1.22 0.03 0.00
-0.35 0.44 -1.19 -0.10 0.00
-0.39 0.43 -1.20 -0.16 0.00
-0.43 0.41 -1.19 -0.23 0.00
-0.46 0.40 -1.19 -0.29 0.00
-0.50 0.38 -1.21 -0.33 0.00
-0.54 0.34 -1.24 -0.37 0.00
-0.58 0.30 -1.29 -0.40 0.00
-0.62 0.26 -1.33 -0.44 0.00
-0.66 0.23 -1.38 -0.47 0.00
-0.70 0.19 -1.43 -0.49 0.00
-0.73 0.15 -1.48 -0.52 0.00
-0.77 0.11 -1.53 -0.54 0.00
-0.81 0.08 -1.57 -0.57 0.00
-0.85 0.04 -1.61 -0.60 0.00
-0.88 0.00 -1.66 -0.63 0.00
-0.92 -0.03 -1.71 -0.64 0.00
-0.96 -0.05 -1.75 -0.66 0.00
-1.00 -0.09 -1.79 -0.69 0.00
-1.04 -0.12 -1.83 -0.73 0.00
-1.08 -0.15 -1.86 -0.76 0.00
-1.12 -0.17 -1.90 -0.80 0.00
-1.16 -0.20 -1.93 -0.83 0.00
-1.20 -0.23 -1.96 -0.88 0.00
-1.23 -0.26 -1.99 -0.92 0.00
-1.27 -0.29 -2.02 -0.95 0.00
-1.30 -0.32 -2.05 -0.99 0.00
-1.33 -0.35 -2.07 -1.02 0.00
-1.37 -0.38 -2.10 -1.06 0.00
-1.40 -0.41 -2.12 -1.11 0.00
-1.43 -0.44 -2.12 -1.17 0.00
-1.47 -0.46 -2.10 -1.24 0.00
-1.50 -0.49 -2.07 -1.31 0.00
-1.50 -0.49 -2.48 -0.67 1.00
-1.53 -0.51 -2.53 -0.57 0.00
-1.58 -0.51 -2.58 -0.54 0.00
-1.62 -0.51 -2.62 -0.52 0.00
-1.67 -0.51 -2.67 -0.57 0.00
-1.70 -0.51 -2.70 -0.51 0.00
-1.75 -0.51 -2.74 -0.55 0.00
-1.79 -0.52 -2.79 -0.61 0.00
-1.68 -0.51 -2.43 0.15 0.00
-1.75 -0.51 -2.62 -0.01 0.00
-1.93 -0.51 -2.88 -0.84 0.00
-1.87 -0.51 -2.84 -0.27 0.00
-2.00 -0.52 -2.94 -0.87 0.00
-2.00 -0.52 -2.99 -0.63 0.00
-2.09 -0.53 -2.99 -0.96 0.00
-2.11 -0.54 -3.07 -0.83 0.00
-2.17 -0.57 -3.04 -1.07 0.00
-2.32 -0.57 -2.86 -1.42 0.00
-2.28 -0.59 -3.06 -1.21 0.00
-2.30 -0.62 -3.04 -1.30 0.00
-2.33 -0.65 -3.10 -1.28 0.00
-2.36 -0.67 -3.13 -1.31 0.00
-2.40 -0.70 -3.13 -1.39 0.00
-2.44 -0.73 -3.11 -1.47 0.00
-2.47 -0.76 -3.09 -1.55 0.00
-2.51 -0.79 -3.05 -1.63 0.00
-2.54 -0.82 -3.00 -1.70 0.00
-2.58 -0.85 -2.96 -1.77 0.00
-2.61 -0.87 -2.92 -1.83 0.00
-2.62 -0.91 -2.91 -1.87 0.00
-2.63 -0.95 -2.90 -1.91 0.00
-2.65 -0.98 -2.88 -1.96 0.00
-2.66 -1.02 -2.86 -2.00 0.00
-2.67 -1.06 -2.78 -2.05 0.00
-2.67 -1.08 -2.66 -2.08 0.00
-2.68 -1.12 -2.58 -2.12 0.00
-2.66 -1.18 -2.53 -2.18 0.00
-2.65 -1.27 -2.67 -2.27 0.00
-2.67 -1.28 -2.54 -2.27 0.00
-2.69 -1.32 -2.51 -2.30 0.00
-2.68 -1.34 -2.58 -2.33 0.00
-2.67 -1.37 -2.38 -2.32 0.00
-2.67 -1.40 -2.35 -2.35 0.00
-2.67 -1.44 -2.38 -2.40 0.00
-2.66 -1.48 -2.34 -2.43 0.00
-2.65 -1.52 -2.30 -2.46 0.00
-2.64 -1.56 -2.26 -2.48 0.00
-2.63 -1.59 -2.21 -2.50 0.00
-2.62 -1.63 -2.15 -2.51 0.00
-2.59 -1.67 -2.20 -2.59 0.00
-2.57 -1.71 -2.24 -2.65 0.00
-2.54 -1.75 -2.27 -2.71 0.00
-2.51 -1.78 -2.31 -2.76 0.00
-2.49 -1.83 -2.35 -2.82 0.00
-2.49 -1.87 -2.34 -2.86 0.00
-2.48 -1.91 -2.34 -2.90 0.00
-2.48 -1.95 -2.24 -2.92 0.00
-2.47 -1.99 -2.09 -2.91 0.00
-2.47 -2.03 -1.95 -2.89 0.00
