-0.10 -2.20 0.53 -1.43 0.00
-0.07 -2.17 0.55 -1.39 0.00
-0.04 -2.13 0.52 -1.31 0.00
-0.02 -2.10 0.46 -1.22 0.00
0.01 -2.06 0.38 -1.13 0.00
0.04 -2.03 0.27 -1.05 0.00
0.07 -1.99 0.16 -1.00 0.00
0.10 -1.96 0.05 -0.96 0.00
0.13 -1.93 -0.05 -0.94 0.00
0.13 -1.89 -0.08 -0.91 0.00
0.12 -1.85 -0.10 -0.87 0.00
0.11 -1.81 -0.13 -0.84 0.00
0.10 -1.77 -0.14 -0.80 0.00
0.10 -1.73 -0.18 -0.77 0.00
0.09 -1.69 -0.22 -0.74 0.00
0.08 -1.65 -0.26 -0.71 0.00
0.07 -1.61 -0.30 -0.68 0.00
0.07 -1.61 0.46 -0.69 1.00
0.07 -1.61 1.00 -1.24 1.00
0.07 -1.61 0.99 -2.01 1.00
0.11 -1.63 1.02 -2.03 0.00
0.14 -1.64 1.05 -2.04 0.00
0.17 -1.66 1.11 -2.00 0.00
0.21 -1.68 1.15 -2.01 0.00
0.24 -1.69 1.20 -1.99 0.00
0.28 -1.71 1.24 -1.98 0.00
0.31 -1.72 1.28 -1.97 0.00
0.35 -1.73 1.32 -1.96 0.00
0.38 -1.74 1.36 -1.96 0.00
0.39 -1.75 1.38 -1.91 0.00
0.42 -1.76 1.41 -1.91 0.00
0.48 -1.77 1.48 -1.76 0.00
0.50 -1.76 1.49 -1.62 0.00
0.55 -1.78 1.48 -1.42 0.00
0.57 -1.80 1.35 -1.17 0.00
0.62 -1.79 1.37 -1.13 0.00
0.61 -1.79 1.61 -1.84 1.00
0.63 -1.79 1.63 -1.83 0.00
0.69 -1.78 1.68 -1.65 0.00
0.75 -1.80 1.74 -1.77 0.00
0.77 -1.80 1.76 -1.63 0.00
0.81 -1.80 1.77 -1.51 0.00
0.85 -1.80 1.77 -1.41 0.00
0.90 -1.81 1.79 -1.34 0.00
0.93 -1.80 1.78 -1.27 0.00
0.96 -1.79 1.81 -1.26 0.00
0.99 -1.78 1.80 -1.20 0.00
1.00 -1.76 1.79 -1.15 0.00
1.03 -1.74 1.72 -1.01 0.00
1.06 -1.73 1.67 -0.93 0.00
1.08 -1.71 1.59 -0.85 0.00
1.11 -1.70 1.54 -0.79 0.00
1.13 -1.69 1.44 -0.74 0.00
1.14 -1.69 2.04 -1.26 1.00
1.14 -1.70 2.08 -2.04 1.00
1.14 -1.70 1.53 -2.63 1.00
1.16 -1.74 1.45 -2.69 0.00
1.17 -1.76 1.41 -2.73 0.00
1.18 -1.80 1.30 -2.79 0.00
1.20 -1.84 1.22 -2.84 0.00
1.22 -1.88 1.19 -2.88 0.00
1.23 -1.92 1.08 -2.91 0.00
1.24 -1.94 1.08 -2.93 0.00
1.24 -1.98 1.03 -2.96 0.00
1.22 -2.04 0.97 -3.01 0.00
1.22 -2.08 0.97 -3.05 0.00
1.20 -2.11 0.89 -3.06 0.00
1.19 -2.15 0.79 -3.07 0.00
1.18 -2.19 0.66 -3.05 0.00
1.17 -2.23 0.54 -3.01 0.00
1.16 -2.27 0.45 -2.97 0.00
1.16 -2.31 0.35 -2.90 0.00
1.13 -2.34 0.26 -2.83 0.00
1.09 -2.37 0.21 -2.84 0.00
1.06 -2.39 0.16 -2.83 0.00
1.02 -2.42 0.09 -2.79 0.00
0.98 -2.45 0.03 -2.77 0.00
0.95 -2.47 -0.02 -2.75 0.00
0.90 -2.49 -0.06 -2.76 0.00
0.87 -2.50 -0.09 -2.79 0.00
0.84 -2.52 -0.15 -2.69 0.00
0.75 -2.52 -0.21 -2.80 0.00
0.74 -2.53 -0.23 -2.80 0.00
0.67 -2.56 -0.30 -2.78 0.00
0.62 -2.57 -0.37 -2.71 0.00
0.57 -2.59 -0.43 -2.63 0.00
0.54 -2.58 -0.45 -2.43 0.00
0.49 -2.52 -0.37 -2.01 0.00
0.39 -2.48 -0.55 -2.13 0.00
0.40 -2.45 -0.51 -2.04 0.00
0.38 -2.43 -0.54 -2.04 0.00
0.34 -2.42 -0.58 -2.02 0.00
0.30 -2.40 -0.63 -2.03 0.00
0.26 -2.38 -0.66 -1.99 0.00
0.22 -2.37 -0.69 -1.96 0.00
0.19 -2.35 -0.72 -1.93 0.00
0.15 -2.33 -0.75 -1.90 0.00
0.11 -2.32 -0.78 -1.87 0.00
0.07 -2.30 -0.81 -1.84 0.00
0.03 -2.29 -0.84 -1.81 0.00
-0.01 -2.27 -0.87 -1.77 0.00
-0.04 -2.25 -0.91 -1.76 0.00
-0.08 -2.23 -0.96 -1.75 0.00
-0.12 -2.20 -1.01 -1.75 0.00
-0.15 -2.17 -1.08 -1.81 0.00
-0.19 -2.14 -1.14 -1.81 0.00
-0.23 -2.12 -1.18 -1.80 0.00
-0.27 -2.11 -1.22 -1.78 0.00
-0.32 -2.09 -1.26 -1.75 0.00
-0.35 -2.08 -1.30 -1.77 0.00
-0.39 -2.07 -1.32 -1.71 0.00
-0.43 -2.05 -1.37 -1.69 0.00
-0.47 -2.04 -1.40 -1.66 0.00
-0.51 -2.03 -1.44 -1.64 0.00
-0.56 -2.01 -1.49 -1.66 0.00
-0.59 -2.00 -1.50 -1.57 0.00
-0.64 -1.98 -1.53 -1.53 0.00
-0.67 -1.96 -1.58 -1.55 0.00
-0.71 -1.94 -1.63 -1.54 0.00
-0.75 -1.92 -1.69 -1.57 0.00
-0.79 -1.89 -1.77 -1.67 0.00
-0.83 -1.86 -1.83 -1.75 0.00
-0.88 -1.83 -1.87 -1.78 0.00
-0.92 -1.83 -1.91 -1.77 0.00
-0.96 -1.83 -1.95 -1.77 0.00
-1.00 -1.83 -1.99 -1.77 0.00
-1.04 -1.83 -2.03 -1.77 0.00
-1.08 -1.82 -2.07 -1.76 0.00
-1.11 -1.82 -2.11 -1.76 0.00
-1.15 -1.82 -2.15 -1.76 0.00
-1.19 -1.82 -2.19 -1.75 0.00
-1.23 -1.81 -2.23 -1.73 0.00
-1.27 -1.81 -2.27 -1.72 0.00
-1.31 -1.81 -2.31 -1.71 0.00
-1.35 -1.81 -2.35 -1.71 0.00
-1.39 -1.80 -2.39 -1.70 0.00
-1.43 -1.80 -2.42 -1.63 0.00
-1.48 -1.80 -2.45 -1.59 0.00
-1.52 -1.80 -2.49 -1.56 0.00
-1.56 -1.79 -2.52 -1.53 0.00
-1.60 -1.78 -2.56 -1.51 0.00
-1.64 -1.78 -2.59 -1.46 0.00
-1.68 -1.77 -2.61 -1.40 0.00
-1.72 -1.75 -2.61 -1.31 0.00
-1.76 -1.74 -2.61 -1.23 0.00
-1.80 -1.73 -2.59 -1.13 0.00
-1.84 -1.72 -2.58 -1.05 0.00
-1.87 -1.70 -2.56 -0.98 0.00
-1.91 -1.69 -2.55 -0.92 0.00
-1.94 -1.66 -2.56 -0.87 0.00
-1.97 -1.66 -2.58 -0.86 0.00
-2.03 -1.63 -2.36 -0.68 0.00
-2.03 -1.65 -1.59 -0.75 1.00
-2.03 -1.65 -1.09 -1.32 1.00
-2.03 -1.65 -1.13 -2.09 1.00
-2.00 -1.67 -1.09 -2.10 0.00
-1.96 -1.69 -1.04 -2.08 0.00
-1.93 -1.70 -1.00 -2.08 0.00
-1.89 -1.72 -0.96 -2.08 0.00
-1.85 -1.74 -0.92 -2.09 0.00
-1.82 -1.75 -0.88 -2.09 0.00
-1.78 -1.77 -0.84 -2.09 0.00
-1.75 -1.79 -0.80 -2.09 0.00
-1.71 -1.80 -0.76 -2.10 0.00
-1.67 -1.81 -0.71 -2.09 0.00
-1.64 -1.82 -0.66 -2.05 0.00
-1.60 -1.83 -0.60 -1.91 0.00
-1.56 -1.85 -0.57 -1.76 0.00
-1.52 -1.86 -0.56 -1.60 0.00
-1.49 -1.87 -0.57 -1.47 0.00
-1.45 -1.88 -0.60 -1.35 0.00
-1.42 -1.86 -0.59 -1.29 0.00
-1.38 -1.84 -0.57 -1.25 0.00
-1.34 -1.82 -0.55 -1.21 0.00
-1.31 -1.80 -0.53 -1.17 0.00
-1.28 -1.78 -0.52 -1.13 0.00
-1.24 -1.75 -0.49 -1.09 0.00
-1.21 -1.73 -0.47 -1.06 0.00
-1.18 -1.70 -0.45 -1.02 0.00
-1.15 -1.67 -0.43 -0.98 0.00
-1.12 -1.65 -0.44 -0.91 0.00
-1.09 -1.62 -0.48 -0.83 0.00
-1.06 -1.60 -0.52 -0.75 0.00
-1.04 -1.58 -0.47 -0.76 0.00
-0.99 -1.56 -0.61 -0.64 0.00
-0.98 -1.55 -0.75 -0.57 0.00
-0.95 -1.47 -0.75 -0.49 0.00
-0.95 -1.44 -0.18 -0.80 1.00
-0.96 -1.44 0.04 -1.48 1.00
-0.93 -1.44 0.07 -1.39 0.00
-0.88 -1.46 0.12 -1.46 0.00
-0.86 -1.45 0.14 -1.39 0.00
-0.81 -1.45 0.18 -1.39 0.00
-0.76 -1.46 0.24 -1.49 0.00
-0.73 -1.45 0.27 -1.36 0.00
-0.69 -1.46 0.30 -1.41 0.00
-0.65 -1.45 0.34 -1.29 0.00
-0.62 -1.47 0.37 -1.39 0.00
-0.56 -1.42 0.31 -0.95 0.00
-0.54 -1.41 0.28 -0.84 0.00
-0.50 -1.45 0.37 -0.96 0.00
-0.47 -1.44 0.27 -0.76 0.00
-0.43 -1.43 0.20 -0.66 0.00
-0.39 -1.42 0.05 -0.53 0.00
-0.36 -1.39 0.07 -0.48 0.00
-0.35 -1.40 0.58 -1.04 1.00
-0.36 -1.40 0.50 -1.91 1.00
-0.35 -1.40 0.32 -2.14 0.00
-0.31 -1.46 0.48 -2.07 0.00
-0.27 -1.47 0.39 -2.22 0.00
-0.21 -1.51 0.65 -2.02 0.00
-0.19 -1.52 0.62 -2.12 0.00
-0.16 -1.53 0.69 -2.06 0.00
-0.13 -1.54 0.69 -2.12 0.00
-0.10 -1.56 0.73 -2.12 0.00
-0.07 -1.58 0.78 -2.11 0.00
-0.04 -1.60 0.82 -2.11 0.00
-0.01 -1.62 0.87 -2.10 0.00
0.01 -1.64 0.92 -2.07 0.00
0.04 -1.66 0.97 -2.03 0.00
0.06 -1.67 1.02 -1.97 0.00
0.09 -1.69 1.07 -1.89 0.00
0.12 -1.71 1.12 -1.81 0.00
0.16 -1.71 1.16 -1.80 0.00
0.20 -1.72 1.20 -1.78 0.00
0.24 -1.73 1.24 -1.74 0.00
0.28 -1.73 1.28 -1.72 0.00
0.31 -1.74 1.31 -1.68 0.00
0.35 -1.74 1.35 -1.65 0.00
0.38 -1.74 1.38 -1.63 0.00
0.40 -1.74 1.39 -1.63 0.00
0.43 -1.75 1.39 -1.45 0.00
0.49 -1.73 1.45 -1.47 0.00
0.51 -1.73 1.45 -1.39 0.00
0.54 -1.72 1.45 -1.31 0.00
0.59 -1.72 1.36 -1.07 0.00
0.62 -1.71 1.28 -0.95 0.00
0.65 -1.70 1.16 -0.83 0.00
0.68 -1.70 1.08 -0.78 0.00
0.69 -1.69 1.58 -1.25 1.00
0.70 -1.69 1.65 -1.98 1.00
0.74 -1.68 1.70 -1.98 0.00
0.75 -1.70 1.75 -1.78 0.00
0.81 -1.72 1.80 -1.88 0.00
0.88 -1.73 1.87 -1.81 0.00
0.90 -1.74 1.90 -1.80 0.00
0.92 -1.76 1.92 -1.76 0.00
0.95 -1.77 1.95 -1.74 0.00
1.00 -1.77 2.00 -1.75 0.00
1.01 -1.77 2.01 -1.73 0.00
1.06 -1.76 2.05 -1.66 0.00
1.09 -1.77 2.07 -1.58 0.00
1.11 -1.76 2.06 -1.46 0.00
1.14 -1.76 2.02 -1.29 0.00
1.17 -1.76 1.97 -1.14 0.00
1.21 -1.75 1.86 -0.99 0.00
1.25 -1.76 1.76 -0.90 0.00
1.21 -1.77 2.21 -1.75 1.00
1.21 -1.77 1.94 -2.46 1.00
1.21 -1.76 1.32 -2.75 1.00
1.22 -1.78 1.40 -2.76 0.00
1.22 -1.83 1.33 -2.82 0.00
1.23 -1.86 1.24 -2.86 0.00
1.23 -1.91 1.13 -2.90 0.00
1.23 -1.94 1.04 -2.92 0.00
1.23 -1.98 0.98 -2.95 0.00
1.23 -2.02 0.89 -2.96 0.00
1.24 -2.08 0.75 -2.95 0.00
1.23 -2.11 0.75 -2.99 0.00
1.21 -2.14 0.69 -3.00 0.00
1.18 -2.18 0.69 -3.05 0.00
1.16 -2.22 0.59 -3.03 0.00
1.15 -2.25 0.49 -3.01 0.00
1.13 -2.29 0.38 -2.95 0.00
1.11 -2.32 0.29 -2.90 0.00
1.08 -2.36 0.19 -2.82 0.00
1.04 -2.38 0.14 -2.82 0.00
1.00 -2.40 0.10 -2.82 0.00
0.96 -2.43 0.04 -2.81 0.00
0.92 -2.44 -0.02 -2.78 0.00
0.89 -2.47 -0.04 -2.81 0.00
0.87 -2.48 -0.10 -2.75 0.00
0.82 -2.50 -0.16 -2.69 0.00
0.76 -2.50 -0.21 -2.73 0.00
0.71 -2.54 -0.28 -2.67 0.00
0.66 -2.55 -0.33 -2.63 0.00
0.62 -2.55 -0.38 -2.62 0.00
0.55 -2.58 -0.45 -2.47 0.00
0.53 -2.56 -0.47 -2.57 0.00
0.47 -2.56 -0.53 -2.48 0.00
0.40 -2.57 -0.60 -2.52 0.00
0.40 -2.57 -0.60 -2.51 0.00
0.36 -2.57 -0.64 -2.54 0.00
0.32 -2.57 -0.68 -2.53 0.00
0.28 -2.57 -0.72 -2.53 0.00
0.24 -2.57 -0.76 -2.53 0.00
0.20 -2.56 -0.80 -2.51 0.00
0.16 -2.56 -0.84 -2.47 0.00
0.12 -2.56 -0.87 -2.41 0.00
0.08 -2.56 -0.90 -2.37 0.00
0.04 -2.56 -0.94 -2.33 0.00
0.02 -2.56 -0.93 -2.25 0.00
-0.02 -2.57 -0.93 -2.17 0.00
-0.09 -2.55 -1.05 -2.26 0.00
-0.13 -2.52 -1.04 -2.11 0.00
-0.16 -2.51 -1.12 -2.21 0.00
-0.22 -2.51 -1.16 -2.19 0.00
-0.24 -2.49 -1.16 -2.11 0.00
-0.28 -2.38 -1.21 -2.01 0.00
-0.34 -2.39 -1.31 -2.16 0.00
-0.36 -2.41 -1.34 -2.23 0.00
-0.39 -2.41 -1.37 -2.21 0.00
-0.43 -2.40 -1.41 -2.20 0.00
-0.47 -2.39 -1.44 -2.16 0.00
-0.51 -2.38 -1.48 -2.15 0.00
-0.54 -2.37 -1.50 -2.11 0.00
-0.59 -2.32 -1.59 -2.27 0.00
-0.53 -2.44 -0.99 -1.55 0.00
-0.67 -2.34 -1.62 -2.03 0.00
-0.71 -2.31 -1.69 -2.10 0.00
-0.74 -2.32 -1.69 -1.99 0.00
-0.78 -2.29 -1.76 -2.06 0.00
-0.82 -2.31 -1.77 -1.98 0.00
-0.91 -2.23 -1.90 -2.34 0.00
-1.00 -2.21 -1.86 -2.71 0.00
-1.04 -2.19 -1.90 -2.71 0.00
-1.02 -2.26 -2.02 -2.27 0.00
-1.06 -2.26 -2.06 -2.28 0.00
-1.09 -2.27 -2.09 -2.22 0.00
-1.15 -2.27 -2.15 -2.24 0.00
-1.19 -2.26 -2.19 -2.26 0.00
-1.22 -2.26 -2.22 -2.25 0.00
-1.27 -2.27 -2.27 -2.23 0.00
-1.31 -2.26 -2.31 -2.21 0.00
-1.35 -2.26 -2.35 -2.24 0.00
-1.37 -2.26 -2.37 -2.17 0.00
-1.42 -2.26 -2.42 -2.19 0.00
-1.46 -2.26 -2.46 -2.20 0.00
-1.51 -2.26 -2.50 -2.15 0.00
-1.54 -2.26 -2.53 -2.08 0.00
-1.58 -2.27 -2.58 -2.19 0.00
-1.61 -2.24 -2.59 -2.05 0.00
-1.66 -2.23 -2.66 -2.15 0.00
-1.70 -2.23 -2.70 -2.13 0.00
-1.75 -2.23 -2.75 -2.19 0.00
-1.79 -2.23 -2.79 -2.24 0.00
-1.83 -2.23 -2.83 -2.31 0.00
-1.92 -2.20 -2.92 -2.22 0.00
-1.93 -2.21 -2.93 -2.13 0.00
-1.94 -2.20 -2.91 -1.97 0.00
-1.97 -2.19 -2.94 -1.92 0.00
-2.01 -2.19 -2.96 -1.87 0.00
-2.05 -2.18 -2.99 -1.83 0.00
-2.09 -2.17 -3.02 -1.80 0.00
-2.13 -2.16 -3.05 -1.77 0.00
-2.17 -2.14 -3.08 -1.73 0.00
-2.20 -2.13 -2.99 -1.51 0.00
-2.24 -2.12 -2.93 -1.39 0.00
-2.28 -2.11 -2.84 -1.28 0.00
-2.32 -2.09 -2.77 -1.20 0.00
-2.36 -2.08 -2.70 -1.14 0.00
-2.38 -2.05 -2.67 -1.09 0.00
-2.40 -2.01 -2.68 -1.05 0.00
-2.41 -1.97 -2.69 -1.01 0.00
-2.42 -1.93 -2.68 -0.96 0.00
-2.43 -1.89 -2.67 -0.92 0.00
-2.44 -1.85 -2.63 -0.86 0.00
-2.46 -1.81 -2.61 -0.82 0.00
-2.47 -1.77 -2.58 -0.77 0.00
-2.48 -1.72 -2.56 -0.73 0.00
-2.49 -1.68 -2.53 -0.69 0.00
-2.49 -1.65 -2.52 -0.65 0.00
-2.49 -1.61 -2.54 -0.61 0.00
-2.49 -1.56 -2.57 -0.57 0.00
-2.49 -1.52 -2.59 -0.53 0.00
-2.49 -1.48 -2.60 -0.49 0.00
-2.50 -1.45 -2.61 -0.45 0.00
-2.50 -1.41 -2.62 -0.41 0.00
-2.50 -1.37 -2.62 -0.37 0.00
-2.51 -1.33 -2.63 -0.33 0.00
-2.51 -1.29 -2.61 -0.29 0.00
-2.52 -1.25 -2.61 -0.25 0.00
-2.52 -1.21 -2.61 -0.21 0.00
-2.53 -1.17 -2.60 -0.17 0.00
-2.53 -1.13 -2.60 -0.13 0.00
-2.53 -1.09 -2.59 -0.09 0.00
-2.54 -1.05 -2.58 -0.05 0.00
-2.54 -1.01 -2.57 -0.01 0.00
-2.54 -0.97 -2.56 0.03 0.00
-2.54 -0.93 -2.55 0.07 0.00
-2.54 -0.89 -2.55 0.11 0.00
-2.54 -0.85 -2.53 0.15 0.00
-2.54 -0.81 -2.51 0.19 0.00
-2.55 -0.77 -2.49 0.23 0.00
-2.55 -0.73 -2.48 0.27 0.00
-2.54 -0.69 -2.46 0.31 0.00
-2.54 -0.65 -2.47 0.35 0.00
-2.54 -0.61 -2.45 0.39 0.00
-2.54 -0.57 -2.42 0.43 0.00
-2.54 -0.53 -2.36 0.46 0.00
-2.53 -0.49 -2.29 0.48 0.00
-2.53 -0.45 -2.22 0.50 0.00
-2.53 -0.41 -2.16 0.52 0.00
-2.52 -0.37 -2.10 0.53 0.00
-2.51 -0.33 -2.06 0.56 0.00
-2.49 -0.29 -2.03 0.59 0.00
-2.47 -0.26 -1.99 0.62 0.00
-2.45 -0.22 -1.95 0.65 0.00
-2.43 -0.18 -1.92 0.68 0.00
-2.41 -0.14 -1.87 0.70 0.00
-2.39 -0.10 -1.84 0.73 0.00
