2.30 -1.00 2.90 -0.20 0.00
2.33 -0.97 2.90 -0.15 0.00
2.35 -0.94 2.90 -0.10 0.00
2.37 -0.91 2.89 -0.05 0.00
2.40 -0.87 2.88 0.00 0.00
2.41 -0.84 2.75 0.10 0.00
2.45 -0.81 2.88 0.09 0.00
2.47 -0.79 2.85 0.13 0.00
2.49 -0.77 2.74 0.19 0.00
2.53 -0.73 2.76 0.24 0.00
2.52 -0.70 2.82 0.26 0.00
2.54 -0.66 2.71 0.32 0.00
2.53 -0.63 2.72 0.36 0.00
2.56 -0.56 2.69 0.44 0.00
2.59 -0.55 2.65 0.45 0.00
2.59 -0.49 2.42 0.49 0.00
2.60 -0.43 2.39 0.54 0.00
2.59 -0.38 2.37 0.59 0.00
2.58 -0.35 2.27 0.60 0.00
2.57 -0.31 2.19 0.61 0.00
2.56 -0.27 2.09 0.61 0.00
2.55 -0.23 2.02 0.61 0.00
2.53 -0.20 1.95 0.62 0.00
2.53 -0.15 1.88 0.61 0.00
2.51 -0.12 1.80 0.58 0.00
2.48 -0.07 1.79 0.64 0.00
2.45 -0.04 1.75 0.68 0.00
2.42 -0.01 1.72 0.71 0.00
2.38 0.03 1.65 0.71 0.00
2.34 0.07 1.56 0.69 0.00
2.32 0.08 1.66 0.83 0.00
2.27 0.13 1.41 0.64 0.00
2.21 0.17 1.35 0.67 0.00
2.12 0.17 1.34 0.79 0.00
2.10 0.19 1.23 0.68 0.00
2.06 0.23 1.14 0.60 0.00
1.98 0.26 1.01 0.50 0.00
1.95 0.27 0.97 0.46 0.00
1.95 0.30 0.95 0.43 0.00
1.94 0.31 0.95 0.17 0.00
1.90 0.34 0.90 0.42 0.00
1.84 0.32 0.84 0.32 0.00
1.81 0.33 0.81 0.34 0.00
1.75 0.33 0.76 0.23 0.00
1.70 0.34 0.70 0.29 0.00
1.65 0.32 0.65 0.31 0.00
1.61 0.32 0.62 0.22 0.00
1.58 0.33 0.59 0.17 0.00
1.52 0.32 0.53 0.23 0.00
1.48 0.29 0.49 0.21 0.00
1.45 0.30 0.45 0.25 0.00
1.40 0.28 0.40 0.21 0.00
1.35 0.30 0.36 0.16 0.00
1.33 0.29 0.35 0.10 0.00
1.27 0.29 0.29 0.10 0.00
1.24 0.28 0.27 0.02 0.00
1.19 0.29 0.26 -0.08 0.00
1.14 0.27 0.19 -0.02 0.00
1.10 0.26 0.20 -0.16 0.00
1.06 0.26 0.16 -0.17 0.00
1.03 0.25 0.24 -0.36 0.00
0.99 0.23 0.11 -0.24 0.00
0.90 0.21 0.12 -0.41 0.00
0.88 0.20 0.02 -0.32 0.00
0.87 0.18 0.02 -0.35 0.00
0.85 0.15 0.03 -0.44 0.00
0.76 0.09 -0.14 -0.35 0.00
0.74 0.06 -0.16 -0.38 0.00
0.69 0.04 -0.18 -0.46 0.00
0.66 0.05 -0.24 -0.37 0.00
0.63 0.02 -0.32 -0.31 0.00
0.59 0.00 -0.35 -0.34 0.00
0.55 -0.01 -0.40 -0.32 0.00
0.50 -0.03 -0.47 -0.28 0.00
0.46 -0.06 -0.52 -0.21 0.00
0.42 -0.08 -0.57 -0.15 0.00
0.38 -0.10 -0.62 -0.10 0.00
0.34 -0.10 -0.66 -0.09 0.00
0.30 -0.10 -0.70 -0.08 0.00
0.26 -0.10 -0.74 -0.09 0.00
0.21 -0.10 -0.79 -0.13 0.00
0.17 -0.10 -0.83 -0.13 0.00
0.13 -0.10 -0.87 -0.13 0.00
0.09 -0.10 -0.91 -0.14 0.00
0.05 -0.10 -0.95 -0.14 0.00
0.02 -0.11 -0.98 -0.12 0.00
-0.03 -0.11 -1.03 -0.17 0.00
-0.07 -0.11 -1.06 -0.23 0.00
-0.12 -0.11 -1.12 -0.18 0.00
-0.15 -0.12 -1.15 -0.11 0.00
-0.19 -0.11 -1.18 -0.19 0.00
-0.23 -0.11 -1.23 -0.14 0.00
-0.27 -0.12 -1.27 -0.12 0.00
-0.31 -0.12 -1.31 -0.11 0.00
-0.35 -0.12 -1.35 -0.15 0.00
-0.38 -0.12 -1.38 -0.16 0.00
-0.43 -0.12 -1.43 -0.13 0.00
-0.46 -0.12 -1.46 -0.17 0.00
-0.51 -0.12 -1.51 -0.12 0.00
-0.54 -0.12 -1.54 -0.16 0.00
-0.59 -0.12 -1.59 -0.18 0.00
-0.63 -0.12 -1.63 -0.15 0.00
-0.67 -0.13 -1.66 -0.18 0.00
-0.71 -0.13 -1.71 -0.15 0.00
-0.74 -0.13 -1.74 -0.19 0.00
-0.79 -0.13 -1.79 -0.15 0.00
-0.82 -0.12 -1.81 -0.25 0.00
-0.87 -0.13 -1.86 -0.19 0.00
-0.91 -0.13 -1.90 -0.22 0.00
-0.95 -0.14 -1.94 -0.22 0.00
-0.98 -0.14 -1.97 -0.24 0.00
-1.03 -0.14 -2.01 -0.29 0.00
-1.07 -0.14 -2.05 -0.34 0.00
-1.11 -0.15 -2.10 -0.31 0.00
-1.15 -0.16 -2.13 -0.32 0.00
-1.19 -0.16 -2.18 -0.31 0.00
-1.23 -0.17 -2.22 -0.32 0.00
-1.27 -0.18 -2.26 -0.33 0.00
-1.31 -0.18 -2.30 -0.34 0.00
-1.35 -0.19 -2.33 -0.36 0.00
-1.39 -0.20 -2.37 -0.39 0.00
-1.43 -0.20 -2.41 -0.42 0.00
-1.47 -0.21 -2.45 -0.41 0.00
-1.50 -0.22 -2.46 -0.51 0.00
-1.55 -0.21 -2.44 -0.66 0.00
-1.59 -0.23 -2.45 -0.74 0.00
-1.63 -0.24 -2.42 -0.84 0.00
-1.66 -0.25 -2.40 -0.92 0.00
-1.70 -0.26 -2.36 -1.02 0.00
-1.72 -0.31 -2.55 -0.86 0.00
-1.74 -0.35 -2.65 -0.77 0.00
-1.76 -0.39 -2.72 -0.67 0.00
-1.79 -0.42 -2.77 -0.64 0.00
-1.83 -0.43 -2.81 -0.63 0.00
-1.87 -0.43 -2.85 -0.62 0.00
-1.90 -0.44 -2.86 -0.72 0.00
-1.94 -0.45 -2.88 -0.79 0.00
-1.97 -0.46 -2.85 -0.93 0.00
-2.00 -0.46 -2.82 -1.04 0.00
-2.04 -0.47 -2.77 -1.15 0.00
-2.07 -0.49 -2.70 -1.26 0.00
-2.10 -0.49 -2.65 -1.32 0.00
-2.12 -0.51 -2.66 -1.35 0.00
-2.15 -0.53 -2.61 -1.41 0.00
-2.16 -0.55 -2.62 -1.44 0.00
-2.16 -0.55 -3.11 -0.86 1.00
-2.19 -0.56 -3.18 -0.71 0.00
-2.24 -0.56 -3.23 -0.73 0.00
-2.29 -0.56 -3.28 -0.69 0.00
-2.31 -0.58 -3.31 -0.55 0.00
-2.35 -0.59 -3.35 -0.50 0.00
-2.39 -0.58 -3.36 -0.37 0.00
-2.40 -0.59 -3.31 -0.18 0.00
-2.46 -0.61 -3.42 -0.36 0.00
-2.50 -0.59 -3.50 -0.48 0.00
-2.57 -0.55 -3.57 -0.60 0.00
-2.60 -0.56 -3.60 -0.51 0.00
-2.58 -0.55 -3.47 -0.09 0.00
-2.63 -0.56 -3.52 -0.11 0.00
-2.66 -0.56 -3.55 -0.11 0.00
-2.70 -0.56 -3.57 -0.06 0.00
-2.74 -0.55 -3.58 -0.01 0.00
-2.77 -0.53 -3.58 0.06 0.00
-2.80 -0.50 -3.56 0.15 0.00
-2.83 -0.48 -3.51 0.26 0.00
-2.87 -0.47 -3.47 0.33 0.00
-2.90 -0.44 -3.43 0.41 0.00
-2.93 -0.43 -3.35 0.48 0.00
-2.96 -0.40 -3.31 0.54 0.00
-2.98 -0.37 -3.26 0.59 0.00
-2.99 -0.34 -3.30 0.61 0.00
-3.00 -0.30 -3.31 0.65 0.00
-3.01 -0.27 -3.32 0.68 0.00
-3.03 -0.24 -3.31 0.72 0.00
-3.04 -0.20 -3.29 0.76 0.00
-3.05 -0.17 -3.29 0.80 0.00
-3.06 -0.14 -3.27 0.84 0.00
-3.07 -0.11 -3.23 0.88 0.00
-3.07 -0.11 -2.49 0.71 1.00
-3.07 -0.11 -2.08 0.06 1.00
-3.03 -0.10 -2.05 0.08 0.00
-2.99 -0.10 -2.01 0.11 0.00
-2.95 -0.09 -1.97 0.09 0.00
-2.91 -0.08 -1.92 -0.03 0.00
-2.87 -0.07 -1.88 0.04 0.00
-2.83 -0.07 -1.83 -0.02 0.00
-2.79 -0.06 -1.79 -0.03 0.00
-2.75 -0.06 -1.75 -0.08 0.00
-2.71 -0.05 -1.71 -0.11 0.00
-2.67 -0.04 -1.67 -0.13 0.00
-2.63 -0.04 -1.63 -0.11 0.00
-2.59 -0.05 -1.60 -0.19 0.00
-2.55 -0.05 -1.56 -0.19 0.00
-2.51 -0.06 -1.53 -0.23 0.00
-2.47 -0.07 -1.49 -0.29 0.00
-2.43 -0.07 -1.46 -0.29 0.00
-2.40 -0.10 -1.41 -0.25 0.00
-2.36 -0.11 -1.37 -0.28 0.00
-2.31 -0.12 -1.33 -0.29 0.00
-2.27 -0.12 -1.29 -0.31 0.00
-2.23 -0.13 -1.25 -0.33 0.00
-2.19 -0.14 -1.21 -0.36 0.00
-2.15 -0.14 -1.18 -0.39 0.00
-2.10 -0.15 -1.14 -0.41 0.00
-2.06 -0.16 -1.10 -0.42 0.00
-2.02 -0.17 -1.06 -0.46 0.00
-1.98 -0.18 -1.03 -0.49 0.00
-1.94 -0.19 -0.99 -0.51 0.00
-1.90 -0.20 -0.95 -0.53 0.00
-1.85 -0.21 -0.92 -0.56 0.00
-1.82 -0.23 -0.88 -0.56 0.00
-1.78 -0.24 -0.83 -0.55 0.00
-1.75 -0.26 -0.78 -0.53 0.00
-1.71 -0.27 -0.74 -0.52 0.00
-1.67 -0.28 -0.71 -0.55 0.00
-1.63 -0.29 -0.66 -0.53 0.00
-1.59 -0.30 -0.62 -0.53 0.00
