-2.10 -0.50 -2.13 -1.50 0.00
-2.10 -0.53 -2.16 -1.53 0.00
-2.06 -0.56 -2.35 -1.51 0.00
-2.11 -0.58 -2.23 -1.57 0.00
-2.14 -0.64 -1.76 -1.56 0.00
-2.12 -0.69 -1.91 -1.66 0.00
-2.11 -0.73 -1.72 -1.65 0.00
-2.10 -0.78 -1.59 -1.64 0.00
-2.12 -0.80 -1.46 -1.55 0.00
-2.12 -0.83 -1.34 -1.46 0.00
-2.13 -0.89 -1.41 -1.58 0.00
-2.09 -0.90 -1.26 -1.46 0.00
-2.03 -0.91 -1.38 -1.67 0.00
-2.01 -0.94 -1.28 -1.63 0.00
-1.98 -1.03 -1.10 -1.51 0.00
-1.93 -1.15 -1.28 -1.91 0.00
-1.90 -1.07 -0.92 -1.28 0.00
-1.88 -1.11 -0.88 -1.21 0.00
-1.90 -1.07 -1.04 -1.58 0.00
-1.79 -1.16 -0.79 -1.25 0.00
-1.72 -1.12 -0.72 -1.05 0.00
-1.70 -1.12 -0.70 -1.10 0.00
-1.66 -1.12 -0.66 -1.10 0.00
-1.62 -1.12 -0.62 -1.06 0.00
-1.58 -1.12 -0.58 -1.04 0.00
-1.54 -1.12 -0.55 -1.02 0.00
-1.50 -1.11 -0.51 -0.98 0.00
-1.46 -1.11 -0.47 -0.96 0.00
-1.42 -1.11 -0.44 -0.92 0.00
-1.38 -1.11 -0.41 -0.88 0.00
-1.34 -1.10 -0.37 -0.86 0.00
-1.30 -1.10 -0.34 -0.84 0.00
-1.26 -1.09 -0.30 -0.82 0.00
-1.26 -1.09 -0.39 -1.58 1.00
-1.26 -1.09 -0.99 -2.05 1.00
-1.25 -1.13 -0.74 -1.99 0.00
-1.24 -1.17 -0.64 -1.97 0.00
-1.23 -1.21 -0.52 -1.92 0.00
-1.22 -1.25 -0.41 -1.84 0.00
-1.21 -1.29 -0.33 -1.76 0.00
-1.20 -1.33 -0.26 -1.68 0.00
-1.16 -1.34 -0.23 -1.69 0.00
-1.13 -1.36 -0.19 -1.70 0.00
-1.09 -1.37 -0.15 -1.71 0.00
-1.05 -1.38 -0.10 -1.67 0.00
-1.02 -1.40 -0.05 -1.65 0.00
-0.98 -1.41 -0.01 -1.65 0.00
-0.96 -1.42 0.04 -1.51 0.00
-0.92 -1.44 0.07 -1.55 0.00
-0.90 -1.44 0.09 -1.60 0.00
-0.77 -1.46 0.23 -1.47 0.00
-0.77 -1.46 0.01 -2.09 1.00
-0.75 -1.48 -0.45 -2.44 1.00
-0.77 -1.51 -1.27 -2.37 1.00
-0.77 -1.50 -1.77 -1.61 1.00
-0.81 -1.48 -1.81 -1.52 0.00
-0.89 -1.50 -1.89 -1.55 0.00
-0.92 -1.51 -1.92 -1.61 0.00
-0.95 -1.52 -1.95 -1.51 0.00
-0.97 -1.52 -1.97 -1.47 0.00
-1.01 -1.53 -2.00 -1.40 0.00
-1.04 -1.53 -2.03 -1.34 0.00
-1.08 -1.53 -2.05 -1.27 0.00
-1.12 -1.53 -2.06 -1.20 0.00
-1.16 -1.53 -2.09 -1.17 0.00
-1.19 -1.52 -2.11 -1.13 0.00
-1.23 -1.51 -2.13 -1.08 0.00
-1.26 -1.49 -2.14 -1.01 0.00
-1.30 -1.48 -2.13 -0.92 0.00
-1.33 -1.46 -2.12 -0.85 0.00
-1.37 -1.45 -2.11 -0.78 0.00
-1.40 -1.42 -2.12 -0.73 0.00
-1.43 -1.39 -2.15 -0.70 0.00
-1.46 -1.37 -2.16 -0.66 0.00
-1.49 -1.34 -2.17 -0.61 0.00
-1.52 -1.31 -2.17 -0.56 0.00
-1.55 -1.28 -2.17 -0.50 0.00
-1.57 -1.26 -2.17 -0.45 0.00
-1.60 -1.23 -2.16 -0.40 0.00
-1.63 -1.20 -2.16 -0.35 0.00
-1.66 -1.17 -2.15 -0.30 0.00
-1.67 -1.14 -2.16 -0.27 0.00
-1.66 -1.13 -2.19 -0.28 0.00
-1.69 -1.09 -2.44 -0.44 0.00
-1.73 -1.05 -2.20 -0.17 0.00
-1.75 -1.00 -2.13 -0.08 0.00
-1.76 -0.98 -2.14 -0.06 0.00
-1.77 -0.95 -2.19 -0.04 0.00
-1.78 -0.92 -2.15 0.01 0.00
-1.80 -0.87 -2.19 0.05 0.00
-1.80 -0.84 -2.13 0.11 0.00
-1.83 -0.77 -2.17 0.17 0.00
-1.85 -0.76 -2.19 0.18 0.00
-1.87 -0.71 -2.11 0.26 0.00
-1.88 -0.73 -2.00 0.26 0.00
-1.87 -0.59 -1.96 0.40 0.00
-1.91 -0.57 -2.13 0.41 0.00
-1.93 -0.56 -2.17 0.41 0.00
-1.94 -0.52 -2.17 0.45 0.00
-1.95 -0.49 -2.20 0.48 0.00
-1.96 -0.45 -2.21 0.52 0.00
-1.97 -0.41 -2.17 0.57 0.00
-1.98 -0.37 -2.09 0.62 0.00
-1.98 -0.33 -2.06 0.66 0.00
-1.99 -0.29 -2.09 0.70 0.00
-1.99 -0.25 -2.10 0.74 0.00
-1.99 -0.21 -2.06 0.79 0.00
-2.00 -0.17 -2.00 0.83 0.00
-2.00 -0.12 -1.94 0.87 0.00
-2.01 -0.08 -1.88 0.91 0.00
-2.01 -0.04 -1.85 0.95 0.00
-2.02 0.01 -1.80 0.98 0.00
-2.02 0.05 -1.75 1.01 0.00
-2.01 0.09 -1.79 1.07 0.00
-2.00 0.13 -1.72 1.09 0.00
-1.99 0.17 -1.72 1.14 0.00
-1.98 0.22 -1.63 1.16 0.00
-1.97 0.25 -1.57 1.17 0.00
-1.95 0.30 -1.49 1.18 0.00
-1.95 0.30 -1.00 0.60 1.00
-1.95 0.30 -1.07 -0.17 1.00
-1.91 0.28 -1.06 -0.24 0.00
-1.87 0.27 -1.05 -0.30 0.00
-1.84 0.25 -1.03 -0.34 0.00
-1.80 0.23 -0.99 -0.35 0.00
-1.77 0.20 -0.95 -0.38 0.00
-1.73 0.18 -0.92 -0.41 0.00
-1.70 0.15 -0.85 -0.38 0.00
-1.66 0.13 -0.77 -0.33 0.00
-1.63 0.10 -0.71 -0.29 0.00
-1.59 0.08 -0.65 -0.26 0.00
-1.56 0.05 -0.60 -0.23 0.00
-1.52 0.03 -0.55 -0.19 0.00
-1.49 0.00 -0.50 -0.14 0.00
-1.45 -0.00 -0.46 -0.16 0.00
-1.41 -0.00 -0.43 -0.18 0.00
-1.37 -0.01 -0.39 -0.20 0.00
-1.34 -0.02 -0.36 -0.23 0.00
-1.29 -0.02 -0.31 -0.22 0.00
-1.26 -0.03 -0.28 -0.25 0.00
-1.22 -0.04 -0.24 -0.24 0.00
-1.18 -0.05 -0.20 -0.27 0.00
-1.14 -0.05 -0.16 -0.28 0.00
-1.10 -0.06 -0.13 -0.29 0.00
-1.06 -0.07 -0.09 -0.30 0.00
-1.02 -0.08 -0.04 -0.29 0.00
-0.98 -0.09 0.01 -0.23 0.00
-0.94 -0.10 0.04 -0.29 0.00
-0.90 -0.11 0.08 -0.30 0.00
-0.87 -0.12 0.12 -0.24 0.00
-0.82 -0.13 0.16 -0.31 0.00
-0.79 -0.14 0.20 -0.29 0.00
-0.75 -0.14 0.24 -0.31 0.00
-0.70 -0.15 0.24 -0.47 0.00
-0.67 -0.15 0.24 -0.57 0.00
-0.63 -0.16 0.25 -0.65 0.00
-0.59 -0.16 0.24 -0.72 0.00
-0.55 -0.17 0.23 -0.80 0.00
-0.51 -0.18 0.23 -0.85 0.00
-0.48 -0.21 0.27 -0.88 0.00
-0.44 -0.25 0.29 -0.93 0.00
-0.40 -0.27 0.30 -0.99 0.00
-0.37 -0.31 0.42 -0.92 0.00
-0.34 -0.34 0.49 -0.90 0.00
-0.31 -0.37 0.57 -0.86 0.00
-0.27 -0.40 0.63 -0.84 0.00
-0.23 -0.43 0.70 -0.80 0.00
-0.20 -0.46 0.75 -0.77 0.00
-0.16 -0.49 0.81 -0.74 0.00
-0.12 -0.51 0.86 -0.70 0.00
-0.08 -0.51 0.90 -0.70 0.00
-0.05 -0.52 0.94 -0.71 0.00
-0.01 -0.53 0.97 -0.73 0.00
0.03 -0.54 1.02 -0.71 0.00
0.07 -0.55 1.05 -0.72 0.00
0.11 -0.55 1.10 -0.73 0.00
0.15 -0.56 1.14 -0.72 0.00
0.19 -0.57 1.18 -0.72 0.00
0.23 -0.57 1.22 -0.73 0.00
0.27 -0.58 1.26 -0.73 0.00
0.31 -0.58 1.29 -0.79 0.00
0.35 -0.59 1.34 -0.74 0.00
0.39 -0.60 1.38 -0.75 0.00
0.43 -0.61 1.42 -0.75 0.00
0.47 -0.61 1.45 -0.80 0.00
0.51 -0.62 1.50 -0.78 0.00
0.54 -0.63 1.53 -0.80 0.00
0.58 -0.63 1.57 -0.74 0.00
0.62 -0.64 1.61 -0.81 0.00
0.66 -0.65 1.64 -0.81 0.00
0.70 -0.65 1.68 -0.82 0.00
0.74 -0.66 1.72 -0.83 0.00
0.77 -0.67 1.76 -0.83 0.00
0.81 -0.67 1.80 -0.82 0.00
0.85 -0.68 1.84 -0.82 0.00
0.89 -0.69 1.88 -0.81 0.00
0.92 -0.69 1.92 -0.80 0.00
0.96 -0.70 1.96 -0.78 0.00
1.00 -0.70 2.00 -0.76 0.00
1.03 -0.71 2.03 -0.66 0.00
1.07 -0.71 2.07 -0.69 0.00
1.12 -0.71 2.12 -0.68 0.00
1.16 -0.71 2.15 -0.62 0.00
1.19 -0.71 2.19 -0.63 0.00
1.24 -0.71 2.22 -0.55 0.00
1.27 -0.71 2.26 -0.56 0.00
1.32 -0.71 2.30 -0.52 0.00
1.36 -0.70 2.33 -0.50 0.00
1.39 -0.69 2.36 -0.44 0.00
1.44 -0.69 2.40 -0.43 0.00
1.47 -0.68 2.45 -0.50 0.00
1.51 -0.68 2.46 -0.37 0.00
1.55 -0.67 2.48 -0.31 0.00
1.58 -0.65 2.51 -0.27 0.00
1.62 -0.65 2.50 -0.17 0.00
1.66 -0.64 2.50 -0.10 0.00
1.69 -0.63 2.48 -0.01 0.00
1.72 -0.60 2.53 -0.02 0.00
1.76 -0.58 2.56 0.01 0.00
1.78 -0.56 2.58 0.04 0.00
1.82 -0.54 2.61 0.07 0.00
1.85 -0.51 2.62 0.11 0.00
1.88 -0.49 2.64 0.15 0.00
1.90 -0.47 2.65 0.20 0.00
1.93 -0.45 2.64 0.26 0.00
1.96 -0.43 2.66 0.29 0.00
1.99 -0.40 2.67 0.33 0.00
2.01 -0.38 2.69 0.36 0.00
2.04 -0.36 2.66 0.42 0.00
2.06 -0.34 2.59 0.51 0.00
2.08 -0.31 2.61 0.54 0.00
2.11 -0.29 2.57 0.60 0.00
2.13 -0.26 2.51 0.66 0.00
2.14 -0.22 2.50 0.71 0.00
2.16 -0.19 2.50 0.75 0.00
2.17 -0.15 2.41 0.82 0.00
2.19 -0.12 2.30 0.88 0.00
2.20 -0.08 2.18 0.92 0.00
2.22 -0.05 2.09 0.95 0.00
2.23 -0.01 2.00 0.96 0.00
2.24 0.02 1.91 0.97 0.00
2.25 0.05 1.86 0.97 0.00
2.23 0.09 1.76 0.98 0.00
2.21 0.13 2.08 1.12 0.00
2.21 0.17 1.74 1.06 0.00
2.15 0.26 1.72 1.15 0.00
2.11 0.29 1.56 1.12 0.00
2.09 0.35 1.38 1.06 0.00
2.13 0.33 1.33 0.93 0.00
2.10 0.34 1.18 0.71 0.00
2.07 0.36 1.14 0.75 0.00
2.03 0.39 1.08 0.71 0.00
2.00 0.42 1.02 0.64 0.00
1.95 0.45 0.97 0.62 0.00
1.93 0.45 0.97 0.74 0.00
1.88 0.47 0.90 0.68 0.00
1.84 0.49 0.85 0.60 0.00
1.82 0.50 0.84 0.71 0.00
1.76 0.50 0.76 0.56 0.00
1.74 0.50 0.74 0.61 0.00
1.69 0.49 0.69 0.56 0.00
1.63 0.51 0.64 0.40 0.00
1.60 0.50 0.61 0.39 0.00
1.56 0.51 0.58 0.33 0.00
1.50 0.51 0.50 0.45 0.00
1.44 0.51 0.47 0.28 0.00
1.41 0.51 0.45 0.23 0.00
1.37 0.52 0.42 0.19 0.00
1.34 0.52 0.41 0.15 0.00
1.29 0.52 0.38 0.10 0.00
1.26 0.50 0.37 0.04 0.00
1.22 0.49 0.34 0.00 0.00
1.17 0.46 0.28 0.01 0.00
1.13 0.45 0.29 -0.08 0.00
1.10 0.43 0.27 -0.14 0.00
1.06 0.41 0.31 -0.26 0.00
1.02 0.37 0.26 -0.28 0.00
0.99 0.37 0.29 -0.34 0.00
0.93 0.34 0.27 -0.40 0.00
0.90 0.31 0.47 -0.59 0.00
0.88 0.29 0.24 -0.49 0.00
0.84 0.25 0.19 -0.51 0.00
0.83 0.22 0.15 -0.51 0.00
0.78 0.15 0.19 -0.65 0.00
0.74 0.14 0.12 -0.64 0.00
0.71 0.09 0.06 -0.67 0.00
0.68 0.04 0.05 -0.74 0.00
0.67 0.03 0.02 -0.73 0.00
0.64 -0.01 -0.03 -0.76 0.00
0.61 -0.05 -0.06 -0.79 0.00
0.58 -0.09 -0.10 -0.83 0.00
0.55 -0.13 -0.12 -0.87 0.00
0.51 -0.16 -0.15 -0.90 0.00
0.48 -0.20 -0.19 -0.94 0.00
0.45 -0.23 -0.21 -0.99 0.00
0.41 -0.27 -0.24 -1.03 0.00
0.38 -0.30 -0.24 -1.09 0.00
0.36 -0.34 -0.34 -1.06 0.00
0.33 -0.38 -0.41 -1.06 0.00
0.30 -0.41 -0.45 -1.08 0.00
0.27 -0.45 -0.52 -1.06 0.00
0.25 -0.49 -0.60 -1.01 0.00
0.22 -0.52 -0.65 -1.01 0.00
0.18 -0.54 -0.67 -1.07 0.00
0.14 -0.55 -0.70 -1.09 0.00
0.11 -0.58 -0.76 -1.08 0.00
0.08 -0.60 -0.80 -1.08 0.00
0.04 -0.62 -0.84 -1.10 0.00
0.00 -0.64 -0.89 -1.10 0.00
-0.03 -0.67 -0.93 -1.10 0.00
-0.07 -0.68 -0.97 -1.11 0.00
-0.10 -0.70 -1.01 -1.10 0.00
-0.13 -0.71 -1.05 -1.09 0.00
-0.12 -0.77 -1.11 -0.70 0.00
-0.21 -0.79 -1.21 -0.82 0.00
-0.24 -0.79 -1.24 -0.81 0.00
-0.28 -0.79 -1.28 -0.87 0.00
-0.33 -0.79 -1.32 -0.91 0.00
-0.36 -0.80 -1.35 -0.86 0.00
-0.39 -0.80 -1.39 -0.86 0.00
-0.43 -0.77 -1.42 -0.74 0.00
-0.47 -0.81 -1.46 -0.95 0.00
-0.48 -0.82 -1.46 -1.05 0.00
-0.55 -0.82 -1.55 -0.81 0.00
-0.56 -0.82 -1.55 -1.01 0.00
-0.63 -0.81 -1.63 -0.79 0.00
-0.67 -0.80 -1.66 -0.77 0.00
-0.72 -0.78 -1.72 -0.73 0.00
-0.73 -0.80 -1.73 -0.83 0.00
-0.77 -0.79 -1.77 -0.80 0.00
-0.80 -0.80 -1.80 -0.81 0.00
-0.89 -0.74 -1.85 -0.47 0.00
-0.93 -0.79 -1.92 -0.85 0.00
-0.95 -0.80 -1.94 -0.86 0.00
-0.98 -0.80 -1.97 -0.87 0.00
-1.02 -0.80 -2.01 -0.88 0.00
-1.06 -0.81 -2.05 -0.87 0.00
-1.09 -0.81 -2.09 -0.88 0.00
-1.14 -0.81 -2.14 -0.86 0.00
-1.18 -0.82 -2.17 -0.90 0.00
-1.22 -0.81 -2.22 -0.88 0.00
-1.25 -0.82 -2.25 -0.89 0.00
-1.30 -0.82 -2.29 -0.92 0.00
-1.33 -0.82 -2.33 -0.93 0.00
-1.37 -0.83 -2.37 -0.95 0.00
-1.41 -0.85 -2.41 -0.89 0.00
-1.45 -0.86 -2.45 -0.88 0.00
-1.48 -0.86 -2.48 -0.90 0.00
-1.48 -0.85 -2.47 -1.02 0.00
-1.51 -0.86 -2.51 -0.79 0.00
-1.64 -0.85 -2.59 -1.16 0.00
-1.62 -0.85 -2.61 -1.00 0.00
-1.67 -0.85 -2.66 -0.96 0.00
-1.70 -0.87 -2.69 -1.01 0.00
-1.75 -0.87 -2.74 -1.02 0.00
-1.79 -0.89 -2.79 -0.91 0.00
-1.83 -0.88 -2.82 -1.04 0.00
-1.83 -0.89 -2.74 -1.31 0.00
-1.86 -0.89 -2.82 -1.15 0.00
-1.88 -0.89 -2.84 -1.18 0.00
-1.91 -0.89 -2.89 -1.05 0.00
-1.89 -0.89 -2.87 -1.12 0.00
-1.97 -0.90 -2.96 -1.06 0.00
-2.02 -0.90 -3.02 -1.00 0.00
-2.06 -0.91 -3.06 -0.94 0.00
-2.10 -0.91 -3.10 -0.87 0.00
-2.14 -0.92 -3.14 -0.90 0.00
-2.18 -0.93 -3.18 -0.87 0.00
-2.20 -0.93 -3.17 -0.69 0.00
-2.24 -0.94 -3.22 -0.76 0.00
-2.27 -0.94 -3.26 -0.84 0.00
-2.30 -0.93 -3.30 -0.85 0.00
-2.34 -0.93 -3.34 -0.87 0.00
-2.37 -0.90 -3.29 -0.51 0.00
-2.40 -0.91 -3.40 -0.81 0.00
-2.44 -0.91 -3.43 -0.83 0.00
-2.46 -0.88 -3.45 -0.79 0.00
-2.49 -0.92 -3.49 -0.99 0.00
-2.51 -0.89 -3.50 -0.73 0.00
-2.56 -0.88 -3.55 -0.72 0.00
-2.62 -0.87 -3.58 -0.57 0.00
-2.65 -0.86 -3.59 -0.50 0.00
-2.71 -0.86 -3.61 -0.44 0.00
-2.72 -0.85 -3.56 -0.31 0.00
-2.75 -0.85 -3.50 -0.19 0.00
-2.81 -0.86 -3.59 -0.24 0.00
-2.82 -0.82 -3.59 -0.19 0.00
-2.84 -0.79 -3.61 -0.15 0.00
-2.87 -0.78 -3.66 -0.16 0.00
-2.88 -0.77 -3.50 0.01 0.00
-2.93 -0.72 -3.66 -0.04 0.00
-2.95 -0.73 -3.32 0.20 0.00
-2.97 -0.71 -3.55 0.10 0.00
-2.99 -0.66 -3.57 0.16 0.00
-3.01 -0.59 -3.29 0.37 0.00
-3.03 -0.58 -3.45 0.33 0.00
-3.07 -0.57 -3.49 0.33 0.00
-3.08 -0.54 -3.48 0.37 0.00
-3.11 -0.51 -3.44 0.43 0.00
-3.13 -0.48 -3.41 0.48 0.00
-3.15 -0.45 -3.38 0.52 0.00
-3.16 -0.42 -3.30 0.57 0.00
-3.17 -0.38 -3.39 0.60 0.00
-3.17 -0.35 -3.45 0.61 0.00
-3.18 -0.32 -3.43 0.65 0.00
-3.19 -0.29 -3.42 0.68 0.00
-3.19 -0.26 -3.39 0.72 0.00
-3.20 -0.23 -3.43 0.75 0.00
-3.21 -0.20 -3.36 0.79 0.00
-3.21 -0.20 -2.62 0.61 1.00
-3.18 -0.16 -2.60 0.65 0.00
-3.15 -0.13 -2.57 0.68 0.00
-3.13 -0.09 -2.54 0.72 0.00
-3.10 -0.05 -2.50 0.74 0.00
-3.08 -0.02 -2.41 0.73 0.00
-3.05 0.02 -2.32 0.70 0.00
-3.03 0.05 -2.22 0.64 0.00
-3.01 0.07 -2.16 0.60 0.00
-2.94 0.06 -2.03 0.48 0.00
-2.95 0.18 -1.97 0.38 0.00
-2.93 0.19 -1.93 0.28 0.00
-2.88 0.21 -1.88 0.23 0.00
-2.84 0.22 -1.84 0.30 0.00
-2.82 0.22 -1.82 0.27 0.00
-2.78 0.21 -1.78 0.27 0.00
-2.73 0.23 -1.73 0.33 0.00
-2.67 0.23 -1.68 0.10 0.00
-2.63 0.24 -1.64 0.10 0.00
-2.61 0.25 -1.64 -0.03 0.00
-2.56 0.25 -1.61 -0.08 0.00
-2.52 0.25 -1.61 -0.17 0.00
-2.47 0.25 -1.64 -0.31 0.00
-2.45 0.23 -1.65 -0.37 0.00
-2.40 0.22 -1.48 -0.17 0.00
-2.34 0.18 -1.39 -0.13 0.00
-2.34 0.10 -1.68 -0.66 0.00
-2.25 0.13 -1.34 -0.28 0.00
-2.23 0.13 -1.28 -0.18 0.00
-2.21 0.11 -1.28 -0.27 0.00
-2.17 0.09 -1.22 -0.22 0.00
-2.12 0.07 -1.16 -0.18 0.00
-2.10 0.05 -1.12 -0.18 0.00
-2.06 0.02 -1.06 -0.09 0.00
-2.02 -0.00 -1.02 -0.01 0.00
-1.97 -0.01 -0.97 -0.07 0.00
-1.94 0.00 -0.95 -0.12 0.00
-1.89 0.00 -0.89 -0.02 0.00
-1.86 -0.01 -0.86 -0.02 0.00
-1.81 -0.01 -0.82 -0.10 0.00
-1.77 -0.00 -0.78 -0.08 0.00
-1.75 -0.01 -0.75 -0.02 0.00
-1.70 -0.01 -0.70 -0.13 0.00
-1.65 -0.01 -0.67 -0.16 0.00
-1.62 -0.01 -0.64 -0.21 0.00
-1.58 -0.01 -0.60 -0.22 0.00
-1.54 -0.02 -0.56 -0.24 0.00
-1.50 -0.03 -0.52 -0.23 0.00
-1.46 -0.04 -0.46 -0.16 0.00
-1.42 -0.04 -0.43 -0.17 0.00
-1.38 -0.05 -0.38 -0.15 0.00
-1.34 -0.05 -0.34 -0.14 0.00
-1.30 -0.06 -0.31 -0.22 0.00
-1.26 -0.06 -0.26 -0.18 0.00
-1.22 -0.07 -0.23 -0.21 0.00
-1.18 -0.07 -0.19 -0.25 0.00
-1.14 -0.08 -0.15 -0.25 0.00
-1.10 -0.08 -0.11 -0.26 0.00
-1.06 -0.09 -0.08 -0.28 0.00
-1.02 -0.09 -0.04 -0.29 0.00
-0.98 -0.10 0.00 -0.29 0.00
-0.94 -0.11 0.04 -0.29 0.00
-0.90 -0.11 0.08 -0.29 0.00
-0.86 -0.13 0.13 -0.27 0.00
-0.82 -0.14 0.16 -0.32 0.00
-0.78 -0.14 0.20 -0.36 0.00
-0.74 -0.15 0.24 -0.36 0.00
-0.70 -0.16 0.27 -0.44 0.00
-0.66 -0.16 0.29 -0.48 0.00
-0.62 -0.17 0.34 -0.47 0.00
-0.58 -0.18 0.37 -0.48 0.00
-0.54 -0.19 0.41 -0.50 0.00
-0.51 -0.20 0.44 -0.54 0.00
-0.46 -0.21 0.48 -0.56 0.00
-0.43 -0.22 0.50 -0.59 0.00
-0.39 -0.24 0.52 -0.66 0.00
-0.35 -0.25 0.56 -0.67 0.00
-0.31 -0.27 0.62 -0.63 0.00
-0.27 -0.28 0.68 -0.60 0.00
-0.23 -0.30 0.72 -0.62 0.00
-0.19 -0.31 0.76 -0.63 0.00
-0.15 -0.33 0.78 -0.67 0.00
-0.12 -0.34 0.82 -0.69 0.00
-0.08 -0.35 0.85 -0.72 0.00
-0.04 -0.36 0.89 -0.74 0.00
-0.00 -0.38 0.92 -0.77 0.00
0.04 -0.39 0.96 -0.77 0.00
0.07 -0.41 0.99 -0.80 0.00
0.11 -0.42 1.03 -0.81 0.00
0.15 -0.44 1.06 -0.84 0.00
0.19 -0.45 1.10 -0.85 0.00
0.22 -0.47 1.15 -0.85 0.00
0.26 -0.48 1.18 -0.87 0.00
0.30 -0.50 1.23 -0.87 0.00
0.33 -0.52 1.27 -0.87 0.00
0.36 -0.53 1.30 -0.88 0.00
0.41 -0.55 1.36 -0.88 0.00
0.45 -0.56 1.34 -1.01 0.00
0.49 -0.57 1.35 -1.08 0.00
0.53 -0.58 1.36 -1.13 0.00
0.57 -0.59 1.36 -1.20 0.00
0.61 -0.60 1.34 -1.28 0.00
0.63 -0.63 1.39 -1.29 0.00
0.66 -0.66 1.42 -1.31 0.00
0.69 -0.68 1.44 -1.35 0.00
0.72 -0.71 1.50 -1.34 0.00
0.75 -0.74 1.57 -1.30 0.00
0.78 -0.76 1.63 -1.28 0.00
0.81 -0.79 1.70 -1.25 0.00
0.84 -0.81 1.75 -1.24 0.00
0.87 -0.84 1.81 -1.18 0.00
0.90 -0.86 1.86 -1.16 0.00
0.93 -0.88 1.89 -1.16 0.00
0.97 -0.89 1.91 -1.24 0.00
1.01 -0.90 1.94 -1.28 0.00
1.05 -0.91 1.97 -1.30 0.00
1.09 -0.92 1.99 -1.34 0.00
1.12 -0.93 2.02 -1.37 0.00
1.16 -0.95 2.05 -1.39 0.00
1.19 -0.96 2.08 -1.41 0.00
1.23 -0.98 2.11 -1.46 0.00
1.26 -1.00 2.16 -1.43 0.00
1.29 -1.02 2.20 -1.42 0.00
1.32 -1.03 2.26 -1.36 0.00
1.36 -1.04 2.31 -1.36 0.00
1.37 -1.05 2.34 -1.30 0.00
1.44 -1.07 2.41 -1.31 0.00
1.46 -1.10 2.45 -1.22 0.00
1.49 -1.12 2.49 -1.08 0.00
1.54 -1.14 2.53 -1.03 0.00
1.59 -1.12 2.59 -1.15 0.00
1.61 -1.12 2.60 -0.98 0.00
1.64 -1.11 2.63 -1.01 0.00
1.67 -1.13 2.66 -1.01 0.00
1.68 -1.08 2.44 -0.43 0.00
1.73 -1.12 2.72 -0.96 0.00
1.84 -1.05 2.80 -0.79 0.00
1.82 -1.05 2.78 -0.78 0.00
1.86 -1.04 2.70 -0.51 0.00
1.93 -1.02 2.65 -0.33 0.00
1.95 -1.02 2.55 -0.22 0.00
1.98 -1.02 2.52 -0.18 0.00
2.01 -1.01 2.40 -0.09 0.00
2.04 -1.00 2.38 -0.06 0.00
2.07 -0.99 2.30 -0.02 0.00
2.08 -0.94 2.25 0.04 0.00
2.08 -0.91 2.03 0.09 0.00
2.09 -0.87 1.90 0.11 0.00
2.10 -0.84 1.76 0.11 0.00
2.11 -0.79 1.65 0.09 0.00
2.12 -0.76 1.55 0.06 0.00
2.13 -0.72 1.48 0.04 0.00
2.11 -0.69 1.40 0.02 0.00
2.07 -0.65 1.42 0.11 0.00
2.04 -0.61 1.37 0.14 0.00
2.01 -0.57 1.32 0.16 0.00
1.97 -0.53 1.24 0.15 0.00
1.94 -0.49 1.14 0.11 0.00
1.91 -0.45 1.06 0.08 0.00
1.87 -0.42 0.97 0.02 0.00
1.83 -0.37 0.89 -0.04 0.00
1.80 -0.36 0.84 -0.08 0.00
1.76 -0.35 0.78 -0.15 0.00
1.72 -0.33 0.73 -0.23 0.00
1.68 -0.32 0.68 -0.28 0.00
1.65 -0.31 0.65 -0.36 0.00
1.61 -0.30 0.61 -0.42 0.00
1.57 -0.29 0.58 -0.47 0.00
1.53 -0.28 0.55 -0.51 0.00
1.48 -0.29 0.51 -0.54 0.00
1.43 -0.30 0.46 -0.55 0.00
1.38 -0.31 0.41 -0.58 0.00
1.33 -0.32 0.36 -0.58 0.00
1.28 -0.34 0.32 -0.60 0.00
1.23 -0.35 0.27 -0.64 0.00
1.18 -0.36 0.22 -0.64 0.00
1.14 -0.37 0.18 -0.66 0.00
1.10 -0.38 0.14 -0.66 0.00
1.06 -0.39 0.11 -0.69 0.00
1.02 -0.40 0.07 -0.70 0.00
0.98 -0.41 0.02 -0.72 0.00
0.94 -0.42 -0.02 -0.71 0.00
0.90 -0.44 -0.07 -0.67 0.00
0.86 -0.45 -0.09 -0.76 0.00
0.82 -0.46 -0.15 -0.73 0.00
0.78 -0.48 -0.15 -0.83 0.00
0.74 -0.49 -0.21 -0.79 0.00
0.70 -0.50 -0.24 -0.83 0.00
0.66 -0.51 -0.29 -0.82 0.00
0.62 -0.52 -0.33 -0.83 0.00
0.59 -0.54 -0.37 -0.82 0.00
0.53 -0.54 -0.40 -0.92 0.00
0.50 -0.56 -0.45 -0.85 0.00
0.47 -0.60 -0.53 -0.67 0.00
0.44 -0.64 -0.56 -0.57 0.00
0.40 -0.63 -0.60 -0.57 0.00
0.36 -0.63 -0.64 -0.58 0.00
0.32 -0.63 -0.68 -0.58 0.00
0.28 -0.63 -0.72 -0.58 0.00
0.24 -0.62 -0.76 -0.57 0.00
0.20 -0.62 -0.80 -0.57 0.00
0.16 -0.62 -0.84 -0.57 0.00
0.12 -0.62 -0.88 -0.56 0.00
0.08 -0.62 -0.92 -0.55 0.00
0.04 -0.61 -0.96 -0.54 0.00
0.00 -0.61 -1.00 -0.54 0.00
-0.04 -0.61 -1.04 -0.54 0.00
-0.07 -0.60 -1.07 -0.55 0.00
-0.12 -0.60 -1.12 -0.56 0.00
-0.17 -0.60 -1.17 -0.63 0.00
-0.20 -0.60 -1.20 -0.52 0.00
-0.23 -0.59 -1.22 -0.44 0.00
-0.27 -0.59 -1.25 -0.39 0.00
-0.31 -0.59 -1.31 -0.51 0.00
-0.36 -0.55 -1.35 -0.63 0.00
-0.32 -0.58 -1.19 -0.08 0.00
-0.44 -0.57 -1.44 -0.59 0.00
-0.50 -0.56 -1.49 -0.68 0.00
-0.60 -0.51 -1.54 -0.87 0.00
-0.54 -0.51 -1.53 -0.35 0.00
-0.58 -0.50 -1.57 -0.37 0.00
-0.69 -0.51 -1.64 -0.81 0.00
-0.66 -0.52 -1.66 -0.41 0.00
-0.70 -0.52 -1.70 -0.52 0.00
-0.80 -0.54 -1.78 -0.73 0.00
-0.84 -0.55 -1.82 -0.69 0.00
-0.87 -0.55 -1.86 -0.71 0.00
-0.92 -0.55 -1.90 -0.74 0.00
-0.95 -0.56 -1.93 -0.75 0.00
-0.99 -0.57 -1.97 -0.78 0.00
-1.03 -0.57 -2.00 -0.82 0.00
-1.07 -0.58 -2.02 -0.87 0.00
-1.11 -0.59 -2.05 -0.94 0.00
-1.15 -0.60 -2.07 -0.98 0.00
-1.19 -0.62 -2.13 -0.98 0.00
-1.22 -0.61 -2.10 -1.09 0.00
-1.26 -0.63 -2.12 -1.13 0.00
-1.29 -0.65 -2.12 -1.21 0.00
-1.33 -0.66 -2.16 -1.22 0.00
-1.36 -0.68 -2.17 -1.27 0.00
-1.40 -0.70 -2.18 -1.32 0.00
-1.43 -0.73 -2.22 -1.33 0.00
-1.46 -0.75 -2.22 -1.40 0.00
-1.48 -0.77 -2.14 -1.53 0.00
-1.50 -0.79 -2.14 -1.56 0.00
-1.50 -0.79 -1.83 -1.74 0.00
-1.58 -0.83 -1.80 -1.80 0.00
-1.63 -0.86 -1.79 -1.84 0.00
-1.69 -0.90 -1.87 -1.88 0.00
-1.67 -0.96 -1.87 -1.94 0.00
-1.62 -1.01 -1.59 -2.01 0.00
-1.63 -1.02 -1.53 -2.01 0.00
-1.64 -1.08 -1.72 -2.08 0.00
-1.69 -1.17 -2.05 -2.10 0.00
-1.67 -1.13 -1.60 -2.12 0.00
-1.68 -1.15 -1.46 -2.12 0.00
-1.68 -1.18 -1.37 -2.13 0.00
-1.67 -1.23 -1.09 -2.05 0.00
-1.66 -1.27 -1.00 -2.02 0.00
-1.65 -1.30 -0.92 -1.99 0.00
-1.64 -1.34 -0.81 -1.89 0.00
-1.63 -1.38 -0.73 -1.82 0.00
-1.60 -1.41 -0.68 -1.80 0.00
-1.57 -1.43 -0.63 -1.77 0.00
-1.53 -1.44 -0.62 -1.85 0.00
-1.50 -1.45 -0.56 -1.81 0.00
-1.46 -1.47 -0.52 -1.80 0.00
-1.42 -1.48 -0.47 -1.78 0.00
-1.39 -1.50 -0.42 -1.76 0.00
-1.35 -1.51 -0.38 -1.74 0.00
-1.31 -1.52 -0.34 -1.73 0.00
-1.28 -1.54 -0.30 -1.72 0.00
-1.24 -1.55 -0.24 -1.67 0.00
-1.24 -1.55 -0.62 -2.34 1.00
-1.22 -1.59 -0.47 -2.25 0.00
-1.20 -1.63 -0.38 -2.20 0.00
-1.18 -1.66 -0.30 -2.14 0.00
-1.15 -1.70 -0.22 -2.07 0.00
-1.13 -1.72 -0.17 -2.01 0.00
-1.09 -1.72 -0.13 -2.01 0.00
-1.05 -1.73 -0.08 -1.97 0.00
-1.01 -1.74 -0.05 -1.99 0.00
-0.95 -1.77 -0.03 -2.15 0.00
-0.92 -1.75 -0.01 -2.16 0.00
-0.89 -1.78 0.08 -2.01 0.00
-0.87 -1.83 0.13 -1.91 0.00
-0.80 -1.85 0.18 -2.04 0.00
-0.78 -1.85 0.22 -1.96 0.00
-0.75 -1.83 0.25 -1.83 0.00
-0.70 -1.84 0.28 -1.67 0.00
-0.70 -1.83 0.10 -2.44 1.00
-0.70 -1.83 -0.51 -2.81 1.00
-0.70 -1.83 -1.28 -2.65 1.00
-0.72 -1.83 -1.70 -1.98 1.00
-0.75 -1.84 -1.75 -1.93 0.00
-0.81 -1.85 -1.80 -1.99 0.00
-0.85 -1.86 -1.85 -1.85 0.00
-0.85 -1.88 -1.83 -1.70 0.00
-0.90 -1.87 -1.90 -1.75 0.00
-0.93 -1.88 -1.85 -1.49 0.00
-1.00 -1.89 -2.00 -1.88 0.00
-1.04 -1.91 -2.03 -1.76 0.00
-1.06 -1.87 -2.06 -1.89 0.00
-1.10 -1.87 -2.10 -1.78 0.00
-1.13 -1.86 -2.13 -1.79 0.00
-1.19 -1.88 -2.15 -1.64 0.00
-1.16 -1.92 -2.02 -1.42 0.00
-1.23 -1.89 -2.16 -1.54 0.00
-1.30 -1.88 -2.30 -1.76 0.00
-1.32 -1.86 -2.26 -1.51 0.00
-1.37 -1.87 -2.35 -1.68 0.00
-1.44 -1.77 -2.44 -1.84 0.00
-1.42 -1.78 -2.41 -1.63 0.00
-1.51 -1.77 -2.51 -1.68 0.00
-1.48 -1.73 -2.31 -1.18 0.00
-1.55 -1.74 -2.38 -1.19 0.00
-1.58 -1.73 -2.35 -1.09 0.00
-1.63 -1.73 -2.30 -0.99 0.00
-1.66 -1.72 -2.28 -0.94 0.00
-1.69 -1.71 -2.24 -0.87 0.00
-1.73 -1.69 -2.20 -0.81 0.00
-1.75 -1.66 -2.18 -0.76 0.00
-1.76 -1.63 -2.20 -0.73 0.00
-1.78 -1.60 -2.19 -0.68 0.00
-1.80 -1.56 -2.20 -0.64 0.00
-1.81 -1.53 -2.18 -0.60 0.00
-1.83 -1.49 -2.18 -0.56 0.00
-1.84 -1.46 -2.19 -0.52 0.00
-1.86 -1.42 -2.20 -0.48 0.00
-1.87 -1.38 -2.20 -0.43 0.00
-1.89 -1.34 -2.19 -0.39 0.00
-1.90 -1.30 -2.15 -0.33 0.00
-1.92 -1.26 -2.12 -0.28 0.00
-1.93 -1.22 -2.08 -0.23 0.00
-1.95 -1.18 -2.03 -0.19 0.00
-1.96 -1.14 -1.99 -0.14 0.00
-1.97 -1.10 -1.95 -0.10 0.00
-1.98 -1.08 -1.90 -0.08 0.00
-2.02 -1.06 -1.65 -0.13 0.00
-1.99 -0.99 -1.93 0.01 0.00
-1.97 -0.92 -1.81 0.07 0.00
-1.97 -0.91 -1.73 0.06 0.00
-1.95 -0.87 -1.74 0.11 0.00
-1.94 -0.83 -1.78 0.16 0.00
-1.95 -0.78 -1.80 0.20 0.00
-1.92 -0.73 -1.65 0.24 0.00
-1.94 -0.71 -1.83 0.28 0.00
-1.91 -0.67 -1.69 0.30 0.00
-1.97 -0.56 -2.15 0.42 0.00
-1.91 -0.55 -1.72 0.43 0.00
-1.89 -0.54 -1.42 0.34 0.00
-1.88 -0.50 -1.39 0.37 0.00
-1.87 -0.46 -1.30 0.36 0.00
-1.86 -0.42 -1.26 0.38 0.00
-1.83 -0.39 -1.25 0.43 0.00
-1.80 -0.36 -1.18 0.42 0.00
-1.79 -0.33 -1.12 0.42 0.00
-1.76 -0.29 -1.05 0.41 0.00
-1.73 -0.26 -1.04 0.46 0.00
-1.70 -0.22 -0.98 0.47 0.00
-1.67 -0.19 -0.86 0.40 0.00
-1.64 -0.16 -0.76 0.31 0.00
-1.61 -0.13 -0.66 0.21 0.00
-1.58 -0.09 -0.59 0.02 0.00
-1.55 -0.06 -0.55 -0.03 0.00
-1.51 -0.03 -0.51 -0.13 0.00
-1.47 -0.02 -0.50 -0.23 0.00
-1.44 -0.03 -0.46 -0.20 0.00
-1.40 -0.04 -0.42 -0.23 0.00
-1.36 -0.04 -0.38 -0.22 0.00
-1.32 -0.05 -0.35 -0.26 0.00
-1.29 -0.06 -0.30 -0.20 0.00
-1.25 -0.06 -0.26 -0.20 0.00
-1.21 -0.07 -0.22 -0.23 0.00
-1.17 -0.08 -0.18 -0.21 0.00
-1.13 -0.09 -0.14 -0.21 0.00
-1.10 -0.09 -0.11 -0.23 0.00
-1.06 -0.10 -0.07 -0.22 0.00
-1.02 -0.10 -0.02 -0.24 0.00
-0.97 -0.11 0.02 -0.24 0.00
-0.94 -0.11 0.04 -0.29 0.00
