0.30 -0.70 0.93 -1.47 0.00
0.33 -0.73 0.95 -1.51 0.00
0.35 -0.76 0.95 -1.56 0.00
0.37 -0.79 0.90 -1.64 0.00
0.40 -0.82 0.84 -1.72 0.00
0.42 -0.85 0.76 -1.79 0.00
0.45 -0.88 0.71 -1.85 0.00
0.47 -0.91 0.64 -1.90 0.00
0.50 -0.95 0.58 -1.94 0.00
0.51 -0.98 0.56 -1.98 0.00
0.51 -1.01 0.57 -2.01 0.00
0.53 -1.02 0.52 -2.02 0.00
0.51 -1.07 0.51 -2.07 0.00
0.52 -1.14 0.48 -2.14 0.00
0.51 -1.18 0.38 -2.18 0.00
0.53 -1.22 0.25 -2.18 0.00
0.53 -1.26 0.12 -2.18 0.00
0.51 -1.25 -0.41 -1.65 1.00
0.51 -1.26 -0.42 -0.88 1.00
0.48 -1.24 -0.42 -0.81 0.00
0.43 -1.21 -0.31 -0.54 0.00
0.40 -1.24 -0.28 -0.50 0.00
0.35 -1.22 -0.63 -0.98 0.00
0.31 -1.19 -0.59 -0.75 0.00
0.25 -1.21 -0.59 -0.66 0.00
0.21 -1.18 -0.75 -0.90 0.00
0.17 -1.17 -0.81 -0.95 0.00
0.13 -1.14 -0.82 -0.81 0.00
0.10 -1.11 -0.81 -0.69 0.00
0.06 -1.10 -0.82 -0.64 0.00
0.02 -1.08 -0.86 -0.61 0.00
-0.01 -1.06 -0.89 -0.58 0.00
-0.05 -1.05 -0.93 -0.57 0.00
-0.11 -1.02 -1.00 -0.56 0.00
-0.14 -1.00 -1.03 -0.56 0.00
-0.16 -0.95 -1.10 -0.60 0.00
-0.21 -0.95 -1.12 -0.54 0.00
-0.25 -0.92 -1.12 -0.43 0.00
-0.28 -0.89 -1.15 -0.40 0.00
-0.32 -0.88 -1.20 -0.40 0.00
-0.38 -0.88 -1.27 -0.44 0.00
-0.40 -0.87 -1.30 -0.45 0.00
-0.45 -0.82 -1.26 -0.23 0.00
-0.50 -0.84 -1.32 -0.27 0.00
-0.55 -0.82 -1.37 -0.24 0.00
-0.56 -0.79 -1.42 -0.28 0.00
-0.61 -0.75 -1.43 -0.16 0.00
-0.65 -0.74 -1.51 -0.23 0.00
-0.70 -0.72 -1.56 -0.20 0.00
-0.71 -0.71 -1.42 -0.01 0.00
-0.74 -0.65 -1.40 0.10 0.00
-0.78 -0.56 -1.33 0.28 0.00
-0.81 -0.56 -1.45 0.21 0.00
-0.83 -0.54 -1.52 0.18 0.00
-0.86 -0.51 -1.57 0.19 0.00
-0.89 -0.47 -1.61 0.23 0.00
-0.93 -0.44 -1.67 0.24 0.00
-0.96 -0.40 -1.74 0.22 0.00
-0.99 -0.37 -1.79 0.22 0.00
-1.02 -0.34 -1.86 0.21 0.00
-1.05 -0.30 -1.93 0.19 0.00
-1.09 -0.27 -2.00 0.14 0.00
-1.13 -0.25 -2.06 0.11 0.00
-1.15 -0.22 -2.10 0.09 0.00
-1.20 -0.21 -2.14 0.13 0.00
-1.24 -0.19 -2.19 0.12 0.00
-1.28 -0.18 -2.22 0.14 0.00
-1.31 -0.15 -2.27 0.11 0.00
-1.35 -0.14 -2.31 0.13 0.00
-1.39 -0.13 -2.36 0.13 0.00
-1.43 -0.12 -2.39 0.15 0.00
-1.47 -0.11 -2.43 0.18 0.00
-1.51 -0.10 -2.46 0.22 0.00
-1.56 -0.09 -2.50 0.24 0.00
-1.59 -0.08 -2.52 0.29 0.00
-1.64 -0.07 -2.55 0.33 0.00
-1.68 -0.05 -2.60 0.33 0.00
-1.72 -0.04 -2.63 0.36 0.00
-1.76 -0.02 -2.68 0.38 0.00
-1.80 -0.00 -2.73 0.38 0.00
-1.84 0.02 -2.77 0.38 0.00
-1.88 0.03 -2.83 0.36 0.00
-1.93 0.05 -2.88 0.34 0.00
-1.96 0.06 -2.93 0.34 0.00
-2.00 0.08 -2.97 0.35 0.00
-2.04 0.09 -3.01 0.34 0.00
-2.08 0.10 -3.05 0.34 0.00
-2.12 0.11 -3.09 0.35 0.00
-2.16 0.12 -3.12 0.38 0.00
-2.20 0.13 -3.17 0.36 0.00
-2.23 0.13 -3.20 0.38 0.00
-2.26 0.17 -3.26 0.16 0.00
-2.30 0.16 -3.29 0.28 0.00
-2.36 0.16 -3.34 0.33 0.00
-2.39 0.17 -3.37 0.37 0.00
-2.44 0.19 -3.41 0.43 0.00
-2.45 0.19 -3.41 0.45 0.00
-2.50 0.21 -3.47 0.42 0.00
-2.55 0.21 -3.52 0.46 0.00
-2.56 0.21 -3.03 1.09 1.00
-2.56 0.21 -2.27 1.17 1.00
-2.56 0.25 -1.75 0.84 1.00
-2.52 0.27 -1.72 0.87 0.00
-2.49 0.28 -1.83 1.03 0.00
-2.46 0.31 -1.74 1.00 0.00
-2.43 0.33 -1.69 1.00 0.00
-2.40 0.34 -1.79 1.13 0.00
-2.37 0.39 -1.64 1.08 0.00
-2.34 0.40 -1.62 1.09 0.00
-2.30 0.44 -1.67 1.21 0.00
-2.30 0.48 -1.70 1.28 0.00
-2.24 0.50 -1.80 1.40 0.00
-2.21 0.53 -1.79 1.44 0.00
-2.20 0.59 -2.02 1.58 0.00
-2.16 0.58 -1.90 1.55 0.00
-2.14 0.63 -2.02 1.62 0.00
-2.14 0.66 -2.02 1.65 0.00
-2.13 0.67 -1.97 1.65 0.00
-2.13 0.70 -1.94 1.69 0.00
-2.14 0.74 -2.01 1.73 0.00
-2.15 0.81 -2.20 1.81 0.00
-2.10 0.82 -2.28 1.81 0.00
-2.09 0.86 -2.37 1.82 0.00
-2.09 0.91 -2.51 1.82 0.00
-2.09 0.95 -2.63 1.79 0.00
-2.10 1.00 -2.77 1.73 0.00
-2.09 1.03 -2.87 1.65 0.00
-2.13 1.05 -2.84 1.76 0.00
-2.14 1.08 -2.74 1.88 0.00
-2.19 1.13 -3.00 1.71 0.00
-2.23 1.17 -2.96 1.86 0.00
-2.27 1.21 -3.02 1.86 0.00
-2.28 1.23 -3.11 1.78 0.00
-2.25 1.24 -3.10 1.77 0.00
-2.29 1.27 -3.13 1.81 0.00
-2.31 1.30 -3.21 1.73 0.00
-2.37 1.32 -3.17 1.93 0.00
-2.42 1.34 -3.32 1.77 0.00
-2.44 1.37 -3.37 1.74 0.00
-2.47 1.38 -3.43 1.67 0.00
-2.54 1.40 -3.52 1.60 0.00
-2.58 1.44 -3.57 1.54 0.00
-2.63 1.47 -3.63 1.49 0.00
-2.67 1.44 -3.67 1.44 0.00
-2.70 1.46 -3.70 1.45 0.00
-2.73 1.49 -3.73 1.53 0.00
-2.79 1.45 -3.78 1.53 0.00
-2.82 1.47 -3.82 1.49 0.00
-2.85 1.48 -3.85 1.48 0.00
-2.89 1.46 -3.89 1.52 0.00
-2.90 1.46 -3.61 2.16 1.00
-2.93 1.45 -2.98 2.45 1.00
-2.93 1.49 -3.03 2.49 0.00
-2.95 1.56 -3.18 2.53 0.00
-2.93 1.62 -3.07 2.61 0.00
-2.93 1.63 -3.16 2.61 0.00
-2.95 1.67 -3.13 2.65 0.00
-2.95 1.72 -3.21 2.68 0.00
-2.94 1.76 -3.21 2.72 0.00
-2.96 1.80 -3.31 2.74 0.00
-2.97 1.84 -3.35 2.76 0.00
-2.98 1.88 -3.43 2.77 0.00
-3.00 1.92 -3.52 2.78 0.00
-3.02 1.96 -3.63 2.75 0.00
-3.03 1.99 -3.72 2.72 0.00
-3.04 2.04 -3.82 2.67 0.00
-3.07 2.07 -3.89 2.65 0.00
-3.08 2.11 -3.94 2.61 0.00
-3.08 2.11 -3.33 3.08 1.00
-3.08 2.11 -2.57 2.97 1.00
-3.08 2.11 -2.11 2.36 1.00
-3.04 2.12 -2.07 2.37 0.00
-3.00 2.13 -2.02 2.32 0.00
-2.95 2.14 -1.95 2.26 0.00
-2.91 2.15 -1.91 2.19 0.00
-2.88 2.16 -1.88 2.19 0.00
-2.84 2.17 -1.84 2.18 0.00
-2.79 2.16 -1.79 2.09 0.00
-2.76 2.17 -1.77 2.02 0.00
-2.75 2.19 -1.76 2.10 0.00
-2.69 2.16 -1.69 2.13 0.00
-2.65 2.18 -1.65 2.11 0.00
-2.60 2.17 -1.60 2.05 0.00
-2.55 2.15 -1.56 2.00 0.00
-2.44 2.16 -1.52 1.76 0.00
-2.45 2.15 -1.49 1.88 0.00
-2.40 2.17 -1.46 1.85 0.00
-2.31 2.22 -1.32 2.33 0.00
-2.32 2.14 -1.40 1.75 0.00
-2.27 2.14 -1.42 1.62 0.00
-2.22 2.12 -1.42 1.52 0.00
-2.20 2.10 -1.42 1.47 0.00
-2.14 2.09 -1.39 1.43 0.00
-2.11 2.07 -1.47 1.30 0.00
-2.07 2.06 -1.46 1.26 0.00
-2.05 2.02 -1.45 1.22 0.00
-2.02 1.99 -1.42 1.20 0.00
-2.00 1.95 -1.41 1.14 0.00
-1.97 1.92 -1.41 1.09 0.00
-1.94 1.88 -1.44 1.02 0.00
-1.91 1.85 -1.45 0.96 0.00
-1.89 1.81 -1.47 0.90 0.00
-1.86 1.78 -1.44 0.87 0.00
-1.84 1.75 -1.41 0.84 0.00
-1.82 1.71 -1.37 0.82 0.00
-1.80 1.67 -1.31 0.80 0.00
-1.79 1.63 -1.34 0.74 0.00
-1.77 1.60 -1.43 0.66 0.00
-1.75 1.56 -1.50 0.59 0.00
-1.73 1.52 -1.56 0.54 0.00
-1.71 1.48 -1.64 0.49 0.00
-1.68 1.45 -1.81 0.46 0.00
-1.67 1.41 -1.81 0.42 0.00
-1.66 1.37 -1.85 0.39 0.00
-1.67 1.33 -1.86 0.35 0.00
-1.68 1.28 -1.86 0.30 0.00
-1.69 1.24 -1.89 0.26 0.00
-1.70 1.20 -1.92 0.23 0.00
-1.70 1.16 -1.95 0.19 0.00
-1.71 1.12 -1.95 0.15 0.00
-1.72 1.08 -1.96 0.10 0.00
-1.73 1.04 -1.97 0.07 0.00
-1.74 1.00 -1.98 0.02 0.00
-1.76 0.96 -2.03 -0.00 0.00
-1.77 0.92 -2.11 -0.02 0.00
-1.77 0.87 -2.19 -0.04 0.00
-1.78 0.83 -2.26 -0.05 0.00
-1.79 0.79 -2.35 -0.04 0.00
-1.80 0.75 -2.41 -0.04 0.00
-1.82 0.71 -2.50 -0.01 0.00
-1.84 0.68 -2.53 -0.04 0.00
-1.86 0.65 -2.56 -0.06 0.00
-1.89 0.62 -2.63 -0.05 0.00
-1.91 0.59 -2.68 -0.05 0.00
-1.94 0.57 -2.77 0.00 0.00
-1.98 0.54 -2.84 0.04 0.00
-2.01 0.52 -2.89 0.05 0.00
-2.04 0.49 -2.96 0.09 0.00
-2.07 0.47 -2.99 0.08 0.00
-2.09 0.45 -3.03 0.11 0.00
-2.14 0.42 -3.05 0.00 0.00
-2.15 0.41 -3.00 -0.12 0.00
-2.23 0.41 -3.14 0.01 0.00
-2.25 0.39 -3.20 0.05 0.00
-2.31 0.37 -3.25 0.04 0.00
-2.35 0.35 -3.31 0.05 0.00
-2.36 0.33 -3.34 0.14 0.00
-2.40 0.32 -3.40 0.22 0.00
-2.42 0.31 -3.42 0.31 0.00
-2.43 0.31 -3.31 0.78 0.00
-2.53 0.29 -3.48 -0.02 0.00
-2.55 0.25 -3.55 0.15 0.00
-2.59 0.23 -3.59 0.16 0.00
-2.63 0.25 -3.62 0.16 0.00
-2.67 0.23 -3.66 0.12 0.00
-2.71 0.22 -3.71 0.12 0.00
-2.75 0.25 -3.74 0.11 0.00
-2.82 0.23 -3.81 0.16 0.00
-2.84 0.22 -3.84 0.27 0.00
-2.87 0.23 -3.87 0.20 0.00
-2.91 0.22 -3.91 0.19 0.00
-2.94 0.21 -3.94 0.27 0.00
-3.00 0.22 -4.00 0.29 0.00
-3.04 0.20 -4.04 0.24 0.00
-3.07 0.20 -4.07 0.18 0.00
-3.11 0.20 -4.10 0.10 0.00
-3.16 0.19 -4.16 0.21 0.00
-3.14 0.21 -3.83 0.94 1.00
-3.16 0.21 -3.06 1.20 1.00
-3.16 0.21 -2.39 0.84 1.00
-3.15 0.21 -2.16 0.27 1.00
-3.12 0.22 -2.12 0.27 0.00
-3.08 0.20 -2.08 0.18 0.00
-3.03 0.21 -2.04 0.26 0.00
-3.00 0.23 -2.00 0.27 0.00
-2.96 0.22 -1.96 0.24 0.00
-2.93 0.23 -1.93 0.16 0.00
-2.89 0.22 -1.89 0.23 0.00
-2.84 0.23 -1.84 0.27 0.00
-2.82 0.23 -1.82 0.31 0.00
-2.77 0.24 -1.79 0.44 0.00
-2.74 0.23 -1.77 0.48 0.00
-2.69 0.22 -1.74 0.52 0.00
-2.64 0.25 -1.77 0.74 0.00
-2.62 0.23 -1.76 0.75 0.00
-2.58 0.24 -1.73 0.77 0.00
-2.53 0.25 -1.64 0.70 0.00
-2.49 0.24 -1.65 0.78 0.00
-2.45 0.26 -1.67 0.88 0.00
-2.43 0.27 -1.63 0.87 0.00
-2.39 0.30 -1.57 0.86 0.00
-2.35 0.32 -1.55 0.91 0.00
-2.33 0.37 -1.43 0.79 0.00
-2.28 0.38 -1.53 1.04 0.00
-2.26 0.38 -1.57 1.11 0.00
-2.22 0.42 -1.62 1.22 0.00
-2.15 0.42 -1.83 1.37 0.00
-2.10 0.48 -2.06 1.47 0.00
-2.10 0.49 -2.01 1.49 0.00
-2.04 0.52 -2.01 1.52 0.00
-2.08 0.59 -1.96 1.59 0.00
-2.07 0.59 -1.97 1.59 0.00
-2.05 0.58 -1.77 1.54 0.00
-2.04 0.62 -1.86 1.60 0.00
-2.01 0.66 -1.82 1.64 0.00
-2.00 0.70 -1.89 1.70 0.00
-1.99 0.73 -1.96 1.73 0.00
-1.97 0.77 -2.03 1.76 0.00
-1.94 0.83 -2.29 1.77 0.00
-1.96 0.84 -2.29 1.78 0.00
-1.95 0.89 -2.43 1.76 0.00
-1.90 0.93 -2.61 1.63 0.00
-1.96 0.97 -2.45 1.84 0.00
-1.99 1.00 -2.42 1.90 0.00
-2.03 1.04 -2.56 1.89 0.00
-2.04 1.09 -2.67 1.86 0.00
-2.04 1.11 -2.68 1.88 0.00
-2.06 1.15 -2.75 1.87 0.00
-2.07 1.17 -2.83 1.81 0.00
-2.10 1.20 -2.86 1.85 0.00
-2.14 1.22 -2.99 1.75 0.00
-2.18 1.27 -2.96 1.90 0.00
-2.24 1.30 -3.10 1.81 0.00
-2.26 1.31 -3.14 1.80 0.00
-2.28 1.35 -3.16 1.83 0.00
-2.27 1.39 -3.26 1.57 0.00
-2.24 1.32 -2.40 2.30 0.00
-2.36 1.40 -3.29 1.77 0.00
-2.41 1.44 -3.38 1.65 0.00
-2.46 1.44 -3.42 1.73 0.00
-2.50 1.46 -3.48 1.67 0.00
-2.54 1.49 -3.54 1.54 0.00
-2.57 1.51 -3.57 1.49 0.00
-2.62 1.50 -3.61 1.42 0.00
-2.66 1.52 -3.65 1.38 0.00
-2.69 1.53 -3.68 1.40 0.00
-2.76 1.46 -3.76 1.51 0.00
-2.79 1.47 -3.79 1.46 0.00
-2.82 1.49 -3.82 1.51 0.00
-2.86 1.48 -3.86 1.50 0.00
-2.94 1.50 -3.92 1.70 0.00
-2.95 1.48 -3.94 1.66 0.00
-2.99 1.48 -3.99 1.45 0.00
-3.02 1.53 -4.01 1.69 0.00
-3.08 1.50 -4.07 1.35 0.00
-3.12 1.49 -4.10 1.33 0.00
-3.15 1.49 -4.12 1.26 0.00
-3.21 1.40 -4.20 1.54 0.00
-3.25 1.49 -4.10 0.97 0.00
-3.29 1.47 -4.25 1.18 0.00
-3.32 1.47 -4.24 1.08 0.00
-3.32 1.47 -4.26 1.80 1.00
-3.33 1.47 -3.66 2.41 1.00
-3.32 1.47 -2.92 2.38 1.00
-3.31 1.50 -2.81 2.37 0.00
-3.30 1.52 -2.71 2.32 0.00
-3.31 1.53 -2.51 2.14 0.00
-3.28 1.60 -2.90 2.53 0.00
-3.21 1.62 -2.57 2.39 0.00
-3.20 1.72 -2.84 2.66 0.00
-3.18 1.75 -2.88 2.70 0.00
-3.18 1.77 -2.84 2.71 0.00
-3.18 1.81 -2.84 2.75 0.00
-3.16 1.86 -2.82 2.80 0.00
-3.14 1.90 -2.89 2.86 0.00
-3.12 1.93 -2.91 2.90 0.00
-3.12 1.96 -2.99 2.96 0.00
-3.11 2.00 -3.07 3.00 0.00
-3.09 2.05 -3.18 3.04 0.00
-3.07 2.08 -3.24 3.07 0.00
-3.07 2.08 -2.48 2.89 1.00
-3.07 2.08 -2.08 2.24 1.00
-3.02 2.09 -2.03 2.23 0.00
-2.98 2.10 -1.99 2.17 0.00
-2.95 2.10 -1.95 2.12 0.00
-2.91 2.11 -1.91 2.09 0.00
-2.86 2.11 -1.87 1.98 0.00
-2.82 2.12 -1.83 1.98 0.00
-2.77 2.12 -1.78 1.98 0.00
-2.75 2.13 -1.77 1.98 0.00
-2.75 2.13 -1.76 2.24 0.00
-2.70 2.13 -1.70 2.13 0.00
-2.61 2.08 -1.62 1.91 0.00
-2.54 2.07 -1.57 1.87 0.00
-2.53 2.08 -1.56 1.83 0.00
-2.50 2.07 -1.55 1.74 0.00
-2.46 2.09 -1.50 1.82 0.00
-2.38 2.06 -1.51 1.58 0.00
-2.34 2.06 -1.47 1.57 0.00
-2.28 2.04 -1.42 1.53 0.00
-2.24 2.00 -1.57 1.26 0.00
-2.21 1.96 -1.59 1.18 0.00
-2.18 1.94 -1.68 1.07 0.00
-2.12 1.92 -1.62 1.05 0.00
-2.09 1.89 -1.71 0.97 0.00
-2.06 1.86 -1.70 0.93 0.00
-2.05 1.82 -1.66 0.90 0.00
-2.04 1.77 -1.65 0.85 0.00
-2.02 1.73 -1.66 0.80 0.00
-2.00 1.69 -1.69 0.74 0.00
-1.98 1.66 -1.73 0.69 0.00
-1.97 1.61 -1.72 0.64 0.00
-1.95 1.58 -1.72 0.60 0.00
-1.93 1.53 -1.74 0.55 0.00
-1.93 1.50 -1.69 0.52 0.00
-1.92 1.46 -1.67 0.49 0.00
-1.91 1.42 -1.63 0.46 0.00
-1.89 1.38 -1.67 0.41 0.00
-1.89 1.34 -1.66 0.37 0.00
-1.87 1.31 -1.66 0.33 0.00
-1.86 1.28 -1.64 0.30 0.00
-1.85 1.22 -1.75 0.23 0.00
-1.85 1.18 -1.85 0.18 0.00
-1.83 1.15 -1.92 0.15 0.00
-1.83 1.11 -1.94 0.11 0.00
-1.82 1.07 -1.99 0.08 0.00
-1.82 1.03 -2.05 0.06 0.00
-1.83 0.99 -2.10 0.03 0.00
-1.83 0.95 -2.16 -0.00 0.00
-1.84 0.91 -2.18 -0.03 0.00
-1.85 0.87 -2.19 -0.07 0.00
-1.86 0.83 -2.20 -0.11 0.00
-1.88 0.79 -2.37 -0.08 0.00
-1.90 0.75 -2.48 -0.06 0.00
-1.91 0.71 -2.54 -0.06 0.00
-1.92 0.68 -2.68 0.02 0.00
-1.93 0.64 -2.74 0.04 0.00
-1.95 0.60 -2.82 0.10 0.00
-1.97 0.56 -2.88 0.15 0.00
-2.00 0.54 -2.91 0.12 0.00
-2.04 0.53 -2.95 0.11 0.00
-2.06 0.51 -2.96 0.09 0.00
-2.11 0.47 -3.02 0.06 0.00
-2.11 0.46 -2.96 -0.07 0.00
-2.21 0.46 -3.11 0.02 0.00
-2.24 0.44 -3.21 0.21 0.00
-2.23 0.45 -3.06 1.01 1.00
-2.23 0.43 -2.34 1.43 1.00
-2.26 0.46 -1.61 1.22 1.00
-2.23 0.51 -1.61 1.29 0.00
-2.21 0.54 -1.48 1.21 0.00
-2.18 0.57 -1.54 1.34 0.00
-2.16 0.58 -1.43 1.27 0.00
-2.13 0.64 -1.46 1.38 0.00
-2.09 0.64 -1.49 1.43 0.00
-2.05 0.64 -1.73 1.59 0.00
-2.00 0.70 -1.80 1.68 0.00
-1.99 0.72 -1.95 1.72 0.00
-1.99 0.73 -1.81 1.72 0.00
-1.97 0.76 -1.90 1.76 0.00
-1.95 0.80 -1.99 1.80 0.00
-1.94 0.83 -1.97 1.82 0.00
-1.95 0.88 -2.03 1.88 0.00
-1.94 0.91 -1.91 1.91 0.00
-1.95 0.97 -2.20 1.94 0.00
-1.93 0.97 -1.90 1.97 0.00
-1.97 1.04 -2.19 2.01 0.00
-1.99 1.11 -2.40 2.02 0.00
-1.99 1.16 -2.59 1.96 0.00
-2.01 1.21 -2.55 2.04 0.00
-2.03 1.25 -2.67 2.01 0.00
-1.97 1.23 -2.38 2.15 0.00
-2.06 1.35 -2.94 1.83 0.00
-2.13 1.38 -3.11 1.60 0.00
-2.12 1.42 -3.01 1.87 0.00
-2.14 1.44 -3.05 1.86 0.00
-2.17 1.45 -3.09 1.84 0.00
-2.21 1.47 -3.14 1.81 0.00
-2.26 1.49 -3.23 1.71 0.00
-2.27 1.50 -3.24 1.76 0.00
-2.30 1.51 -3.26 1.79 0.00
-2.31 1.49 -3.26 1.81 0.00
-2.38 1.53 -3.35 1.79 0.00
-2.43 1.55 -3.42 1.73 0.00
-2.50 1.57 -3.47 1.80 0.00
-2.51 1.57 -3.50 1.72 0.00
-2.55 1.59 -3.55 1.64 0.00
-2.59 1.60 -3.59 1.60 0.00
-2.65 1.59 -3.65 1.60 0.00
-2.69 1.63 -3.66 1.40 0.00
-2.72 1.63 -3.70 1.41 0.00
-2.78 1.63 -3.76 1.46 0.00
-2.80 1.64 -3.80 1.72 0.00
-2.83 1.61 -3.81 1.44 0.00
-2.88 1.58 -3.83 1.25 0.00
-2.93 1.58 -3.84 1.16 0.00
-2.98 1.57 -3.82 1.03 0.00
-2.99 1.58 -3.99 1.70 1.00
-2.99 1.60 -3.58 2.41 1.00
-3.03 1.64 -3.16 2.64 1.00
-3.03 1.68 -3.20 2.67 0.00
-3.04 1.72 -3.21 2.71 0.00
-3.05 1.77 -3.24 2.75 0.00
-3.05 1.81 -3.27 2.79 0.00
-3.06 1.85 -3.30 2.82 0.00
-3.06 1.90 -3.29 2.87 0.00
-3.07 1.93 -3.34 2.89 0.00
-3.08 1.97 -3.37 2.93 0.00
-3.09 2.01 -3.38 2.96 0.00
-3.09 2.06 -3.41 3.01 0.00
-3.11 2.09 -3.48 3.02 0.00
-3.13 2.13 -3.54 3.04 0.00
-3.13 2.17 -3.62 3.04 0.00
-3.14 2.20 -3.65 3.06 0.00
-3.18 2.28 -3.78 3.07 0.00
-3.19 2.29 -3.80 3.09 0.00
-3.19 2.29 -3.05 3.28 1.00
-3.21 2.31 -2.39 2.88 1.00
-3.20 2.32 -2.23 2.08 1.00
-3.19 2.34 -2.24 2.01 0.00
-3.14 2.33 -2.25 1.87 0.00
-3.09 2.29 -2.16 1.92 0.00
-3.05 2.30 -2.10 2.00 0.00
-3.00 2.26 -2.08 1.87 0.00
-2.97 2.27 -2.04 1.91 0.00
-2.91 2.19 -1.96 1.90 0.00
-2.90 2.19 -2.01 1.74 0.00
-2.86 2.21 -2.02 1.65 0.00
-2.79 2.16 -2.01 1.54 0.00
-2.78 2.16 -2.06 1.46 0.00
-2.75 2.13 -2.04 1.43 0.00
-2.72 2.13 -2.08 1.36 0.00
-2.67 2.08 -2.07 1.29 0.00
-2.63 2.05 -2.00 1.27 0.00
-2.61 1.99 -2.00 1.20 0.00
-2.60 1.94 -1.89 1.24 0.00
-2.57 1.92 -1.89 1.19 0.00
-2.56 1.89 -1.95 1.10 0.00
-2.51 1.86 -1.90 1.07 0.00
-2.48 1.85 -1.87 1.06 0.00
-2.45 1.83 -1.91 0.99 0.00
-2.43 1.78 -1.94 0.91 0.00
-2.42 1.79 -1.90 0.93 0.00
-2.35 1.74 -2.04 0.79 0.00
-2.33 1.70 -2.03 0.75 0.00
-2.30 1.66 -2.12 0.67 0.00
-2.29 1.62 -2.18 0.62 0.00
-2.29 1.56 -2.15 0.57 0.00
-2.28 1.52 -2.13 0.54 0.00
-2.26 1.48 -2.09 0.50 0.00
-2.28 1.44 -2.23 0.44 0.00
-2.28 1.40 -2.15 0.41 0.00
-2.29 1.36 -2.17 0.36 0.00
-2.28 1.34 -2.24 0.34 0.00
-2.26 1.28 -2.15 0.28 0.00
-2.28 1.25 -2.23 0.25 0.00
-2.27 1.19 -2.15 0.20 0.00
-2.26 1.16 -2.16 0.16 0.00
-2.28 1.13 -2.07 0.15 0.00
