-4.49 1.71 -3.85 0.94 0.00
-4.49 1.71 -4.58 0.71 1.00
-4.48 1.68 -4.56 0.68 0.00
-4.49 1.64 -4.50 0.64 0.00
-4.48 1.60 -4.49 0.60 0.00
-4.48 1.55 -4.38 0.55 0.00
-4.49 1.51 -4.28 0.54 0.00
-4.50 1.48 -4.23 0.51 0.00
-4.50 1.42 -4.19 0.47 0.00
-4.50 1.40 -4.14 0.47 0.00
-4.49 1.35 -4.16 0.41 0.00
-4.49 1.31 -4.22 0.35 0.00
-4.46 1.28 -4.08 0.36 0.00
-4.44 1.24 -3.93 0.38 0.00
-4.47 1.22 -4.01 0.33 0.00
-4.44 1.16 -3.95 0.29 0.00
-4.43 1.15 -3.77 0.39 0.00
-4.42 1.13 -3.76 0.38 0.00
-4.44 1.15 -4.51 0.15 1.00
-4.43 1.12 -4.50 0.12 0.00
-4.44 1.08 -4.53 0.08 0.00
-4.44 1.06 -4.30 0.07 0.00
-4.45 1.00 -4.36 0.00 0.00
-4.46 0.95 -4.27 -0.03 0.00
-4.46 0.92 -4.17 -0.04 0.00
-4.46 0.88 -4.01 -0.01 0.00
-4.46 0.84 -3.93 -0.00 0.00
-4.47 0.80 -3.88 -0.01 0.00
-4.45 0.78 -3.84 -0.01 0.00
-4.44 0.74 -3.84 -0.07 0.00
-4.42 0.70 -3.80 -0.07 0.00
-4.41 0.66 -3.79 -0.12 0.00
-4.39 0.61 -3.67 -0.09 0.00
-4.35 0.57 -3.49 0.05 0.00
-4.33 0.55 -3.46 0.06 0.00
-4.33 0.55 -4.05 -0.41 1.00
-4.33 0.56 -3.80 -0.29 0.00
-4.32 0.51 -4.02 -0.45 0.00
-4.29 0.45 -3.72 -0.38 0.00
-4.30 0.39 -3.73 -0.43 0.00
-4.28 0.35 -3.53 -0.31 0.00
-4.26 0.32 -3.44 -0.26 0.00
-4.26 0.28 -3.43 -0.27 0.00
-4.23 0.26 -3.38 -0.27 0.00
-4.18 0.24 -3.37 -0.36 0.00
-4.17 0.21 -3.33 -0.34 0.00
-4.15 0.22 -3.46 -0.51 0.00
-4.09 0.16 -3.17 -0.24 0.00
-3.98 0.11 -3.02 0.39 0.00
-3.97 0.07 -2.97 0.09 0.00
-3.96 0.08 -2.97 0.01 0.00
-3.93 0.04 -2.93 0.06 0.00
-3.88 0.04 -2.88 0.03 0.00
-3.86 0.04 -2.86 -0.02 0.00
-3.82 0.04 -2.82 -0.07 0.00
-3.77 0.05 -2.77 -0.04 0.00
-3.73 0.05 -2.73 -0.07 0.00
-3.69 0.05 -2.70 -0.12 0.00
-3.65 0.04 -2.67 -0.11 0.00
-3.63 0.04 -2.64 -0.15 0.00
-3.57 0.03 -2.59 -0.18 0.00
-3.53 0.02 -2.54 -0.12 0.00
-3.47 0.02 -2.50 -0.22 0.00
-3.43 0.01 -2.44 -0.11 0.00
-3.41 0.01 -2.41 -0.10 0.00
-3.37 -0.00 -2.37 -0.12 0.00
-3.33 -0.01 -2.33 -0.10 0.00
-3.29 -0.02 -2.29 -0.07 0.00
-3.25 -0.03 -2.25 -0.04 0.00
-3.21 -0.03 -2.21 -0.04 0.00
-3.17 -0.03 -2.17 -0.04 0.00
-3.13 -0.03 -2.13 -0.05 0.00
-3.08 -0.03 -2.08 -0.01 0.00
-3.05 -0.03 -2.05 -0.07 0.00
-3.01 -0.03 -2.01 -0.08 0.00
-2.97 -0.03 -1.97 -0.10 0.00
-2.93 -0.03 -1.93 -0.12 0.00
-2.89 -0.03 -1.90 -0.12 0.00
-2.85 -0.03 -1.85 -0.12 0.00
-2.81 -0.04 -1.83 -0.21 0.00
-2.76 -0.05 -1.77 -0.16 0.00
-2.72 -0.03 -1.72 -0.09 0.00
-2.67 -0.05 -1.67 -0.01 0.00
-2.65 -0.06 -1.65 -0.07 0.00
-2.61 -0.06 -1.61 -0.05 0.00
-2.57 -0.06 -1.57 -0.10 0.00
-2.53 -0.06 -1.53 -0.04 0.00
-2.49 -0.06 -1.49 -0.06 0.00
-2.45 -0.06 -1.45 -0.05 0.00
-2.41 -0.06 -1.41 -0.03 0.00
-2.37 -0.06 -1.37 -0.06 0.00
-2.33 -0.06 -1.33 -0.07 0.00
-2.29 -0.06 -1.29 -0.08 0.00
-2.25 -0.05 -1.25 -0.07 0.00
-2.21 -0.05 -1.21 -0.09 0.00
-2.17 -0.05 -1.17 -0.07 0.00
-2.13 -0.06 -1.13 -0.08 0.00
-2.09 -0.06 -1.09 -0.08 0.00
-2.05 -0.06 -1.05 -0.08 0.00
-2.01 -0.06 -1.01 -0.08 0.00
-1.97 -0.06 -0.97 -0.08 0.00
-1.93 -0.06 -0.93 -0.09 0.00
-1.89 -0.06 -0.89 -0.08 0.00
-1.85 -0.06 -0.85 -0.07 0.00
-1.81 -0.06 -0.81 -0.09 0.00
-1.77 -0.06 -0.77 -0.06 0.00
-1.73 -0.07 -0.73 -0.07 0.00
-1.69 -0.07 -0.69 -0.06 0.00
-1.65 -0.07 -0.65 -0.06 0.00
-1.61 -0.07 -0.61 -0.04 0.00
-1.57 -0.07 -0.57 -0.06 0.00
-1.53 -0.07 -0.53 -0.02 0.00
-1.49 -0.07 -0.49 -0.06 0.00
-1.45 -0.07 -0.45 -0.05 0.00
-1.41 -0.07 -0.41 -0.04 0.00
-1.37 -0.07 -0.37 -0.04 0.00
-1.33 -0.07 -0.33 -0.04 0.00
-1.29 -0.06 -0.29 -0.06 0.00
-1.25 -0.06 -0.25 0.01 0.00
-1.21 -0.06 -0.21 -0.02 0.00
-1.17 -0.06 -0.17 -0.01 0.00
-1.13 -0.06 -0.13 -0.00 0.00
-1.09 -0.06 -0.09 -0.00 0.00
-1.05 -0.06 -0.05 -0.00 0.00
-1.01 -0.05 -0.01 -0.01 0.00
-0.97 -0.05 0.03 0.01 0.00
-0.93 -0.05 0.07 -0.01 0.00
-0.90 -0.05 0.10 -0.09 0.00
-0.86 -0.04 0.14 -0.05 0.00
-0.82 -0.04 0.18 -0.01 0.00
-0.77 -0.04 0.22 0.02 0.00
-0.73 -0.04 0.27 0.03 0.00
-0.71 -0.05 0.29 -0.12 0.00
-0.65 -0.05 0.35 -0.01 0.00
-0.61 -0.04 0.39 -0.04 0.00
-0.57 -0.03 0.43 -0.01 0.00
-0.53 -0.03 0.47 -0.03 0.00
-0.50 -0.03 0.50 -0.04 0.00
-0.45 -0.02 0.55 -0.02 0.00
-0.42 -0.02 0.58 -0.00 0.00
-0.38 -0.03 0.62 0.04 0.00
-0.34 -0.03 0.66 0.01 0.00
-0.30 -0.03 0.70 0.04 0.00
-0.26 -0.03 0.74 0.10 0.00
-0.22 -0.03 0.77 0.15 0.00
-0.18 -0.03 0.80 0.20 0.00
-0.14 -0.02 0.82 0.26 0.00
-0.10 -0.02 0.86 0.27 0.00
-0.06 -0.00 0.92 0.21 0.00
-0.03 0.00 0.95 0.19 0.00
0.01 0.02 1.00 0.19 0.00
0.05 0.03 1.04 0.18 0.00
0.08 0.04 1.08 0.15 0.00
0.12 0.05 1.12 0.15 0.00
0.16 0.06 1.16 0.16 0.00
0.20 0.06 1.20 0.16 0.00
0.24 0.07 1.24 0.16 0.00
0.28 0.07 1.28 0.16 0.00
0.32 0.08 1.31 0.19 0.00
0.36 0.08 1.34 0.26 0.00
0.40 0.09 1.37 0.36 0.00
0.44 0.08 1.40 0.36 0.00
0.48 0.09 1.43 0.39 0.00
0.52 0.09 1.46 0.44 0.00
0.56 0.11 1.51 0.40 0.00
0.60 0.12 1.56 0.38 0.00
0.62 0.13 1.60 0.34 0.00
0.64 0.18 1.64 0.16 0.00
0.71 0.18 1.69 0.34 0.00
0.72 0.19 1.72 0.30 0.00
0.78 0.19 1.78 0.31 0.00
0.82 0.19 1.82 0.31 0.00
0.88 0.19 1.86 0.35 0.00
0.90 0.19 1.88 0.39 0.00
0.94 0.21 1.92 0.40 0.00
0.99 0.18 1.99 0.26 0.00
1.00 0.18 2.00 0.20 0.00
1.06 0.19 2.06 0.22 0.00
1.06 0.20 2.06 0.19 0.00
1.10 0.22 2.10 0.14 0.00
1.14 0.24 2.12 0.08 0.00
1.20 0.19 2.19 0.10 0.00
1.23 0.18 2.15 -0.21 0.00
1.28 0.19 2.15 -0.30 0.00
1.30 0.21 2.16 -0.29 0.00
1.32 0.20 2.10 -0.43 0.00
1.36 0.18 1.96 -0.63 0.00
1.42 0.14 2.24 -0.43 0.00
1.44 0.13 2.31 -0.36 0.00
1.47 0.13 2.18 -0.57 0.00
1.52 0.05 2.47 -0.25 0.00
1.56 0.04 2.42 -0.47 0.00
1.58 0.05 2.32 -0.63 0.00
1.62 0.04 2.37 -0.62 0.00
1.65 0.02 2.36 -0.68 0.00
1.68 -0.00 2.35 -0.75 0.00
1.71 -0.03 2.32 -0.82 0.00
1.74 -0.06 2.25 -0.92 0.00
1.76 -0.09 2.14 -1.02 0.00
1.79 -0.12 2.05 -1.08 0.00
1.82 -0.15 1.95 -1.14 0.00
1.84 -0.18 1.88 -1.18 0.00
1.87 -0.21 1.77 -1.20 0.00
1.87 -0.24 1.76 -1.24 0.00
1.87 -0.29 1.75 -1.28 0.00
1.86 -0.33 1.76 -1.32 0.00
1.86 -0.37 1.70 -1.36 0.00
1.86 -0.42 1.57 -1.38 0.00
1.85 -0.46 1.46 -1.38 0.00
1.85 -0.50 1.35 -1.37 0.00
1.84 -0.54 1.23 -1.34 0.00
1.83 -0.59 1.13 -1.31 0.00
1.80 -0.62 1.00 -1.22 0.00
1.78 -0.66 0.93 -1.19 0.00
1.75 -0.70 0.83 -1.09 0.00
1.72 -0.74 0.76 -1.02 0.00
1.70 -0.77 0.72 -1.00 0.00
1.66 -0.78 0.67 -0.89 0.00
1.61 -0.80 0.62 -0.95 0.00
1.56 -0.81 0.58 -0.98 0.00
1.52 -0.81 0.53 -0.95 0.00
1.47 -0.82 0.48 -0.91 0.00
1.43 -0.83 0.43 -0.88 0.00
1.39 -0.84 0.39 -0.85 0.00
1.34 -0.85 0.34 -0.81 0.00
1.30 -0.85 0.30 -0.77 0.00
1.25 -0.86 0.26 -0.74 0.00
1.21 -0.85 0.22 -0.73 0.00
1.18 -0.85 0.19 -0.71 0.00
1.13 -0.84 0.14 -0.69 0.00
1.09 -0.84 0.10 -0.69 0.00
1.05 -0.83 0.06 -0.70 0.00
1.01 -0.82 0.01 -0.71 0.00
0.97 -0.82 -0.03 -0.73 0.00
0.93 -0.81 -0.07 -0.75 0.00
0.88 -0.80 -0.12 -0.76 0.00
0.84 -0.80 -0.15 -0.77 0.00
0.80 -0.79 -0.20 -0.79 0.00
0.76 -0.79 -0.24 -0.80 0.00
0.72 -0.79 -0.28 -0.77 0.00
0.68 -0.79 -0.32 -0.76 0.00
0.63 -0.79 -0.37 -0.77 0.00
0.59 -0.79 -0.41 -0.77 0.00
0.55 -0.80 -0.45 -0.75 0.00
0.52 -0.81 -0.47 -0.64 0.00
0.48 -0.81 -0.51 -0.63 0.00
0.44 -0.80 -0.55 -0.62 0.00
0.40 -0.80 -0.59 -0.62 0.00
0.36 -0.78 -0.63 -0.65 0.00
0.32 -0.78 -0.66 -0.58 0.00
0.28 -0.77 -0.70 -0.54 0.00
0.24 -0.77 -0.73 -0.53 0.00
0.20 -0.76 -0.77 -0.50 0.00
0.16 -0.75 -0.80 -0.47 0.00
0.12 -0.74 -0.84 -0.44 0.00
0.08 -0.73 -0.87 -0.41 0.00
0.04 -0.72 -0.90 -0.39 0.00
0.00 -0.71 -0.94 -0.37 0.00
-0.04 -0.70 -0.98 -0.36 0.00
-0.07 -0.68 -1.02 -0.36 0.00
-0.11 -0.67 -1.04 -0.31 0.00
-0.15 -0.66 -1.05 -0.22 0.00
-0.19 -0.65 -1.08 -0.21 0.00
-0.23 -0.64 -1.11 -0.18 0.00
-0.26 -0.62 -1.11 -0.09 0.00
-0.30 -0.60 -1.10 0.00 0.00
-0.34 -0.58 -1.13 0.03 0.00
-0.37 -0.55 -1.11 0.11 0.00
-0.41 -0.52 -1.08 0.22 0.00
-0.47 -0.50 -1.20 0.18 0.00
-0.49 -0.49 -1.08 0.32 0.00
-0.52 -0.47 -1.05 0.37 0.00
-0.55 -0.44 -1.01 0.45 0.00
-0.57 -0.40 -1.03 0.48 0.00
-0.60 -0.37 -1.02 0.54 0.00
-0.62 -0.33 -0.99 0.59 0.00
-0.62 -0.33 -0.22 0.58 1.00
-0.60 -0.30 -0.25 0.63 0.00
-0.59 -0.26 -0.24 0.67 0.00
-0.57 -0.23 -0.22 0.71 0.00
-0.56 -0.19 -0.23 0.75 0.00
-0.54 -0.15 -0.20 0.79 0.00
-0.53 -0.11 -0.12 0.80 0.00
-0.51 -0.07 -0.07 0.83 0.00
-0.49 -0.03 0.06 0.80 0.00
-0.48 0.01 0.11 0.81 0.00
-0.46 0.02 0.24 0.74 0.00
-0.42 0.08 0.26 0.81 0.00
-0.40 0.11 0.37 0.75 0.00
-0.39 0.14 0.43 0.71 0.00
-0.38 0.18 0.37 0.84 0.00
-0.35 0.20 0.42 0.84 0.00
-0.31 0.23 0.50 0.82 0.00
-0.28 0.26 0.61 0.71 0.00
-0.24 0.28 0.71 0.60 0.00
-0.21 0.31 0.77 0.49 0.00
-0.17 0.34 0.83 0.39 0.00
-0.14 0.36 0.86 0.31 0.00
-0.10 0.38 0.89 0.26 0.00
-0.06 0.38 0.92 0.22 0.00
-0.02 0.37 0.97 0.25 0.00
0.02 0.36 1.01 0.25 0.00
0.05 0.36 1.05 0.25 0.00
0.10 0.36 1.09 0.21 0.00
0.12 0.34 1.12 0.33 0.00
0.17 0.34 1.16 0.28 0.00
