2.50 -0.20 1.61 -0.65 0.00
2.46 -0.23 1.54 -0.63 0.00
2.42 -0.26 1.48 -0.61 0.00
2.37 -0.29 1.42 -0.59 0.00
2.33 -0.31 1.37 -0.59 0.00
2.28 -0.32 1.33 -0.62 0.00
2.24 -0.33 1.30 -0.66 0.00
2.20 -0.35 1.24 -0.65 0.00
2.15 -0.36 1.18 -0.61 0.00
2.11 -0.38 1.13 -0.56 0.00
2.07 -0.39 1.07 -0.53 0.00
2.02 -0.41 1.02 -0.48 0.00
1.98 -0.42 0.98 -0.44 0.00
1.93 -0.43 0.93 -0.37 0.00
1.88 -0.45 0.89 -0.31 0.00
1.84 -0.45 0.85 -0.31 0.00
1.80 -0.44 0.81 -0.30 0.00
1.77 -0.43 0.78 -0.25 0.00
1.73 -0.43 0.74 -0.25 0.00
1.69 -0.42 0.70 -0.25 0.00
1.64 -0.41 0.65 -0.28 0.00
1.61 -0.40 0.61 -0.28 0.00
1.57 -0.40 0.57 -0.31 0.00
1.53 -0.39 0.53 -0.36 0.00
1.49 -0.38 0.49 -0.36 0.00
1.44 -0.37 0.44 -0.36 0.00
1.40 -0.37 0.40 -0.33 0.00
1.36 -0.37 0.36 -0.34 0.00
1.32 -0.37 0.33 -0.33 0.00
1.28 -0.37 0.28 -0.34 0.00
1.24 -0.37 0.24 -0.31 0.00
1.20 -0.36 0.20 -0.29 0.00
1.16 -0.36 0.16 -0.31 0.00
1.12 -0.36 0.12 -0.33 0.00
1.08 -0.36 0.08 -0.37 0.00
1.03 -0.36 0.03 -0.41 0.00
0.99 -0.35 0.00 -0.46 0.00
0.96 -0.35 -0.02 -0.55 0.00
0.91 -0.35 -0.06 -0.59 0.00
0.87 -0.35 -0.09 -0.64 0.00
0.83 -0.35 -0.11 -0.70 0.00
0.79 -0.36 -0.14 -0.72 0.00
0.74 -0.37 -0.19 -0.72 0.00
0.71 -0.39 -0.23 -0.74 0.00
0.67 -0.40 -0.28 -0.74 0.00
0.63 -0.42 -0.32 -0.73 0.00
0.59 -0.44 -0.36 -0.75 0.00
0.53 -0.45 -0.37 -0.88 0.00
0.51 -0.46 -0.45 -0.73 0.00
0.46 -0.48 -0.53 -0.57 0.00
0.42 -0.51 -0.58 -0.48 0.00
0.37 -0.54 -0.62 -0.40 0.00
0.33 -0.54 -0.65 -0.35 0.00
0.29 -0.53 -0.69 -0.35 0.00
0.25 -0.52 -0.73 -0.34 0.00
0.21 -0.52 -0.77 -0.33 0.00
0.17 -0.51 -0.81 -0.32 0.00
0.15 -0.50 -0.82 -0.23 0.00
0.09 -0.49 -0.89 -0.31 0.00
0.05 -0.49 -0.93 -0.30 0.00
0.01 -0.48 -0.97 -0.29 0.00
-0.03 -0.47 -1.01 -0.29 0.00
-0.06 -0.47 -1.03 -0.21 0.00
-0.11 -0.46 -1.09 -0.27 0.00
-0.15 -0.45 -1.13 -0.28 0.00
-0.19 -0.43 -1.18 -0.33 0.00
-0.22 -0.43 -1.22 -0.32 0.00
-0.26 -0.42 -1.26 -0.34 0.00
-0.31 -0.41 -1.30 -0.28 0.00
-0.34 -0.41 -1.33 -0.29 0.00
-0.39 -0.41 -1.38 -0.26 0.00
-0.43 -0.40 -1.41 -0.20 0.00
-0.47 -0.40 -1.45 -0.21 0.00
-0.51 -0.39 -1.49 -0.21 0.00
-0.55 -0.38 -1.53 -0.18 0.00
-0.59 -0.38 -1.56 -0.16 0.00
-0.62 -0.38 -1.59 -0.14 0.00
-0.67 -0.37 -1.64 -0.11 0.00
-0.71 -0.36 -1.69 -0.17 0.00
-0.75 -0.35 -1.73 -0.18 0.00
-0.79 -0.34 -1.78 -0.20 0.00
-0.83 -0.33 -1.82 -0.20 0.00
-0.87 -0.33 -1.87 -0.25 0.00
-0.91 -0.32 -1.90 -0.19 0.00
-0.95 -0.32 -1.94 -0.18 0.00
-0.99 -0.31 -1.98 -0.22 0.00
-1.03 -0.30 -2.03 -0.19 0.00
-1.07 -0.30 -2.06 -0.16 0.00
-1.11 -0.29 -2.10 -0.16 0.00
-1.14 -0.29 -2.13 -0.16 0.00
-1.19 -0.29 -2.18 -0.15 0.00
-1.22 -0.28 -2.21 -0.15 0.00
-1.27 -0.27 -2.26 -0.19 0.00
-1.30 -0.27 -2.30 -0.20 0.00
-1.35 -0.26 -2.34 -0.14 0.00
-1.39 -0.26 -2.38 -0.16 0.00
-1.42 -0.25 -2.42 -0.16 0.00
-1.46 -0.25 -2.46 -0.19 0.00
-1.51 -0.25 -2.50 -0.13 0.00
-1.54 -0.24 -2.54 -0.15 0.00
-1.58 -0.24 -2.58 -0.14 0.00
-1.62 -0.24 -2.61 -0.15 0.00
-1.66 -0.23 -2.66 -0.14 0.00
-1.70 -0.23 -2.70 -0.15 0.00
-1.74 -0.23 -2.74 -0.11 0.00
-1.78 -0.22 -2.78 -0.12 0.00
-1.82 -0.22 -2.82 -0.12 0.00
-1.86 -0.21 -2.85 -0.07 0.00
-1.91 -0.21 -2.91 -0.15 0.00
-1.94 -0.20 -2.94 -0.14 0.00
-1.98 -0.20 -2.98 -0.11 0.00
-2.02 -0.20 -3.01 -0.11 0.00
-2.06 -0.19 -3.06 -0.10 0.00
-2.10 -0.19 -3.10 -0.09 0.00
-2.14 -0.19 -3.13 -0.08 0.00
-2.18 -0.18 -3.17 -0.08 0.00
-2.22 -0.18 -3.21 -0.07 0.00
-2.26 -0.17 -3.25 -0.05 0.00
-2.30 -0.17 -3.30 -0.15 0.00
-2.34 -0.17 -3.33 -0.06 0.00
-2.38 -0.16 -3.37 -0.06 0.00
-2.41 -0.15 -3.41 -0.05 0.00
-2.46 -0.15 -3.45 -0.03 0.00
-2.50 -0.15 -3.49 -0.05 0.00
-2.54 -0.14 -3.53 -0.04 0.00
-2.57 -0.14 -3.57 -0.05 0.00
-2.62 -0.14 -3.62 -0.07 0.00
-2.66 -0.13 -3.65 -0.04 0.00
-2.70 -0.13 -3.69 -0.04 0.00
-2.74 -0.13 -3.73 -0.03 0.00
-2.77 -0.12 -3.77 -0.00 0.00
-2.81 -0.12 -3.81 -0.02 0.00
-2.85 -0.11 -3.85 -0.01 0.00
-2.89 -0.11 -3.89 0.00 0.00
-2.93 -0.11 -3.93 0.00 0.00
-2.97 -0.10 -3.97 -0.00 0.00
-3.01 -0.10 -4.01 0.00 0.00
-3.05 -0.09 -4.05 0.02 0.00
-3.09 -0.09 -4.09 0.02 0.00
-3.13 -0.08 -4.13 0.01 0.00
-3.17 -0.08 -4.17 -0.00 0.00
-3.21 -0.08 -4.21 -0.03 0.00
-3.25 -0.07 -4.25 -0.07 0.00
-3.29 -0.07 -4.29 -0.11 0.00
-3.33 -0.06 -4.33 -0.16 0.00
-3.37 -0.07 -4.37 -0.14 0.00
-3.41 -0.07 -4.41 -0.17 0.00
-3.45 -0.08 -4.45 -0.11 0.00
-3.49 -0.08 -4.49 -0.11 0.00
-3.53 -0.08 -4.53 -0.12 0.00
-3.57 -0.08 -4.57 -0.09 0.00
-3.61 -0.08 -4.61 -0.13 0.00
-3.64 -0.09 -4.64 -0.17 0.00
-3.68 -0.09 -4.67 -0.26 0.00
-3.72 -0.09 -4.69 -0.31 0.00
-3.76 -0.09 -4.71 -0.38 0.00
-3.79 -0.09 -4.73 -0.44 0.00
-3.83 -0.09 -4.74 -0.51 0.00
-3.86 -0.10 -4.77 -0.51 0.00
-3.90 -0.11 -4.72 -0.68 0.00
-3.93 -0.13 -4.76 -0.69 0.00
-3.97 -0.15 -4.75 -0.77 0.00
-4.00 -0.17 -4.77 -0.80 0.00
-4.03 -0.20 -4.78 -0.86 0.00
-4.06 -0.22 -4.76 -0.93 0.00
-4.09 -0.24 -4.76 -0.99 0.00
-4.13 -0.25 -4.77 -1.02 0.00
-4.15 -0.28 -4.76 -1.07 0.00
-4.18 -0.30 -4.73 -1.13 0.00
-4.20 -0.33 -4.75 -1.17 0.00
-4.21 -0.36 -4.77 -1.19 0.00
-4.23 -0.39 -4.77 -1.23 0.00
-4.25 -0.41 -4.79 -1.26 0.00
-4.26 -0.43 -4.69 -1.33 0.00
-4.28 -0.45 -4.66 -1.37 0.00
-4.28 -0.50 -4.88 -1.30 0.00
-4.31 -0.50 -4.74 -1.40 0.00
-4.31 -0.50 -4.75 -1.40 0.00
-4.33 -0.58 -4.70 -1.51 0.00
-4.36 -0.60 -4.81 -1.50 0.00
-4.38 -0.64 -4.66 -1.60 0.00
-4.39 -0.67 -4.84 -1.56 0.00
-4.40 -0.71 -4.82 -1.62 0.00
-4.42 -0.75 -4.86 -1.64 0.00
-4.44 -0.78 -4.84 -1.70 0.00
-4.43 -0.79 -4.83 -1.71 0.00
-4.46 -0.84 -4.86 -1.75 0.00
-4.48 -0.85 -4.83 -1.78 0.00
-4.48 -0.90 -4.69 -1.87 0.00
-4.53 -0.92 -4.38 -1.91 0.00
-4.51 -0.92 -4.47 -1.92 0.00
-4.51 -0.95 -4.51 -1.95 0.00
-4.53 -0.99 -4.42 -1.98 0.00
-4.52 -0.92 -4.97 -1.81 1.00
-4.52 -0.92 -5.42 -1.35 1.00
-4.51 -0.92 -5.44 -0.56 1.00
-4.54 -0.91 -5.37 -0.35 0.00
-4.58 -0.90 -5.34 -0.25 0.00
-4.62 -0.86 -5.28 -0.11 0.00
-4.66 -0.85 -5.24 -0.03 0.00
-4.69 -0.85 -5.16 0.03 0.00
-4.71 -0.85 -5.09 0.08 0.00
-4.73 -0.81 -5.15 0.10 0.00
-4.75 -0.77 -5.13 0.15 0.00
-4.76 -0.74 -5.15 0.18 0.00
-4.76 -0.71 -5.10 0.22 0.00
-4.80 -0.61 -5.28 0.26 0.00
-4.80 -0.59 -5.06 0.37 0.00
-4.82 -0.59 -5.10 0.37 0.00
-4.84 -0.56 -5.12 0.40 0.00
-4.86 -0.53 -5.11 0.43 0.00
-4.87 -0.50 -5.10 0.47 0.00
-4.88 -0.47 -5.08 0.51 0.00
-4.89 -0.43 -4.99 0.57 0.00
-4.90 -0.38 -4.88 0.62 0.00
-4.91 -0.35 -4.80 0.64 0.00
-4.91 -0.30 -4.70 0.67 0.00
-4.91 -0.28 -4.57 0.66 0.00
-4.93 -0.24 -4.55 0.69 0.00
-4.93 -0.20 -4.50 0.70 0.00
-4.91 -0.17 -4.49 0.74 0.00
-4.89 -0.13 -4.48 0.78 0.00
-4.87 -0.09 -4.43 0.81 0.00
-4.85 -0.05 -4.35 0.82 0.00
-4.83 -0.01 -4.27 0.82 0.00
-4.82 0.03 -4.18 0.80 0.00
-4.80 0.07 -4.10 0.78 0.00
-4.79 0.09 -4.06 0.78 0.00
-4.76 0.13 -4.02 0.80 0.00
-4.72 0.17 -3.94 0.79 0.00
-4.70 0.19 -3.88 0.77 0.00
-4.67 0.23 -3.80 0.73 0.00
-4.64 0.24 -3.73 0.65 0.00
-4.61 0.27 -3.67 0.61 0.00
-4.58 0.29 -3.62 0.58 0.00
-4.55 0.34 -3.60 0.65 0.00
-4.49 0.35 -3.51 0.52 0.00
-4.47 0.34 -3.47 0.40 0.00
-4.44 0.34 -3.45 0.41 0.00
-4.38 0.32 -3.40 0.51 0.00
-4.33 0.37 -3.33 0.35 0.00
-4.28 0.35 -3.28 0.29 0.00
-4.24 0.36 -3.24 0.26 0.00
-4.19 0.36 -3.20 0.21 0.00
-4.18 0.36 -3.50 -0.37 1.00
-4.15 0.34 -3.45 -0.37 0.00
-4.12 0.30 -3.46 -0.45 0.00
-4.10 0.27 -3.33 -0.36 0.00
-4.07 0.23 -3.35 -0.47 0.00
-4.04 0.19 -3.30 -0.48 0.00
-3.99 0.16 -3.15 -0.38 0.00
-3.98 0.08 -3.25 -0.61 0.00
-3.97 0.07 -3.38 -0.74 0.00
-3.89 0.07 -3.05 -0.48 0.00
-3.88 0.06 -3.05 -0.50 0.00
-3.85 0.03 -3.02 -0.53 0.00
-3.81 0.01 -2.98 -0.55 0.00
-3.78 -0.01 -2.94 -0.55 0.00
-3.75 -0.03 -2.90 -0.57 0.00
-3.71 -0.06 -2.86 -0.58 0.00
-3.68 -0.08 -2.81 -0.58 0.00
-3.64 -0.10 -2.74 -0.53 0.00
-3.61 -0.12 -2.68 -0.49 0.00
-3.57 -0.14 -2.63 -0.48 0.00
-3.54 -0.16 -2.58 -0.45 0.00
-3.50 -0.18 -2.53 -0.40 0.00
-3.47 -0.20 -2.48 -0.39 0.00
-3.43 -0.21 -2.44 -0.39 0.00
-3.39 -0.22 -2.40 -0.38 0.00
-3.35 -0.23 -2.36 -0.39 0.00
-3.31 -0.23 -2.32 -0.37 0.00
-3.27 -0.24 -2.28 -0.37 0.00
-3.23 -0.25 -2.24 -0.35 0.00
-3.19 -0.25 -2.19 -0.31 0.00
-3.15 -0.26 -2.15 -0.28 0.00
-3.11 -0.27 -2.11 -0.25 0.00
-3.08 -0.27 -2.08 -0.21 0.00
-3.04 -0.27 -2.04 -0.20 0.00
-3.00 -0.27 -2.00 -0.20 0.00
-2.95 -0.26 -1.95 -0.24 0.00
-2.91 -0.26 -1.92 -0.20 0.00
-2.88 -0.25 -1.88 -0.25 0.00
-2.84 -0.26 -1.84 -0.17 0.00
-2.79 -0.25 -1.80 -0.19 0.00
-2.75 -0.25 -1.76 -0.19 0.00
-2.72 -0.25 -1.72 -0.22 0.00
-2.67 -0.25 -1.68 -0.16 0.00
-2.64 -0.25 -1.64 -0.15 0.00
-2.60 -0.24 -1.60 -0.13 0.00
-2.56 -0.24 -1.58 -0.06 0.00
-2.52 -0.24 -1.56 0.05 0.00
-2.48 -0.23 -1.55 0.14 0.00
-2.44 -0.23 -1.57 0.27 0.00
-2.40 -0.22 -1.55 0.30 0.00
-2.37 -0.20 -1.52 0.33 0.00
-2.33 -0.17 -1.47 0.34 0.00
-2.30 -0.15 -1.43 0.35 0.00
-2.26 -0.13 -1.39 0.36 0.00
-2.23 -0.11 -1.35 0.37 0.00
-2.19 -0.09 -1.31 0.39 0.00
-2.16 -0.07 -1.28 0.40 0.00
-2.13 -0.05 -1.27 0.46 0.00
-2.10 -0.03 -1.23 0.47 0.00
-2.07 -0.02 -1.25 0.54 0.00
-2.03 0.00 -1.13 0.43 0.00
-1.99 0.02 -1.09 0.45 0.00
-1.96 0.04 -1.06 0.47 0.00
-1.93 0.05 -1.05 0.52 0.00
-1.89 0.07 -1.02 0.55 0.00
-1.89 0.07 -0.93 -0.21 1.00
-1.85 0.06 -0.89 -0.21 0.00
-1.81 0.05 -0.89 -0.34 0.00
-1.78 0.04 -0.90 -0.44 0.00
-1.74 0.02 -0.91 -0.55 0.00
-1.70 0.01 -0.94 -0.64 0.00
-1.66 0.00 -0.98 -0.73 0.00
-1.62 -0.01 -1.01 -0.80 0.00
-1.58 -0.02 -1.06 -0.87 0.00
-1.56 -0.05 -1.02 -0.90 0.00
-1.54 -0.09 -0.99 -0.93 0.00
-1.52 -0.13 -0.96 -0.96 0.00
-1.49 -0.16 -0.95 -1.00 0.00
-1.47 -0.20 -0.93 -1.04 0.00
-1.45 -0.24 -0.95 -1.11 0.00
-1.42 -0.27 -0.97 -1.16 0.00
-1.40 -0.31 -0.99 -1.22 0.00
-1.38 -0.34 -1.09 -1.30 0.00
-1.37 -0.38 -1.21 -1.37 0.00
-1.35 -0.41 -1.38 -1.41 0.00
-1.34 -0.45 -1.42 -1.45 0.00
-1.32 -0.49 -1.57 -1.46 0.00
-1.30 -0.52 -1.67 -1.45 0.00
-1.29 -0.56 -1.74 -1.45 0.00
-1.31 -0.60 -1.77 -1.49 0.00
-1.33 -0.63 -1.76 -1.54 0.00
-1.35 -0.67 -1.78 -1.57 0.00
-1.36 -0.71 -1.85 -1.58 0.00
-1.39 -0.75 -1.97 -1.56 0.00
-1.41 -0.78 -2.06 -1.54 0.00
-1.42 -0.82 -2.12 -1.54 0.00
-1.44 -0.86 -2.21 -1.49 0.00
-1.45 -0.90 -2.30 -1.43 0.00
-1.47 -0.94 -2.35 -1.42 0.00
-1.50 -0.97 -2.43 -1.35 0.00
-1.53 -0.99 -2.46 -1.37 0.00
-1.56 -1.02 -2.51 -1.32 0.00
-1.55 -0.97 -2.14 -1.78 0.00
-1.63 -1.01 -2.49 -1.52 0.00
-1.68 -1.03 -2.68 -1.06 0.00
-1.68 -1.12 -2.61 -1.49 0.00
-1.79 -1.13 -2.77 -1.31 0.00
-1.73 -1.15 -2.48 -1.81 0.00
-1.86 -1.11 -2.84 -1.31 0.00
-1.89 -1.12 -2.88 -1.29 0.00
-1.93 -1.14 -2.92 -1.28 0.00
-1.97 -1.14 -2.96 -1.27 0.00
-2.00 -1.15 -3.00 -1.27 0.00
-2.04 -1.15 -3.04 -1.24 0.00
-2.04 -1.15 -2.81 -0.51 1.00
-2.04 -1.15 -2.13 -0.16 1.00
-2.05 -1.11 -2.12 -0.12 0.00
-2.05 -1.08 -2.12 -0.08 0.00
-2.03 -1.07 -2.25 -0.09 0.00
-2.06 -0.99 -2.07 0.01 0.00
-2.06 -0.95 -2.13 0.05 0.00
-2.06 -0.89 -2.01 0.11 0.00
-2.07 -0.87 -2.12 0.13 0.00
-2.07 -0.83 -2.18 0.17 0.00
-2.07 -0.77 -2.17 0.22 0.00
-2.07 -0.76 -2.29 0.22 0.00
-2.04 -0.70 -2.23 0.28 0.00
-2.04 -0.60 -2.24 0.37 0.00
-2.09 -0.58 -2.57 0.30 0.00
-2.11 -0.55 -2.72 0.24 0.00
-2.09 -0.54 -2.75 0.21 0.00
-2.12 -0.51 -2.77 0.25 0.00
-2.15 -0.48 -2.72 0.34 0.00
-2.19 -0.46 -2.72 0.38 0.00
-2.21 -0.43 -2.75 0.41 0.00
-2.24 -0.39 -2.77 0.45 0.00
-2.26 -0.36 -2.79 0.49 0.00
-2.28 -0.32 -2.83 0.51 0.00
-2.30 -0.29 -2.86 0.54 0.00
-2.32 -0.25 -2.91 0.56 0.00
-2.35 -0.22 -2.97 0.57 0.00
-2.37 -0.18 -3.03 0.57 0.00
-2.39 -0.15 -3.10 0.56 0.00
-2.42 -0.11 -3.18 0.54 0.00
-2.44 -0.08 -3.24 0.53 0.00
-2.47 -0.04 -3.29 0.52 0.00
-2.49 -0.01 -3.35 0.51 0.00
-2.53 0.01 -3.38 0.53 0.00
-2.53 0.01 -2.77 0.98 1.00
-2.53 0.01 -2.01 0.87 1.00
-2.51 0.03 -2.02 0.90 0.00
-2.49 0.07 -2.03 0.96 0.00
-2.48 0.10 -1.86 0.89 0.00
-2.44 0.14 -1.90 0.98 0.00
-2.44 0.19 -1.97 1.07 0.00
-2.41 0.22 -1.93 1.09 0.00
-2.39 0.25 -1.96 1.16 0.00
-2.37 0.28 -1.92 1.17 0.00
-2.34 0.31 -1.91 1.22 0.00
-2.32 0.35 -1.93 1.27 0.00
-2.30 0.39 -2.00 1.34 0.00
-2.29 0.42 -2.15 1.41 0.00
-2.28 0.46 -2.22 1.46 0.00
-2.26 0.54 -2.27 1.54 0.00
-2.26 0.53 -2.28 1.53 0.00
-2.24 0.56 -2.26 1.56 0.00
-2.23 0.60 -2.31 1.60 0.00
-2.23 0.65 -2.28 1.65 0.00
-2.23 0.69 -2.30 1.69 0.00
-2.24 0.73 -2.28 1.73 0.00
-2.25 0.78 -2.46 1.76 0.00
-2.25 0.83 -2.35 1.82 0.00
-2.27 0.87 -2.55 1.83 0.00
-2.28 0.89 -2.69 1.80 0.00
-2.28 0.93 -2.79 1.79 0.00
-2.30 0.99 -2.59 1.95 0.00
-2.30 1.07 -2.47 2.05 0.00
-2.29 1.07 -2.70 1.98 0.00
-2.28 1.10 -2.76 1.97 0.00
-2.28 1.13 -2.85 1.95 0.00
-2.30 1.17 -2.93 1.95 0.00
-2.32 1.17 -2.81 2.05 0.00
-2.32 1.19 -2.78 2.07 0.00
-2.39 1.24 -2.97 2.05 0.00
-2.42 1.28 -3.02 2.07 0.00
-2.40 1.32 -2.93 2.18 0.00
-2.42 1.35 -2.97 2.19 0.00
-2.43 1.41 -3.03 2.21 0.00
-2.49 1.47 -3.02 2.32 0.00
-2.51 1.47 -3.10 2.29 0.00
-2.54 1.53 -3.26 2.22 0.00
-2.53 1.54 -3.25 2.23 0.00
-2.54 1.58 -3.29 2.24 0.00
-2.59 1.62 -3.41 2.20 0.00
-2.62 1.63 -3.49 2.13 0.00
-2.65 1.66 -3.54 2.13 0.00
-2.67 1.67 -3.57 2.10 0.00
-2.71 1.70 -3.56 2.23 0.00
-2.77 1.74 -3.51 2.42 0.00
-2.78 1.75 -3.56 2.37 0.00
-2.80 1.78 -3.67 2.28 0.00
-2.83 1.79 -3.70 2.28 0.00
-2.87 1.82 -3.71 2.36 0.00
-2.91 1.83 -3.78 2.33 0.00
-2.94 1.86 -3.80 2.37 0.00
-2.97 1.88 -3.85 2.36 0.00
-3.01 1.90 -3.90 2.35 0.00
-3.04 1.92 -3.95 2.35 0.00
-3.08 1.94 -4.00 2.32 0.00
-3.11 1.95 -4.04 2.32 0.00
-3.14 1.98 -4.09 2.28 0.00
-3.18 1.99 -4.14 2.27 0.00
-3.19 2.01 -4.17 2.20 0.00
-3.25 2.02 -4.23 2.23 0.00
-3.24 2.01 -3.76 2.87 1.00
-3.19 2.00 -3.13 3.00 1.00
-3.17 2.00 -2.44 2.68 1.00
-3.14 2.03 -2.33 2.61 0.00
-3.11 2.07 -2.27 2.61 0.00
-3.08 2.09 -2.19 2.52 0.00
-3.06 2.11 -2.13 2.48 0.00
-3.01 2.15 -2.06 2.46 0.00
-3.00 2.16 -2.03 2.40 0.00
-2.96 2.18 -1.99 2.40 0.00
-2.91 2.18 -1.92 2.32 0.00
-2.87 2.19 -1.90 2.41 0.00
-2.83 2.20 -1.83 2.31 0.00
-2.78 2.22 -1.79 2.35 0.00
-2.74 2.23 -1.74 2.33 0.00
-2.70 2.25 -1.70 2.35 0.00
-2.65 2.26 -1.65 2.25 0.00
-2.60 2.27 -1.60 2.17 0.00
-2.56 2.27 -1.57 2.13 0.00
-2.51 2.26 -1.56 1.95 0.00
-2.48 2.26 -1.55 1.88 0.00
-2.45 2.27 -1.53 1.87 0.00
-2.34 2.23 -1.50 1.68 0.00
-2.33 2.22 -1.63 1.50 0.00
-2.29 2.23 -1.63 1.48 0.00
-2.27 2.23 -1.54 1.54 0.00
-2.21 2.20 -1.55 1.45 0.00
-2.15 2.14 -1.53 1.35 0.00
-2.14 2.11 -1.47 1.37 0.00
-2.11 2.07 -1.45 1.31 0.00
-2.07 2.04 -1.46 1.24 0.00
-2.04 1.99 -1.45 1.19 0.00
-2.00 1.96 -1.50 1.09 0.00
-1.96 1.93 -1.55 1.02 0.00
-1.92 1.89 -1.56 0.96 0.00
-1.91 1.86 -1.49 0.95 0.00
-1.91 1.80 -1.42 0.93 0.00
-1.88 1.77 -1.41 0.89 0.00
-1.86 1.73 -1.39 0.85 0.00
-1.84 1.69 -1.36 0.81 0.00
-1.82 1.65 -1.41 0.74 0.00
-1.80 1.61 -1.46 0.67 0.00
-1.78 1.57 -1.51 0.61 0.00
-1.76 1.53 -1.58 0.55 0.00
-1.74 1.50 -1.63 0.51 0.00
-1.71 1.46 -1.71 0.46 0.00
-1.69 1.42 -1.76 0.42 0.00
-1.70 1.38 -1.76 0.38 0.00
-1.70 1.33 -1.76 0.34 0.00
-1.70 1.29 -1.79 0.30 0.00
-1.70 1.27 -1.78 0.28 0.00
-1.72 1.23 -1.72 0.23 0.00
-1.73 1.19 -1.69 0.19 0.00
-1.73 1.15 -1.69 0.15 0.00
-1.72 1.11 -1.70 0.11 0.00
-1.72 1.07 -1.73 0.07 0.00
-1.72 1.03 -1.78 0.03 0.00
-1.72 0.99 -1.82 -0.01 0.00
-1.72 0.95 -1.86 -0.04 0.00
-1.72 0.91 -1.90 -0.08 0.00
-1.72 0.87 -1.93 -0.11 0.00
-1.72 0.83 -1.96 -0.14 0.00
-1.73 0.79 -1.99 -0.18 0.00
-1.74 0.75 -2.03 -0.21 0.00
-1.75 0.71 -2.09 -0.23 0.00
-1.75 0.66 -2.14 -0.26 0.00
-1.77 0.63 -2.26 -0.25 0.00
-1.78 0.59 -2.33 -0.24 0.00
-1.80 0.55 -2.37 -0.27 0.00
-1.82 0.51 -2.38 -0.31 0.00
-1.85 0.48 -2.42 -0.34 0.00
-1.87 0.45 -2.53 -0.30 0.00
-1.89 0.40 -2.62 -0.28 0.00
-1.92 0.37 -2.70 -0.25 0.00
-1.94 0.33 -2.79 -0.19 0.00
-1.96 0.30 -2.85 -0.16 0.00
-1.99 0.27 -2.92 -0.10 0.00
-2.02 0.23 -2.98 -0.03 0.00
-2.05 0.21 -3.02 -0.04 0.00
-2.09 0.21 -3.06 -0.03 0.00
-2.14 0.19 -3.12 0.01 0.00
-2.17 0.18 -3.15 -0.02 0.00
-2.19 0.16 -3.19 0.05 0.00
-2.22 0.14 -3.22 0.16 0.00
-2.23 0.16 -3.19 -0.11 0.00
-2.31 0.13 -3.30 0.26 0.00
-2.38 0.11 -3.37 0.23 0.00
-2.37 0.16 -3.35 -0.06 0.00
-2.40 0.13 -3.39 -0.01 0.00
-2.47 0.11 -3.47 0.08 0.00
-2.49 0.14 -3.47 -0.06 0.00
-2.56 0.10 -3.56 0.10 0.00
-2.58 0.11 -3.56 -0.07 0.00
-2.63 0.10 -3.62 0.04 0.00
-2.73 0.08 -3.66 0.45 0.00
-2.72 0.07 -3.72 0.07 0.00
-2.78 0.07 -3.77 0.19 0.00
-2.80 0.07 -3.80 0.05 0.00
-2.84 0.07 -3.84 0.00 0.00
-2.88 0.06 -3.88 0.01 0.00
-2.92 0.06 -3.92 -0.01 0.00
-2.96 0.06 -3.96 0.02 0.00
-3.00 0.05 -4.00 -0.02 0.00
-3.04 0.05 -4.04 -0.02 0.00
-3.08 0.05 -4.08 -0.04 0.00
-3.12 0.05 -4.12 -0.02 0.00
-3.16 0.04 -4.16 -0.02 0.00
-3.20 0.04 -4.19 -0.05 0.00
-3.24 0.04 -4.23 -0.06 0.00
-3.27 0.04 -4.27 -0.01 0.00
-3.32 0.03 -4.31 -0.08 0.00
-3.35 0.03 -4.34 -0.11 0.00
-3.38 0.02 -4.35 -0.24 0.00
-3.45 0.00 -4.45 -0.10 0.00
-3.48 0.01 -4.42 -0.33 0.00
-3.52 -0.01 -4.46 -0.33 0.00
-3.56 -0.02 -4.50 -0.34 0.00
-3.59 -0.03 -4.54 -0.34 0.00
-3.63 -0.05 -4.59 -0.34 0.00
-3.67 -0.06 -4.63 -0.34 0.00
-3.70 -0.07 -4.67 -0.34 0.00
-3.74 -0.08 -4.71 -0.33 0.00
-3.77 -0.09 -4.75 -0.33 0.00
-3.81 -0.10 -4.78 -0.33 0.00
-3.85 -0.11 -4.83 -0.33 0.00
-3.88 -0.12 -4.86 -0.32 0.00
-3.92 -0.13 -4.88 -0.38 0.00
-3.95 -0.14 -4.92 -0.40 0.00
-3.98 -0.15 -4.94 -0.43 0.00
-4.02 -0.15 -4.97 -0.45 0.00
-4.05 -0.16 -5.00 -0.49 0.00
-4.09 -0.18 -5.02 -0.54 0.00
-4.13 -0.19 -5.05 -0.59 0.00
-4.17 -0.21 -5.07 -0.63 0.00
-4.20 -0.22 -5.08 -0.69 0.00
-4.24 -0.23 -5.12 -0.70 0.00
-4.27 -0.24 -5.13 -0.77 0.00
-4.31 -0.26 -5.13 -0.82 0.00
-4.33 -0.27 -5.17 -0.82 0.00
-4.36 -0.29 -5.17 -0.87 0.00
-4.39 -0.31 -5.22 -0.86 0.00
-4.41 -0.33 -5.27 -0.84 0.00
-4.40 -0.33 -5.30 -0.76 0.00
-4.44 -0.37 -5.37 -0.74 0.00
-4.49 -0.38 -5.38 -0.83 0.00
-4.52 -0.40 -5.42 -0.83 0.00
-4.55 -0.40 -5.44 -0.86 0.00
-4.58 -0.42 -5.47 -0.87 0.00
-4.62 -0.44 -5.48 -0.94 0.00
-4.65 -0.46 -5.49 -1.01 0.00
-4.68 -0.48 -5.45 -1.12 0.00
-4.73 -0.49 -5.45 -1.18 0.00
-4.75 -0.51 -5.41 -1.26 0.00
-4.80 -0.53 -5.40 -1.33 0.00
-4.83 -0.55 -5.38 -1.38 0.00
-4.85 -0.57 -5.37 -1.43 0.00
-4.86 -0.59 -5.44 -1.40 0.00
-4.89 -0.62 -5.39 -1.48 0.00
-4.89 -0.68 -5.34 -1.57 0.00
-4.93 -0.70 -5.40 -1.58 0.00
-4.96 -0.73 -5.38 -1.64 0.00
-4.96 -0.78 -5.35 -1.70 0.00
-5.00 -0.80 -5.37 -1.73 0.00
-4.99 -0.80 -5.92 -1.17 1.00
-5.02 -0.81 -5.96 -1.14 0.00
-5.07 -0.83 -6.01 -1.17 0.00
-5.11 -0.84 -6.05 -1.18 0.00
-5.15 -0.86 -6.10 -1.18 0.00
-5.19 -0.92 -6.10 -1.34 0.00
-5.22 -0.90 -6.16 -1.22 0.00
-5.25 -0.89 -6.20 -1.21 0.00
-5.28 -0.90 -6.23 -1.24 0.00
-5.32 -0.91 -6.20 -1.38 0.00
-5.36 -0.92 -6.27 -1.32 0.00
-5.38 -0.92 -6.30 -1.32 0.00
-5.42 -0.93 -6.34 -1.33 0.00
-5.44 -0.94 -6.37 -1.29 0.00
-5.45 -0.94 -6.44 -1.08 0.00
-5.46 -0.95 -6.46 -0.90 0.00
-5.54 -1.02 -6.50 -0.76 0.00
-5.57 -1.04 -6.45 -0.58 0.00
-5.64 -1.04 -6.24 -0.24 0.00
-5.65 -0.97 -6.47 -0.39 0.00
-5.69 -0.97 -6.42 -0.29 0.00
-5.73 -0.98 -6.37 -0.21 0.00
-5.76 -0.96 -6.36 -0.17 0.00
-5.79 -0.95 -6.32 -0.10 0.00
-5.81 -0.91 -6.34 -0.06 0.00
-5.83 -0.87 -6.38 -0.03 0.00
-5.84 -0.84 -6.32 0.03 0.00
-5.89 -0.82 -6.30 0.09 0.00
-5.89 -0.79 -6.24 0.15 0.00
-5.91 -0.76 -6.26 0.17 0.00
-5.91 -0.74 -6.18 0.23 0.00
-5.94 -0.69 -6.43 0.18 0.00
-5.93 -0.66 -6.19 0.31 0.00
-5.93 -0.60 -6.09 0.39 0.00
-5.94 -0.58 -5.97 0.42 0.00
-5.96 -0.55 -5.86 0.45 0.00
-5.97 -0.51 -5.75 0.47 0.00
-5.97 -0.48 -5.63 0.46 0.00
-5.98 -0.44 -5.55 0.47 0.00
-5.99 -0.41 -5.48 0.45 0.00
-5.98 -0.37 -5.43 0.47 0.00
-5.95 -0.33 -5.41 0.52 0.00
-5.93 -0.29 -5.41 0.57 0.00
-5.92 -0.27 -5.43 0.61 0.00
-5.91 -0.22 -5.38 0.62 0.00
-5.86 -0.20 -5.32 0.64 0.00
-5.85 -0.16 -5.29 0.67 0.00
-5.83 -0.12 -5.24 0.69 0.00
-5.80 -0.09 -5.20 0.71 0.00
-5.79 -0.03 -5.13 0.71 0.00
-5.76 -0.02 -5.01 0.64 0.00
-5.72 0.02 -4.90 0.58 0.00
-5.70 0.04 -4.79 0.47 0.00
-5.68 0.08 -4.74 0.42 0.00
-5.65 0.10 -4.68 0.33 0.00
-5.63 0.14 -4.63 0.27 0.00
-5.59 0.15 -4.59 0.23 0.00
-5.54 0.16 -4.54 0.24 0.00
-5.50 0.16 -4.50 0.26 0.00
-5.43 0.18 -4.44 0.28 0.00
-5.40 0.17 -4.40 0.27 0.00
-5.33 0.18 -4.33 0.21 0.00
-5.28 0.19 -4.28 0.19 0.00
-5.25 0.18 -4.25 0.18 0.00
-5.20 0.20 -4.20 0.16 0.00
-5.14 0.20 -4.15 0.10 0.00
-5.11 0.20 -4.13 0.00 0.00
-5.06 0.20 -4.09 -0.04 0.00
-5.02 0.20 -4.07 -0.10 0.00
-4.99 0.19 -4.05 -0.16 0.00
-4.95 0.19 -4.03 -0.21 0.00
-4.91 0.19 -4.02 -0.27 0.00
-4.86 0.17 -3.97 -0.29 0.00
-4.83 0.14 -3.94 -0.32 0.00
-4.78 0.13 -3.88 -0.31 0.00
-4.75 0.12 -3.85 -0.31 0.00
-4.70 0.07 -3.76 -0.27 0.00
-4.66 0.06 -3.73 -0.29 0.00
-4.62 0.04 -3.66 -0.23 0.00
-4.57 0.03 -3.60 -0.19 0.00
-4.55 0.01 -3.55 -0.11 0.00
-4.48 0.01 -3.49 0.07 0.00
-4.46 -0.02 -3.46 -0.02 0.00
-4.42 -0.02 -3.42 -0.05 0.00
-4.39 -0.02 -3.39 -0.05 0.00
-4.35 -0.02 -3.35 0.01 0.00
-4.30 -0.02 -3.30 -0.08 0.00
-4.27 -0.02 -3.27 -0.03 0.00
-4.22 -0.02 -3.23 -0.13 0.00
-4.18 -0.03 -3.19 -0.18 0.00
-4.13 -0.03 -3.14 -0.12 0.00
-4.10 -0.03 -3.13 -0.26 0.00
-4.06 -0.04 -3.09 -0.28 0.00
-4.02 -0.04 -3.05 -0.29 0.00
-3.98 -0.05 -3.01 -0.31 0.00
-3.94 -0.06 -2.97 -0.32 0.00
-3.90 -0.07 -2.94 -0.34 0.00
-3.86 -0.08 -2.89 -0.33 0.00
-3.82 -0.10 -2.85 -0.32 0.00
-3.78 -0.11 -2.81 -0.34 0.00
-3.75 -0.12 -2.77 -0.35 0.00
-3.71 -0.13 -2.73 -0.36 0.00
-3.67 -0.14 -2.69 -0.36 0.00
-3.63 -0.14 -2.65 -0.36 0.00
-3.59 -0.15 -2.61 -0.37 0.00
-3.55 -0.16 -2.57 -0.36 0.00
-3.51 -0.17 -2.53 -0.37 0.00
-3.47 -0.18 -2.48 -0.33 0.00
-3.43 -0.19 -2.44 -0.36 0.00
-3.39 -0.20 -2.40 -0.34 0.00
-3.35 -0.21 -2.35 -0.31 0.00
-3.30 -0.22 -2.30 -0.23 0.00
-3.27 -0.22 -2.27 -0.24 0.00
-3.23 -0.22 -2.23 -0.24 0.00
-3.19 -0.22 -2.19 -0.27 0.00
-3.15 -0.22 -2.15 -0.26 0.00
-3.11 -0.23 -2.11 -0.27 0.00
-3.07 -0.23 -2.07 -0.29 0.00
-3.03 -0.23 -2.03 -0.28 0.00
-2.99 -0.22 -1.99 -0.32 0.00
-2.95 -0.23 -1.95 -0.33 0.00
-2.91 -0.23 -1.91 -0.33 0.00
-2.87 -0.23 -1.88 -0.35 0.00
-2.83 -0.24 -1.83 -0.33 0.00
-2.79 -0.24 -1.79 -0.32 0.00
-2.75 -0.25 -1.75 -0.27 0.00
-2.70 -0.25 -1.71 -0.33 0.00
-2.67 -0.25 -1.67 -0.20 0.00
-2.63 -0.26 -1.64 -0.13 0.00
-2.59 -0.25 -1.61 -0.07 0.00
-2.55 -0.25 -1.56 -0.11 0.00
-2.51 -0.24 -1.52 -0.09 0.00
-2.47 -0.24 -1.47 -0.16 0.00
-2.43 -0.23 -1.44 -0.16 0.00
-2.39 -0.22 -1.39 -0.17 0.00
-2.35 -0.22 -1.35 -0.20 0.00
-2.31 -0.21 -1.31 -0.22 0.00
-2.27 -0.21 -1.28 -0.23 0.00
-2.23 -0.21 -1.23 -0.19 0.00
-2.20 -0.21 -1.20 -0.20 0.00
-2.16 -0.21 -1.16 -0.19 0.00
-2.12 -0.21 -1.12 -0.16 0.00
-2.08 -0.22 -1.09 -0.12 0.00
-2.04 -0.21 -1.06 -0.04 0.00
-2.01 -0.21 -1.04 0.06 0.00
-1.97 -0.20 -1.00 0.06 0.00
-1.93 -0.19 -0.97 0.08 0.00
-1.89 -0.18 -0.93 0.10 0.00
-1.85 -0.17 -0.90 0.13 0.00
-1.81 -0.16 -0.85 0.13 0.00
-1.78 -0.15 -0.84 0.18 0.00
-1.74 -0.14 -0.79 0.18 0.00
-1.70 -0.13 -0.76 0.20 0.00
-1.67 -0.11 -0.74 0.25 0.00
-1.63 -0.11 -0.69 0.24 0.00
-1.60 -0.10 -0.66 0.26 0.00
-1.57 -0.08 -0.63 0.27 0.00
-1.53 -0.07 -0.62 0.34 0.00
-1.50 -0.05 -0.62 0.43 0.00
-1.46 -0.04 -0.64 0.52 0.00
-1.43 -0.03 -0.62 0.56 0.00
-1.43 -0.03 -0.44 -0.18 1.00
-1.39 -0.04 -0.42 -0.27 0.00
-1.35 -0.04 -0.39 -0.34 0.00
-1.31 -0.05 -0.37 -0.40 0.00
-1.28 -0.06 -0.37 -0.49 0.00
-1.23 -0.06 -0.36 -0.55 0.00
-1.19 -0.07 -0.35 -0.61 0.00
-1.16 -0.08 -0.34 -0.66 0.00
-1.13 -0.10 -0.31 -0.68 0.00
-1.09 -0.12 -0.27 -0.70 0.00
-1.05 -0.15 -0.23 -0.71 0.00
-1.04 -0.18 -0.21 -0.74 0.00
-1.00 -0.19 -0.19 -0.78 0.00
-0.96 -0.21 -0.17 -0.82 0.00
-0.93 -0.24 -0.17 -0.89 0.00
-0.90 -0.26 -0.18 -0.95 0.00
-0.86 -0.28 -0.21 -1.04 0.00
-0.83 -0.31 -0.19 -1.08 0.00
-0.81 -0.33 -0.22 -1.15 0.00
-0.78 -0.37 -0.23 -1.20 0.00
-0.76 -0.40 -0.27 -1.27 0.00
-0.73 -0.43 -0.30 -1.34 0.00
-0.71 -0.46 -0.32 -1.39 0.00
-0.68 -0.48 -0.41 -1.45 0.00
-0.66 -0.50 -0.43 -1.47 0.00
-0.65 -0.51 -0.45 -1.49 0.00
-0.66 -0.58 -0.26 -1.50 0.00
-0.63 -0.63 -0.36 -1.59 0.00
-0.62 -0.67 -0.28 -1.61 0.00
-0.62 -0.68 -0.36 -1.64 0.00
-0.60 -0.73 -0.43 -1.72 0.00
-0.59 -0.75 -0.52 -1.75 0.00
-0.53 -0.93 -0.75 -1.90 0.00
-0.53 -0.93 -1.38 -1.46 1.00
-0.53 -0.93 -1.51 -0.71 1.00
-0.53 -0.93 -1.07 -0.08 1.00
-0.53 -0.93 -0.31 0.05 1.00
-0.53 -0.93 0.31 -0.39 1.00
-0.53 -0.93 0.44 -1.15 1.00
-0.53 -0.93 0.00 -1.77 1.00
-0.53 -0.93 -0.75 -1.90 1.00
-0.53 -0.93 -1.38 -1.46 1.00
-0.53 -0.93 -1.51 -0.71 1.00
-0.53 -0.93 -1.07 -0.08 1.00
-0.53 -0.93 -0.32 0.05 1.00
-0.53 -0.93 0.31 -0.39 1.00
-0.53 -0.93 0.44 -1.15 1.00
-0.53 -0.93 0.00 -1.77 1.00
-0.53 -0.93 -0.75 -1.91 1.00
-0.53 -0.93 -1.38 -1.46 1.00
-0.53 -0.93 -1.51 -0.71 1.00
-0.53 -0.93 -1.07 -0.09 1.00
-0.53 -0.93 -0.31 0.04 1.00
-0.53 -0.93 0.32 -0.40 1.00
-0.53 -0.93 0.44 -1.15 1.00
-0.53 -0.93 0.00 -1.78 1.00
-0.53 -0.93 -0.75 -1.91 1.00
-0.53 -0.93 -1.38 -1.47 1.00
-0.53 -0.93 -1.51 -0.72 1.00
-0.53 -0.93 -1.07 -0.09 1.00
-0.53 -0.93 -0.31 0.05 1.00
-0.53 -0.93 0.31 -0.40 1.00
-0.53 -0.93 0.44 -1.15 1.00
-0.53 -0.93 0.01 -1.77 1.00
-0.53 -0.93 -0.75 -1.91 1.00
-0.53 -0.93 -1.37 -1.47 1.00
-0.53 -0.93 -1.51 -0.71 1.00
-0.53 -0.93 -1.07 -0.09 1.00
-0.53 -0.93 -0.32 0.05 1.00
-0.53 -0.93 0.31 -0.39 1.00
-0.53 -0.93 0.45 -1.14 1.00
-0.53 -0.93 0.01 -1.77 1.00
-0.53 -0.93 -0.74 -1.91 1.00
-0.53 -0.93 -1.37 -1.47 1.00
-0.53 -0.93 -1.51 -0.72 1.00
-0.53 -0.93 -1.07 -0.09 1.00
-0.53 -0.93 -0.32 0.05 1.00
-0.53 -0.93 0.31 -0.39 1.00
-0.53 -0.93 0.45 -1.14 1.00
-0.53 -0.93 0.01 -1.77 1.00
-0.53 -0.93 -0.74 -1.91 1.00
-0.53 -0.93 -1.37 -1.47 1.00
-0.53 -0.93 -1.51 -0.72 1.00
-0.53 -0.93 -1.07 -0.09 1.00
-0.53 -0.93 -0.32 0.05 1.00
-0.53 -0.93 0.31 -0.39 1.00
-0.53 -0.93 0.45 -1.14 1.00
-0.53 -0.93 0.01 -1.77 1.00
-0.53 -0.93 -0.74 -1.91 1.00
-0.53 -0.93 -1.37 -1.47 1.00
-0.53 -0.93 -1.50 -0.71 1.00
-0.53 -0.93 -1.06 -0.09 1.00
-0.53 -0.93 -0.31 0.04 1.00
-0.53 -0.93 0.32 -0.40 1.00
-0.53 -0.93 0.45 -1.15 1.00
-0.53 -0.93 0.01 -1.78 1.00
-0.53 -0.93 -0.74 -1.91 1.00
-0.53 -0.93 -1.37 -1.47 1.00
-0.53 -0.93 -1.50 -0.71 1.00
-0.53 -0.93 -1.06 -0.09 1.00
-0.53 -0.93 -0.30 0.04 1.00
-0.53 -0.93 0.32 -0.40 1.00
-0.53 -0.93 0.45 -1.15 1.00
-0.53 -0.93 0.01 -1.78 1.00
-0.53 -0.93 -0.75 -1.91 1.00
-0.52 -0.93 -1.37 -1.46 1.00
-0.52 -0.93 -1.50 -0.71 1.00
-0.52 -0.93 -1.05 -0.08 1.00
-0.52 -0.93 -0.30 0.04 1.00
-0.52 -0.93 0.33 -0.41 1.00
-0.52 -0.93 0.45 -1.16 1.00
-0.52 -0.93 0.00 -1.78 1.00
-0.52 -0.93 -0.75 -1.91 1.00
-0.52 -0.93 -1.37 -1.46 1.00
-0.52 -0.93 -1.50 -0.71 1.00
-0.52 -0.93 -1.05 -0.08 1.00
-0.52 -0.93 -0.29 0.04 1.00
-0.52 -0.93 0.33 -0.41 1.00
-0.52 -0.93 0.45 -1.16 1.00
-0.52 -0.93 0.01 -1.78 1.00
-0.52 -0.93 -0.75 -1.91 1.00
-0.52 -0.93 -1.37 -1.46 1.00
-0.52 -0.93 -1.50 -0.71 1.00
-0.52 -0.93 -1.05 -0.08 1.00
-0.52 -0.93 -0.29 0.04 1.00
-0.52 -0.93 0.33 -0.41 1.00
-0.52 -0.93 0.45 -1.16 1.00
-0.52 -0.93 0.00 -1.79 1.00
-0.52 -0.93 -0.75 -1.91 1.00
-0.52 -0.93 -1.37 -1.46 1.00
-0.52 -0.93 -1.49 -0.70 1.00
-0.52 -0.93 -1.04 -0.08 1.00
-0.52 -0.93 -0.28 0.04 1.00
-0.52 -0.93 0.33 -0.41 1.00
-0.52 -0.93 0.45 -1.17 1.00
-0.52 -0.93 0.00 -1.79 1.00
-0.52 -0.93 -0.75 -1.91 1.00
-0.52 -0.93 -1.37 -1.46 1.00
-0.52 -0.93 -1.49 -0.70 1.00
-0.52 -0.93 -1.04 -0.08 1.00
-0.52 -0.93 -0.28 0.04 1.00
-0.52 -0.93 0.34 -0.41 1.00
-0.52 -0.93 0.45 -1.17 1.00
-0.52 -0.93 0.00 -1.79 1.00
-0.52 -0.93 -0.76 -1.90 1.00
-0.52 -0.93 -1.38 -1.45 1.00
-0.52 -0.93 -1.49 -0.69 1.00
-0.52 -0.93 -1.03 -0.08 1.00
-0.52 -0.93 -0.27 0.03 1.00
-0.52 -0.93 0.34 -0.42 1.00
-0.52 -0.93 0.45 -1.18 1.00
-0.52 -0.93 -0.01 -1.79 1.00
-0.52 -0.93 -0.76 -1.90 1.00
-0.52 -0.93 -1.37 -1.45 1.00
-0.52 -0.93 -1.49 -0.69 1.00
-0.52 -0.93 -1.03 -0.08 1.00
-0.52 -0.94 -0.27 0.03 1.00
-0.52 -0.94 0.35 -0.43 1.00
-0.52 -0.94 0.45 -1.18 1.00
-0.52 -0.94 -0.01 -1.80 1.00
-0.52 -0.94 -0.77 -1.90 1.00
-0.52 -0.94 -1.38 -1.44 1.00
-0.51 -0.94 -1.48 -0.68 1.00
-0.51 -0.94 -1.02 -0.07 1.00
-0.51 -0.94 -0.26 0.03 1.00
-0.51 -0.94 0.35 -0.43 1.00
-0.51 -0.94 0.45 -1.19 1.00
-0.51 -0.94 -0.01 -1.80 1.00
-0.51 -0.94 -0.76 -1.90 1.00
-0.51 -0.94 -1.38 -1.44 1.00
-0.51 -0.94 -1.48 -0.68 1.00
-0.51 -0.94 -1.01 -0.07 1.00
-0.51 -0.94 -0.26 0.03 1.00
-0.51 -0.94 0.35 -0.43 1.00
-0.51 -0.94 0.45 -1.19 1.00
-0.51 -0.94 -0.01 -1.80 1.00
-0.51 -0.94 -0.77 -1.90 1.00
-0.51 -0.94 -1.38 -1.43 1.00
-0.51 -0.94 -1.48 -0.67 1.00
-0.51 -0.94 -1.01 -0.07 1.00
-0.51 -0.94 -0.25 0.03 1.00
-0.51 -0.94 0.36 -0.44 1.00
-0.51 -0.94 0.45 -1.20 1.00
-0.51 -0.94 -0.01 -1.80 1.00
-0.51 -0.94 -0.78 -1.90 1.00
-0.51 -0.94 -1.38 -1.43 1.00
-0.51 -0.94 -1.48 -0.67 1.00
-0.51 -0.94 -1.01 -0.07 1.00
-0.51 -0.94 -0.24 0.03 1.00
-0.51 -0.94 0.36 -0.44 1.00
-0.51 -0.94 0.46 -1.20 1.00
-0.51 -0.94 -0.01 -1.80 1.00
-0.51 -0.94 -0.77 -1.90 1.00
-0.51 -0.94 -1.38 -1.44 1.00
-0.51 -0.94 -1.48 -0.68 1.00
-0.51 -0.94 -1.01 -0.07 1.00
-0.51 -0.94 -0.25 0.03 1.00
-0.51 -0.94 0.36 -0.44 1.00
-0.51 -0.94 0.46 -1.20 1.00
-0.51 -0.94 -0.00 -1.80 1.00
-0.51 -0.94 -0.76 -1.90 1.00
-0.51 -0.94 -1.37 -1.44 1.00
-0.51 -0.94 -1.47 -0.68 1.00
-0.51 -0.94 -1.01 -0.07 1.00
-0.51 -0.94 -0.25 0.03 1.00
-0.51 -0.94 0.36 -0.44 1.00
-0.51 -0.94 0.46 -1.19 1.00
-0.51 -0.94 -0.00 -1.80 1.00
-0.51 -0.94 -0.76 -1.91 1.00
-0.51 -0.94 -1.37 -1.44 1.00
-0.51 -0.94 -1.47 -0.68 1.00
-0.51 -0.94 -1.01 -0.07 1.00
-0.51 -0.94 -0.25 0.03 1.00
-0.51 -0.94 0.36 -0.44 1.00
-0.51 -0.94 0.46 -1.20 1.00
-0.51 -0.94 -0.00 -1.80 1.00
-0.51 -0.94 -0.76 -1.91 1.00
-0.51 -0.94 -1.37 -1.45 1.00
-0.51 -0.94 -1.47 -0.68 1.00
-0.51 -0.94 -1.01 -0.07 1.00
-0.51 -0.94 -0.25 0.03 1.00
-0.51 -0.94 0.36 -0.44 1.00
-0.51 -0.94 0.46 -1.20 1.00
-0.51 -0.94 -0.01 -1.81 1.00
-0.51 -0.94 -0.77 -1.90 1.00
-0.51 -0.94 -1.37 -1.44 1.00
-0.51 -0.94 -1.47 -0.68 1.00
-0.51 -0.94 -1.01 -0.07 1.00
-0.51 -0.94 -0.25 0.03 1.00
-0.51 -0.94 0.36 -0.44 1.00
-0.51 -0.94 0.46 -1.20 1.00
-0.51 -0.94 -0.01 -1.81 1.00
-0.51 -0.94 -0.77 -1.90 1.00
-0.51 -0.94 -1.38 -1.43 1.00
-0.51 -0.94 -1.47 -0.67 1.00
-0.51 -0.94 -1.00 -0.07 1.00
-0.51 -0.94 -0.24 0.02 1.00
-0.51 -0.94 0.36 -0.45 1.00
-0.51 -0.94 0.46 -1.21 1.00
-0.51 -0.94 -0.01 -1.81 1.00
-0.51 -0.94 -0.77 -1.90 1.00
-0.51 -0.94 -1.38 -1.43 1.00
-0.51 -0.94 -1.47 -0.67 1.00
-0.51 -0.94 -1.00 -0.07 1.00
-0.51 -0.94 -0.24 0.02 1.00
-0.51 -0.94 0.37 -0.45 1.00
-0.51 -0.94 0.46 -1.21 1.00
-0.51 -0.94 -0.02 -1.81 1.00
-0.51 -0.94 -0.78 -1.90 1.00
-0.51 -0.94 -1.38 -1.43 1.00
-0.51 -0.94 -1.47 -0.67 1.00
-0.51 -0.94 -0.99 -0.07 1.00
-0.51 -0.94 -0.24 0.02 1.00
-0.51 -0.94 0.37 -0.45 1.00
-0.50 -0.94 0.46 -1.21 1.00
-0.51 -0.94 -0.01 -1.81 1.00
-0.51 -0.94 -0.77 -1.90 1.00
-0.51 -0.94 -1.38 -1.43 1.00
-0.50 -0.94 -1.47 -0.67 1.00
-0.50 -0.94 -1.00 -0.07 1.00
-0.50 -0.94 -0.24 0.03 1.00
-0.50 -0.94 0.36 -0.45 1.00
-0.50 -0.94 0.46 -1.20 1.00
-0.50 -0.94 -0.01 -1.81 1.00
-0.50 -0.94 -0.77 -1.90 1.00
-0.50 -0.94 -1.37 -1.44 1.00
-0.50 -0.94 -1.47 -0.68 1.00
-0.50 -0.94 -1.00 -0.07 1.00
-0.50 -0.94 -0.24 0.02 1.00
-0.50 -0.94 0.36 -0.44 1.00
-0.48 -0.94 0.37 -0.41 0.00
-0.46 -0.94 0.33 -0.34 0.00
-0.38 -0.89 0.34 -0.20 0.00
-0.34 -0.88 0.46 -0.28 0.00
-0.33 -0.83 0.43 -0.18 0.00
-0.29 -0.83 0.43 -0.14 0.00
-0.28 -0.80 0.28 0.03 0.00
-0.27 -0.79 0.42 -0.06 0.00
-0.20 -0.72 0.49 0.00 0.00
-0.16 -0.69 0.58 -0.02 0.00
-0.15 -0.69 0.52 0.05 0.00
-0.13 -0.67 0.45 0.14 0.00
-0.10 -0.65 0.38 0.22 0.00
-0.07 -0.63 0.30 0.30 0.00
-0.05 -0.60 0.21 0.37 0.00
-0.02 -0.57 0.11 0.42 0.00
-0.01 -0.53 0.12 0.46 0.00
-0.01 -0.50 0.02 0.50 0.00
-0.00 -0.46 -0.08 0.54 0.00
0.00 -0.41 -0.21 0.56 0.00
0.01 -0.37 -0.32 0.57 0.00
0.01 -0.34 -0.41 0.57 0.00
0.02 -0.30 -0.52 0.55 0.00
0.02 -0.26 -0.55 0.56 0.00
-0.00 -0.22 -0.59 0.58 0.00
-0.03 -0.19 -0.62 0.62 0.00
-0.05 -0.15 -0.64 0.66 0.00
-0.09 -0.11 -0.71 0.67 0.00
-0.11 -0.08 -0.82 0.63 0.00
-0.13 -0.04 -0.90 0.60 0.00
-0.16 -0.00 -0.99 0.56 0.00
-0.19 0.03 -1.07 0.51 0.00
-0.23 0.06 -1.10 0.55 0.00
-0.28 0.08 -1.18 0.52 0.00
-0.31 0.10 -1.22 0.52 0.00
-0.35 0.12 -1.29 0.48 0.00
-0.39 0.15 -1.35 0.44 0.00
-0.40 0.19 -1.40 0.23 0.00
-0.51 0.20 -1.51 0.26 0.00
-0.52 0.22 -1.52 0.20 0.00
-0.57 0.24 -1.56 0.19 0.00
-0.61 0.25 -1.61 0.20 0.00
-0.65 0.24 -1.64 0.11 0.00
-0.70 0.24 -1.68 0.06 0.00
-0.72 0.23 -1.72 0.15 0.00
-0.76 0.23 -1.75 0.09 0.00
