-6.09 0.51 -6.72 -0.27 0.00
-6.11 0.48 -6.72 -0.32 0.00
-6.14 0.45 -6.68 -0.40 0.00
-6.17 0.42 -6.66 -0.45 0.00
-6.19 0.38 -6.57 -0.55 0.00
-6.22 0.36 -6.59 -0.57 0.00
-6.24 0.32 -6.48 -0.65 0.00
-6.28 0.29 -6.39 -0.70 0.00
-6.28 0.26 -6.37 -0.74 0.00
-6.29 0.22 -6.40 -0.77 0.00
-6.29 0.19 -6.39 -0.80 0.00
-6.29 0.15 -6.38 -0.85 0.00
-6.30 0.12 -6.34 -0.88 0.00
-6.30 0.08 -6.32 -0.92 0.00
-6.31 0.05 -6.29 -0.95 0.00
-6.31 0.02 -6.24 -0.98 0.00
-6.31 -0.02 -6.22 -1.02 0.00
-6.31 -0.06 -6.24 -1.05 0.00
-6.31 -0.10 -6.17 -1.09 0.00
-6.31 -0.14 -6.09 -1.11 0.00
-6.30 -0.18 -5.99 -1.13 0.00
-6.30 -0.22 -5.91 -1.14 0.00
-6.29 -0.25 -5.81 -1.13 0.00
-6.30 -0.30 -5.68 -1.08 0.00
-6.29 -0.33 -5.65 -1.10 0.00
-6.27 -0.36 -5.60 -1.10 0.00
-6.26 -0.40 -5.53 -1.08 0.00
-6.23 -0.41 -5.54 -1.13 0.00
-6.21 -0.43 -5.49 -1.13 0.00
-6.18 -0.46 -5.42 -1.10 0.00
-6.17 -0.49 -5.38 -1.10 0.00
-6.14 -0.51 -5.29 -1.04 0.00
-6.12 -0.54 -5.23 -1.01 0.00
-6.07 -0.55 -5.19 -1.02 0.00
-6.05 -0.58 -5.14 -0.99 0.00
-5.99 -0.59 -5.05 -0.92 0.00
-5.96 -0.59 -4.98 -0.80 0.00
-5.91 -0.65 -4.95 -0.92 0.00
-5.83 -0.68 -4.88 -0.97 0.00
-5.82 -0.70 -4.84 -0.87 0.00
-5.79 -0.70 -4.80 -0.81 0.00
-5.74 -0.70 -4.75 -0.81 0.00
-5.70 -0.70 -4.71 -0.67 0.00
-5.67 -0.71 -4.67 -0.80 0.00
-5.60 -0.72 -4.61 -0.79 0.00
-5.59 -0.70 -4.59 -0.73 0.00
-5.54 -0.72 -4.55 -0.85 0.00
-5.50 -0.71 -4.50 -0.71 0.00
-5.47 -0.71 -4.47 -0.59 0.00
-5.42 -0.70 -4.42 -0.67 0.00
-5.38 -0.69 -4.39 -0.60 0.00
-5.35 -0.71 -4.37 -0.50 0.00
-5.31 -0.68 -4.32 -0.52 0.00
-5.26 -0.69 -4.31 -0.36 0.00
-5.24 -0.68 -4.34 -0.25 0.00
-5.16 -0.68 -4.19 -0.42 0.00
-5.14 -0.64 -4.14 -0.57 0.00
-5.09 -0.60 -4.13 -0.31 0.00
-5.04 -0.59 -4.05 -0.46 0.00
-5.02 -0.59 -4.02 -0.53 0.00
-4.98 -0.58 -3.98 -0.53 0.00
-4.94 -0.58 -3.94 -0.53 0.00
-4.90 -0.57 -3.91 -0.61 0.00
-4.86 -0.57 -3.86 -0.58 0.00
-4.82 -0.56 -3.82 -0.63 0.00
-4.77 -0.56 -3.78 -0.63 0.00
-4.74 -0.56 -3.74 -0.66 0.00
-4.69 -0.56 -3.70 -0.69 0.00
-4.65 -0.56 -3.66 -0.63 0.00
-4.62 -0.57 -3.63 -0.70 0.00
-4.58 -0.57 -3.58 -0.66 0.00
-4.54 -0.58 -3.55 -0.64 0.00
-4.46 -0.59 -3.47 -0.73 0.00
-4.43 -0.59 -3.46 -0.84 0.00
-4.41 -0.61 -3.42 -0.77 0.00
-4.36 -0.61 -3.37 -0.64 0.00
-4.35 -0.63 -3.35 -0.66 0.00
-4.30 -0.63 -3.30 -0.62 0.00
-4.25 -0.64 -3.25 -0.55 0.00
-4.23 -0.61 -3.23 -0.56 0.00
-4.17 -0.63 -3.17 -0.58 0.00
-4.12 -0.65 -3.13 -0.55 0.00
-4.08 -0.65 -3.09 -0.54 0.00
-4.04 -0.64 -3.06 -0.46 0.00
-4.01 -0.66 -3.05 -0.40 0.00
-3.96 -0.64 -3.00 -0.36 0.00
-3.92 -0.62 -2.97 -0.32 0.00
-3.88 -0.62 -2.90 -0.41 0.00
-3.85 -0.62 -2.89 -0.32 0.00
-3.80 -0.59 -2.84 -0.31 0.00
-3.75 -0.55 -2.76 -0.44 0.00
-3.72 -0.59 -2.72 -0.57 0.00
-3.67 -0.54 -2.68 -0.47 0.00
-3.64 -0.56 -2.65 -0.50 0.00
-3.58 -0.51 -2.59 -0.60 0.00
-3.54 -0.45 -2.54 -0.49 0.00
-3.48 -0.48 -2.58 -0.90 0.00
-3.41 -0.46 -2.51 -0.88 0.00
-3.39 -0.49 -2.48 -0.91 0.00
-3.34 -0.50 -2.34 -0.48 0.00
-3.28 -0.53 -2.34 -0.88 0.00
-3.25 -0.55 -2.25 -0.53 0.00
-3.24 -0.57 -2.24 -0.51 0.00
-3.17 -0.59 -2.17 -0.63 0.00
-3.15 -0.58 -2.16 -0.74 0.00
-3.07 -0.58 -2.08 -0.73 0.00
-3.05 -0.58 -2.05 -0.62 0.00
-3.02 -0.58 -2.02 -0.60 0.00
-2.98 -0.58 -1.98 -0.58 0.00
-2.98 -0.57 -2.02 -0.32 0.00
-2.93 -0.57 -1.95 -0.38 0.00
-2.85 -0.56 -1.85 -0.62 0.00
-2.84 -0.56 -1.85 -0.42 0.00
-2.79 -0.56 -1.80 -0.42 0.00
-2.76 -0.56 -1.78 -0.36 0.00
-2.72 -0.55 -1.75 -0.29 0.00
-2.68 -0.54 -1.71 -0.33 0.00
-2.64 -0.54 -1.66 -0.34 0.00
-2.60 -0.53 -1.63 -0.32 0.00
-2.57 -0.52 -1.59 -0.30 0.00
-2.52 -0.51 -1.54 -0.36 0.00
-2.48 -0.50 -1.50 -0.33 0.00
-2.45 -0.50 -1.46 -0.35 0.00
-2.40 -0.49 -1.41 -0.35 0.00
-2.37 -0.48 -1.38 -0.35 0.00
-2.33 -0.48 -1.34 -0.35 0.00
-2.29 -0.47 -1.30 -0.34 0.00
-2.25 -0.46 -1.26 -0.34 0.00
-2.21 -0.46 -1.22 -0.33 0.00
-2.17 -0.45 -1.18 -0.33 0.00
-2.13 -0.45 -1.14 -0.31 0.00
-2.09 -0.44 -1.10 -0.32 0.00
-2.05 -0.44 -1.05 -0.36 0.00
-2.01 -0.43 -1.02 -0.35 0.00
-1.97 -0.43 -0.97 -0.37 0.00
-1.93 -0.42 -0.94 -0.31 0.00
-1.89 -0.42 -0.90 -0.31 0.00
-1.85 -0.42 -0.86 -0.30 0.00
-1.82 -0.41 -0.82 -0.33 0.00
-1.77 -0.41 -0.78 -0.30 0.00
-1.74 -0.40 -0.74 -0.31 0.00
-1.69 -0.40 -0.70 -0.28 0.00
-1.65 -0.39 -0.66 -0.29 0.00
-1.61 -0.39 -0.62 -0.29 0.00
-1.58 -0.38 -0.58 -0.29 0.00
-1.53 -0.38 -0.55 -0.22 0.00
-1.49 -0.38 -0.50 -0.23 0.00
-1.45 -0.38 -0.46 -0.23 0.00
-1.42 -0.37 -0.43 -0.24 0.00
-1.38 -0.37 -0.39 -0.19 0.00
-1.34 -0.36 -0.34 -0.25 0.00
-1.30 -0.36 -0.31 -0.24 0.00
-1.26 -0.35 -0.27 -0.23 0.00
-1.22 -0.35 -0.22 -0.25 0.00
-1.18 -0.34 -0.19 -0.24 0.00
-1.14 -0.34 -0.14 -0.26 0.00
-1.10 -0.33 -0.10 -0.24 0.00
-1.06 -0.33 -0.06 -0.25 0.00
-1.02 -0.32 -0.02 -0.21 0.00
-0.98 -0.32 0.02 -0.25 0.00
-0.94 -0.32 0.06 -0.24 0.00
-0.90 -0.31 0.10 -0.29 0.00
-0.86 -0.30 0.13 -0.38 0.00
-0.82 -0.29 0.18 -0.38 0.00
-0.78 -0.29 0.21 -0.40 0.00
-0.75 -0.29 0.25 -0.36 0.00
-0.70 -0.30 0.30 -0.37 0.00
-0.66 -0.30 0.33 -0.43 0.00
-0.62 -0.31 0.37 -0.43 0.00
-0.58 -0.31 0.41 -0.45 0.00
-0.54 -0.32 0.45 -0.46 0.00
-0.50 -0.32 0.49 -0.45 0.00
-0.46 -0.33 0.53 -0.43 0.00
-0.42 -0.33 0.57 -0.43 0.00
-0.38 -0.34 0.61 -0.42 0.00
-0.35 -0.35 0.65 -0.36 0.00
-0.30 -0.35 0.70 -0.37 0.00
-0.26 -0.35 0.73 -0.50 0.00
-0.22 -0.35 0.76 -0.57 0.00
-0.18 -0.35 0.78 -0.65 0.00
-0.13 -0.35 0.80 -0.71 0.00
-0.09 -0.35 0.81 -0.78 0.00
-0.05 -0.35 0.82 -0.84 0.00
-0.02 -0.37 0.86 -0.85 0.00
0.02 -0.39 0.90 -0.87 0.00
0.06 -0.41 0.94 -0.89 0.00
0.10 -0.43 0.99 -0.89 0.00
0.13 -0.46 1.05 -0.86 0.00
0.17 -0.48 1.10 -0.84 0.00
0.21 -0.50 1.15 -0.82 0.00
0.24 -0.52 1.21 -0.78 0.00
0.28 -0.54 1.26 -0.75 0.00
0.33 -0.55 1.31 -0.76 0.00
0.37 -0.56 1.31 -0.89 0.00
0.40 -0.56 1.33 -0.92 0.00
0.44 -0.57 1.34 -1.01 0.00
0.48 -0.58 1.35 -1.08 0.00
0.52 -0.58 1.36 -1.13 0.00
0.56 -0.60 1.38 -1.17 0.00
0.59 -0.62 1.40 -1.21 0.00
0.62 -0.65 1.44 -1.23 0.00
0.66 -0.67 1.51 -1.20 0.00
0.69 -0.69 1.56 -1.18 0.00
0.72 -0.71 1.63 -1.13 0.00
0.75 -0.74 1.69 -1.08 0.00
0.79 -0.76 1.75 -1.03 0.00
0.82 -0.78 1.80 -0.98 0.00
0.86 -0.80 1.85 -0.94 0.00
0.89 -0.82 1.89 -0.90 0.00
0.93 -0.82 1.93 -0.85 0.00
0.96 -0.82 1.96 -0.81 0.00
1.01 -0.83 2.01 -0.80 0.00
1.04 -0.83 2.04 -0.86 0.00
1.09 -0.84 2.09 -0.77 0.00
1.13 -0.84 2.13 -0.77 0.00
1.16 -0.84 2.16 -0.78 0.00
1.20 -0.83 2.20 -0.76 0.00
1.24 -0.83 2.24 -0.73 0.00
1.28 -0.83 2.27 -0.69 0.00
1.32 -0.83 2.29 -0.60 0.00
1.35 -0.82 2.29 -0.49 0.00
1.40 -0.82 2.31 -0.42 0.00
1.43 -0.81 2.29 -0.30 0.00
1.47 -0.81 2.28 -0.22 0.00
1.51 -0.79 2.32 -0.20 0.00
1.55 -0.77 2.36 -0.18 0.00
1.57 -0.75 2.40 -0.20 0.00
1.61 -0.72 2.45 -0.18 0.00
1.63 -0.70 2.44 -0.11 0.00
1.67 -0.68 2.44 -0.04 0.00
1.71 -0.66 2.38 0.08 0.00
1.73 -0.64 2.40 0.10 0.00
1.76 -0.62 2.38 0.17 0.00
1.78 -0.60 2.34 0.23 0.00
1.81 -0.57 2.31 0.30 0.00
1.84 -0.55 2.30 0.34 0.00
1.86 -0.52 2.27 0.39 0.00
1.88 -0.49 2.25 0.44 0.00
1.90 -0.46 2.25 0.47 0.00
1.91 -0.43 2.18 0.53 0.00
1.93 -0.40 2.11 0.59 0.00
1.93 -0.36 1.94 0.64 0.00
1.94 -0.32 1.79 0.67 0.00
1.95 -0.28 1.64 0.67 0.00
1.95 -0.24 1.52 0.67 0.00
1.96 -0.20 1.42 0.64 0.00
1.97 -0.16 1.34 0.62 0.00
1.97 -0.12 1.27 0.59 0.00
1.94 -0.08 1.24 0.64 0.00
1.90 -0.05 1.20 0.67 0.00
1.87 -0.01 1.17 0.70 0.00
1.83 0.02 1.08 0.69 0.00
1.79 0.06 0.99 0.65 0.00
1.77 0.07 0.98 0.67 0.00
1.74 0.12 0.86 0.61 0.00
1.66 0.15 0.83 0.70 0.00
1.64 0.21 0.66 0.43 0.00
1.64 0.19 0.70 0.51 0.00
1.56 0.20 0.57 0.36 0.00
1.51 0.23 0.51 0.14 0.00
1.47 0.23 0.48 0.10 0.00
1.45 0.24 0.47 0.03 0.00
1.39 0.24 0.42 0.00 0.00
1.37 0.26 0.43 -0.07 0.00
1.31 0.25 0.40 -0.16 0.00
1.26 0.23 0.39 -0.26 0.00
1.24 0.22 0.33 -0.19 0.00
1.20 0.21 0.29 -0.21 0.00
1.13 0.19 0.23 -0.26 0.00
1.11 0.19 0.30 -0.39 0.00
1.10 0.20 0.24 -0.32 0.00
1.05 0.19 0.26 -0.43 0.00
1.00 0.17 0.18 -0.40 0.00
0.95 0.12 0.19 -0.52 0.00
0.91 0.13 0.27 -0.63 0.00
0.86 0.06 0.15 -0.65 0.00
0.81 0.00 0.17 -0.77 0.00
0.78 -0.01 0.02 -0.66 0.00
0.74 -0.01 -0.01 -0.67 0.00
0.70 -0.05 -0.08 -0.68 0.00
0.66 -0.09 -0.12 -0.72 0.00
0.61 -0.12 -0.19 -0.73 0.00
0.57 -0.16 -0.24 -0.75 0.00
0.53 -0.20 -0.28 -0.78 0.00
0.48 -0.23 -0.34 -0.80 0.00
0.44 -0.26 -0.39 -0.82 0.00
0.40 -0.29 -0.42 -0.86 0.00
0.36 -0.32 -0.47 -0.88 0.00
0.32 -0.35 -0.54 -0.85 0.00
0.28 -0.39 -0.66 -0.71 0.00
0.24 -0.42 -0.73 -0.63 0.00
0.21 -0.47 -0.79 -0.52 0.00
0.17 -0.47 -0.83 -0.54 0.00
0.13 -0.47 -0.86 -0.56 0.00
0.09 -0.47 -0.90 -0.55 0.00
0.05 -0.48 -0.95 -0.53 0.00
0.02 -0.48 -0.98 -0.56 0.00
-0.02 -0.48 -1.02 -0.57 0.00
-0.06 -0.48 -1.06 -0.59 0.00
-0.10 -0.48 -1.09 -0.61 0.00
-0.14 -0.49 -1.13 -0.63 0.00
-0.17 -0.49 -1.16 -0.66 0.00
-0.22 -0.49 -1.21 -0.61 0.00
-0.25 -0.49 -1.24 -0.63 0.00
-0.29 -0.51 -1.29 -0.63 0.00
-0.33 -0.52 -1.33 -0.64 0.00
-0.37 -0.52 -1.37 -0.63 0.00
-0.41 -0.52 -1.40 -0.64 0.00
-0.42 -0.51 -1.42 -0.45 0.00
-0.47 -0.51 -1.47 -0.46 0.00
-0.64 -0.50 -1.48 -1.05 0.00
-0.56 -0.50 -1.55 -0.45 0.00
-0.64 -0.51 -1.63 -0.67 0.00
-0.68 -0.50 -1.67 -0.69 0.00
-0.65 -0.51 -1.60 -0.22 0.00
-0.74 -0.52 -1.74 -0.49 0.00
-0.81 -0.56 -1.80 -0.65 0.00
-0.83 -0.56 -1.83 -0.59 0.00
-0.87 -0.56 -1.87 -0.58 0.00
-0.91 -0.57 -1.91 -0.51 0.00
-0.95 -0.57 -1.94 -0.43 0.00
-0.99 -0.56 -1.98 -0.42 0.00
-1.03 -0.55 -2.02 -0.41 0.00
-1.07 -0.55 -2.06 -0.46 0.00
-1.11 -0.54 -2.10 -0.46 0.00
-1.14 -0.53 -2.12 -0.34 0.00
-1.19 -0.53 -2.19 -0.45 0.00
-1.22 -0.52 -2.21 -0.42 0.00
-1.26 -0.52 -2.26 -0.50 0.00
-1.30 -0.52 -2.30 -0.49 0.00
-1.35 -0.51 -2.35 -0.56 0.00
-1.39 -0.51 -2.38 -0.63 0.00
-1.42 -0.51 -2.41 -0.66 0.00
-1.46 -0.51 -2.44 -0.70 0.00
-1.50 -0.51 -2.47 -0.75 0.00
-1.53 -0.52 -2.49 -0.81 0.00
-1.57 -0.52 -2.49 -0.91 0.00
-1.61 -0.55 -2.57 -0.81 0.00
-1.63 -0.58 -2.62 -0.69 0.00
-1.66 -0.56 -2.65 -0.69 0.00
-1.71 -0.55 -2.69 -0.77 0.00
-1.76 -0.56 -2.72 -0.85 0.00
-1.79 -0.59 -2.76 -0.82 0.00
-1.73 -0.56 -2.59 -0.06 0.00
-1.96 -0.55 -2.60 -1.32 0.00
-1.95 -0.56 -2.76 -1.15 0.00
-1.92 -0.62 -2.87 -0.93 0.00
-1.95 -0.66 -2.91 -0.93 0.00
-1.99 -0.67 -2.90 -1.08 0.00
-2.03 -0.67 -2.94 -1.08 0.00
-2.07 -0.68 -2.96 -1.14 0.00
-2.10 -0.73 -2.97 -1.22 0.00
-2.14 -0.74 -2.99 -1.27 0.00
-2.15 -0.73 -3.13 -0.54 1.00
-2.16 -0.76 -3.10 -0.43 0.00
-2.22 -0.78 -3.06 -0.24 0.00
-2.27 -0.74 -3.08 -0.16 0.00
-2.30 -0.72 -3.23 -0.33 0.00
-2.34 -0.71 -3.25 -0.31 0.00
-2.37 -0.66 -3.33 -0.37 0.00
-2.43 -0.62 -3.42 -0.51 0.00
-2.46 -0.62 -3.42 -0.36 0.00
-2.45 -0.59 -3.31 -0.08 0.00
-2.50 -0.59 -3.39 -0.14 0.00
-2.52 -0.59 -3.38 -0.07 0.00
-2.57 -0.56 -3.43 -0.05 0.00
-2.59 -0.55 -3.41 0.01 0.00
-2.62 -0.55 -3.49 -0.06 0.00
-2.65 -0.54 -3.54 -0.07 0.00
-2.67 -0.52 -3.55 -0.04 0.00
-2.71 -0.50 -3.58 -0.01 0.00
-2.74 -0.48 -3.61 0.02 0.00
-2.78 -0.46 -3.63 0.06 0.00
-2.81 -0.44 -3.61 0.16 0.00
-2.84 -0.42 -3.62 0.21 0.00
-2.88 -0.41 -3.58 0.30 0.00
-2.91 -0.39 -3.60 0.33 0.00
-2.94 -0.37 -3.60 0.38 0.00
-2.96 -0.35 -3.60 0.42 0.00
-2.98 -0.33 -3.62 0.44 0.00
-3.00 -0.30 -3.66 0.46 0.00
-3.02 -0.28 -3.69 0.47 0.00
-3.04 -0.26 -3.68 0.51 0.00
-3.06 -0.23 -3.72 0.52 0.00
-3.08 -0.21 -3.75 0.53 0.00
-3.10 -0.19 -3.79 0.54 0.00
-3.12 -0.15 -3.84 0.55 0.00
-3.15 -0.12 -3.89 0.56 0.00
-3.17 -0.09 -3.90 0.60 0.00
-3.20 -0.06 -3.89 0.67 0.00
-3.23 -0.04 -3.91 0.70 0.00
-3.26 -0.01 -3.87 0.78 0.00
-3.28 0.01 -3.85 0.84 0.00
-3.31 0.04 -3.83 0.89 0.00
-3.33 0.05 -3.77 0.95 0.00
-3.35 0.07 -3.70 1.01 0.00
-3.38 0.07 -3.71 1.02 0.00
-3.38 0.14 -3.84 1.03 0.00
-3.39 0.16 -3.91 1.02 0.00
-3.40 0.20 -3.93 1.05 0.00
-3.42 0.21 -3.88 1.09 0.00
-3.42 0.23 -3.96 1.07 0.00
-3.42 0.22 -3.22 1.20 1.00
-3.42 0.22 -2.59 0.77 1.00
-3.43 0.22 -2.46 -0.03 1.00
-3.40 0.21 -2.46 -0.14 0.00
-3.35 0.20 -2.40 -0.12 0.00
-3.32 0.22 -2.45 -0.27 0.00
-3.26 0.20 -2.31 -0.11 0.00
-3.21 0.18 -2.23 -0.02 0.00
-3.13 0.12 -2.14 0.26 0.00
-3.14 0.08 -2.16 -0.14 0.00
-3.03 0.09 -2.04 0.23 0.00
-3.07 0.06 -2.07 0.05 0.00
-2.98 0.07 -1.98 0.11 0.00
-2.95 0.06 -1.95 0.04 0.00
-2.90 0.06 -1.90 0.11 0.00
-2.87 0.06 -1.87 0.01 0.00
-2.84 0.06 -1.84 -0.03 0.00
-2.79 0.06 -1.81 -0.09 0.00
-2.76 0.06 -1.78 -0.13 0.00
-2.72 0.04 -1.74 -0.13 0.00
-2.66 0.03 -1.66 0.03 0.00
-2.63 0.03 -1.64 -0.10 0.00
-2.60 0.02 -1.62 -0.17 0.00
-2.57 0.02 -1.58 -0.12 0.00
-2.52 0.01 -1.55 -0.23 0.00
-2.48 0.00 -1.51 -0.26 0.00
-2.44 -0.00 -1.49 -0.30 0.00
-2.40 -0.01 -1.44 -0.32 0.00
-2.35 -0.02 -1.41 -0.34 0.00
-2.31 -0.03 -1.37 -0.35 0.00
-2.27 -0.04 -1.32 -0.35 0.00
-2.23 -0.06 -1.26 -0.30 0.00
-2.19 -0.07 -1.23 -0.32 0.00
-2.15 -0.09 -1.18 -0.30 0.00
-2.11 -0.10 -1.13 -0.28 0.00
-2.08 -0.12 -1.08 -0.24 0.00
-2.04 -0.13 -1.04 -0.23 0.00
-2.00 -0.13 -1.00 -0.26 0.00
-1.96 -0.14 -0.96 -0.26 0.00
-1.92 -0.14 -0.93 -0.27 0.00
-1.89 -0.15 -0.90 -0.31 0.00
-1.84 -0.15 -0.85 -0.29 0.00
-1.80 -0.15 -0.81 -0.29 0.00
-1.76 -0.16 -0.76 -0.24 0.00
-1.72 -0.17 -0.72 -0.23 0.00
-1.68 -0.17 -0.68 -0.16 0.00
-1.64 -0.18 -0.64 -0.18 0.00
-1.60 -0.18 -0.60 -0.19 0.00
-1.56 -0.18 -0.56 -0.21 0.00
-1.52 -0.18 -0.52 -0.21 0.00
-1.48 -0.18 -0.48 -0.22 0.00
-1.43 -0.19 -0.43 -0.16 0.00
-1.40 -0.19 -0.40 -0.20 0.00
-1.36 -0.19 -0.36 -0.19 0.00
-1.32 -0.19 -0.32 -0.19 0.00
-1.29 -0.19 -0.29 -0.14 0.00
-1.24 -0.19 -0.24 -0.19 0.00
-1.20 -0.19 -0.20 -0.21 0.00
-1.16 -0.20 -0.16 -0.27 0.00
-1.12 -0.19 -0.12 -0.24 0.00
-1.08 -0.19 -0.08 -0.28 0.00
-1.04 -0.19 -0.04 -0.27 0.00
-1.00 -0.19 -0.00 -0.25 0.00
-0.95 -0.19 0.04 -0.27 0.00
-0.92 -0.20 0.07 -0.29 0.00
-0.88 -0.20 0.12 -0.30 0.00
-0.84 -0.21 0.16 -0.30 0.00
-0.80 -0.21 0.19 -0.30 0.00
-0.76 -0.21 0.23 -0.34 0.00
-0.72 -0.22 0.27 -0.33 0.00
-0.68 -0.22 0.32 -0.32 0.00
-0.64 -0.23 0.35 -0.40 0.00
-0.60 -0.23 0.38 -0.40 0.00
-0.56 -0.23 0.43 -0.39 0.00
-0.52 -0.24 0.46 -0.42 0.00
-0.48 -0.24 0.50 -0.43 0.00
-0.44 -0.25 0.55 -0.41 0.00
-0.40 -0.26 0.59 -0.46 0.00
-0.36 -0.27 0.62 -0.45 0.00
-0.32 -0.27 0.66 -0.46 0.00
-0.28 -0.28 0.70 -0.45 0.00
-0.24 -0.28 0.74 -0.47 0.00
-0.20 -0.30 0.80 -0.34 0.00
-0.16 -0.31 0.83 -0.48 0.00
-0.12 -0.31 0.85 -0.57 0.00
-0.08 -0.31 0.86 -0.66 0.00
-0.04 -0.31 0.87 -0.73 0.00
0.00 -0.31 0.87 -0.80 0.00
0.04 -0.31 0.88 -0.85 0.00
0.08 -0.33 0.92 -0.88 0.00
0.12 -0.36 0.95 -0.90 0.00
0.16 -0.38 1.00 -0.92 0.00
0.19 -0.41 1.06 -0.90 0.00
0.23 -0.43 1.12 -0.89 0.00
0.27 -0.46 1.20 -0.83 0.00
0.31 -0.48 1.26 -0.79 0.00
0.34 -0.50 1.32 -0.71 0.00
0.39 -0.53 1.37 -0.72 0.00
0.43 -0.55 1.42 -0.66 0.00
0.47 -0.55 1.46 -0.70 0.00
0.50 -0.55 1.49 -0.70 0.00
0.54 -0.56 1.52 -0.76 0.00
0.58 -0.57 1.57 -0.74 0.00
0.62 -0.57 1.59 -0.80 0.00
0.65 -0.58 1.63 -0.81 0.00
0.69 -0.59 1.66 -0.81 0.00
0.73 -0.60 1.70 -0.81 0.00
0.76 -0.61 1.75 -0.78 0.00
0.80 -0.61 1.79 -0.73 0.00
0.84 -0.62 1.84 -0.66 0.00
0.87 -0.63 1.87 -0.58 0.00
0.91 -0.64 1.91 -0.54 0.00
0.95 -0.65 1.94 -0.48 0.00
0.99 -0.65 1.96 -0.44 0.00
1.02 -0.66 2.01 -0.49 0.00
1.06 -0.65 2.06 -0.58 0.00
1.09 -0.64 2.09 -0.66 0.00
1.13 -0.64 2.13 -0.75 0.00
1.17 -0.63 2.16 -0.76 0.00
1.21 -0.62 2.18 -0.87 0.00
1.25 -0.62 2.22 -0.86 0.00
1.29 -0.63 2.26 -0.85 0.00
1.33 -0.64 2.31 -0.86 0.00
1.36 -0.65 2.34 -0.86 0.00
1.41 -0.65 2.38 -0.87 0.00
1.44 -0.67 2.44 -0.67 0.00
1.48 -0.68 2.48 -0.69 0.00
1.51 -0.68 2.51 -0.62 0.00
1.55 -0.70 2.52 -0.46 0.00
1.59 -0.70 2.56 -0.48 0.00
1.63 -0.70 2.59 -0.42 0.00
1.66 -0.69 2.58 -0.29 0.00
1.71 -0.69 2.57 -0.17 0.00
1.75 -0.68 2.61 -0.18 0.00
1.78 -0.67 2.60 -0.09 0.00
1.82 -0.65 2.64 -0.08 0.00
1.85 -0.63 2.66 -0.05 0.00
1.88 -0.61 2.69 -0.02 0.00
1.91 -0.59 2.71 0.02 0.00
1.94 -0.56 2.67 0.13 0.00
1.98 -0.55 2.64 0.20 0.00
2.02 -0.52 2.60 0.29 0.00
2.04 -0.49 2.52 0.39 0.00
2.08 -0.47 2.46 0.45 0.00
2.11 -0.45 2.42 0.50 0.00
2.13 -0.42 2.33 0.57 0.00
2.15 -0.38 2.32 0.61 0.00
2.15 -0.34 2.28 0.65 0.00
2.16 -0.30 2.14 0.70 0.00
2.16 -0.26 1.99 0.72 0.00
2.17 -0.22 1.86 0.73 0.00
2.18 -0.19 1.74 0.71 0.00
2.18 -0.14 1.64 0.69 0.00
2.19 -0.11 1.57 0.67 0.00
2.19 -0.07 1.51 0.66 0.00
2.16 -0.03 1.44 0.67 0.00
2.12 0.01 1.44 0.74 0.00
2.09 0.04 1.40 0.77 0.00
2.06 0.07 1.30 0.72 0.00
2.01 0.08 1.20 0.67 0.00
1.97 0.14 1.25 0.84 0.00
1.92 0.16 1.11 0.76 0.00
1.91 0.21 1.01 0.64 0.00
1.86 0.25 0.89 0.48 0.00
1.82 0.24 0.83 0.35 0.00
1.80 0.26 0.80 0.26 0.00
1.78 0.26 0.78 0.15 0.00
1.69 0.28 0.69 0.20 0.00
1.69 0.29 0.71 0.12 0.00
1.65 0.31 0.70 0.01 0.00
1.60 0.30 0.66 -0.04 0.00
1.57 0.29 0.62 -0.03 0.00
1.52 0.28 0.58 -0.05 0.00
1.48 0.25 0.54 -0.10 0.00
1.44 0.25 0.50 -0.11 0.00
1.39 0.23 0.46 -0.13 0.00
1.37 0.22 0.47 -0.22 0.00
1.30 0.21 0.46 -0.34 0.00
1.28 0.20 0.38 -0.23 0.00
1.18 0.15 0.29 -0.31 0.00
1.21 0.17 0.35 -0.33 0.00
1.19 0.12 0.55 -0.64 0.00
1.11 0.12 0.24 -0.38 0.00
1.09 0.07 0.25 -0.48 0.00
1.03 0.05 0.10 -0.31 0.00
0.99 0.05 0.10 -0.40 0.00
0.95 0.00 0.07 -0.49 0.00
0.91 -0.02 0.10 -0.60 0.00
0.87 -0.03 0.07 -0.63 0.00
0.83 -0.06 0.01 -0.64 0.00
0.78 -0.10 -0.03 -0.67 0.00
0.74 -0.13 -0.09 -0.68 0.00
0.70 -0.16 -0.14 -0.70 0.00
0.65 -0.20 -0.19 -0.73 0.00
0.60 -0.23 -0.26 -0.73 0.00
0.57 -0.25 -0.30 -0.74 0.00
0.54 -0.27 -0.35 -0.73 0.00
0.50 -0.29 -0.43 -0.67 0.00
0.46 -0.31 -0.45 -0.72 0.00
0.43 -0.33 -0.49 -0.72 0.00
0.38 -0.36 -0.56 -0.72 0.00
0.34 -0.38 -0.61 -0.67 0.00
0.30 -0.40 -0.67 -0.62 0.00
0.26 -0.42 -0.72 -0.60 0.00
0.22 -0.44 -0.78 -0.56 0.00
0.17 -0.46 -0.82 -0.52 0.00
0.14 -0.46 -0.86 -0.52 0.00
0.10 -0.46 -0.90 -0.53 0.00
0.06 -0.46 -0.94 -0.54 0.00
0.02 -0.47 -0.97 -0.54 0.00
-0.01 -0.47 -1.01 -0.58 0.00
-0.05 -0.48 -1.05 -0.50 0.00
-0.09 -0.48 -1.09 -0.53 0.00
-0.13 -0.49 -1.13 -0.52 0.00
-0.16 -0.49 -1.16 -0.57 0.00
-0.21 -0.49 -1.21 -0.52 0.00
-0.25 -0.49 -1.25 -0.47 0.00
-0.29 -0.49 -1.28 -0.42 0.00
-0.34 -0.49 -1.33 -0.53 0.00
-0.37 -0.49 -1.37 -0.52 0.00
-0.40 -0.49 -1.40 -0.43 0.00
-0.44 -0.49 -1.44 -0.41 0.00
-0.48 -0.49 -1.47 -0.37 0.00
-0.53 -0.49 -1.52 -0.31 0.00
-0.58 -0.49 -1.57 -0.39 0.00
-0.61 -0.48 -1.61 -0.39 0.00
-0.65 -0.48 -1.65 -0.40 0.00
-0.69 -0.47 -1.69 -0.41 0.00
-0.73 -0.47 -1.73 -0.42 0.00
-0.77 -0.46 -1.77 -0.50 0.00
-0.80 -0.45 -1.80 -0.40 0.00
-0.85 -0.45 -1.85 -0.45 0.00
-0.88 -0.45 -1.88 -0.40 0.00
-0.92 -0.45 -1.92 -0.48 0.00
-0.97 -0.45 -1.97 -0.56 0.00
-1.01 -0.45 -2.00 -0.58 0.00
-1.04 -0.46 -2.04 -0.55 0.00
-1.08 -0.46 -2.08 -0.56 0.00
-1.12 -0.46 -2.11 -0.62 0.00
-1.16 -0.46 -2.14 -0.62 0.00
-1.19 -0.46 -2.17 -0.65 0.00
-1.23 -0.47 -2.19 -0.73 0.00
-1.26 -0.47 -2.18 -0.85 0.00
-1.29 -0.51 -2.26 -0.77 0.00
-1.33 -0.53 -2.31 -0.73 0.00
-1.37 -0.53 -2.33 -0.81 0.00
-1.40 -0.54 -2.36 -0.82 0.00
-1.44 -0.55 -2.39 -0.87 0.00
-1.48 -0.56 -2.41 -0.93 0.00
-1.51 -0.57 -2.42 -0.99 0.00
-1.55 -0.58 -2.44 -1.04 0.00
-1.58 -0.59 -2.45 -1.09 0.00
-1.60 -0.59 -2.43 -1.15 0.00
-1.64 -0.58 -2.38 -1.25 0.00
-1.68 -0.66 -2.58 -1.11 0.00
-1.73 -0.67 -2.51 -1.30 0.00
-1.76 -0.67 -2.51 -1.33 0.00
-1.77 -0.70 -2.53 -1.35 0.00
-1.80 -0.71 -2.51 -1.42 0.00
-1.79 -0.74 -2.79 -0.76 1.00
-1.82 -0.74 -2.82 -0.77 0.00
-1.88 -0.74 -2.88 -0.74 0.00
-1.91 -0.77 -2.91 -0.87 0.00
-1.95 -0.77 -2.95 -0.88 0.00
-1.99 -0.76 -2.99 -0.81 0.00
-2.02 -0.73 -3.01 -0.66 0.00
-2.07 -0.74 -3.06 -0.56 0.00
-2.12 -0.75 -3.09 -0.54 0.00
-2.14 -0.75 -3.07 -0.38 0.00
-2.19 -0.77 -3.05 -0.26 0.00
-2.22 -0.77 -3.13 -0.36 0.00
-2.26 -0.74 -3.11 -0.22 0.00
-2.29 -0.72 -3.17 -0.23 0.00
-2.32 -0.70 -3.27 -0.38 0.00
-2.35 -0.67 -3.29 -0.33 0.00
-2.41 -0.62 -3.40 -0.55 0.00
-2.45 -0.61 -3.45 -0.55 0.00
-2.47 -0.62 -3.45 -0.46 0.00
-2.53 -0.62 -3.53 -0.63 0.00
-2.55 -0.60 -3.55 -0.57 0.00
-2.59 -0.59 -3.59 -0.51 0.00
-2.64 -0.59 -3.64 -0.65 0.00
-2.69 -0.57 -3.68 -0.63 0.00
-2.71 -0.59 -3.71 -0.62 0.00
-2.70 -0.56 -3.67 -0.31 0.00
-2.77 -0.57 -3.76 -0.69 0.00
-2.78 -0.56 -3.78 -0.53 0.00
-2.84 -0.58 -3.83 -0.73 0.00
-2.83 -0.57 -3.83 -0.53 0.00
-2.90 -0.58 -3.86 -0.86 0.00
-2.94 -0.59 -3.89 -0.91 0.00
-2.96 -0.59 -3.86 -1.02 0.00
-2.96 -0.57 -3.90 -0.25 1.00
-3.00 -0.58 -3.91 -0.15 0.00
-3.04 -0.56 -3.97 -0.18 0.00
-3.07 -0.54 -4.00 -0.17 0.00
-3.10 -0.53 -4.04 -0.19 0.00
-3.14 -0.51 -4.09 -0.22 0.00
-3.17 -0.49 -4.13 -0.21 0.00
-3.20 -0.48 -4.17 -0.24 0.00
-3.23 -0.46 -4.22 -0.28 0.00
-3.27 -0.45 -4.24 -0.23 0.00
-3.30 -0.45 -4.29 -0.27 0.00
-3.34 -0.44 -4.33 -0.28 0.00
-3.37 -0.43 -4.36 -0.28 0.00
-3.41 -0.42 -4.40 -0.31 0.00
-3.44 -0.42 -4.44 -0.35 0.00
-3.48 -0.41 -4.48 -0.35 0.00
-3.50 -0.41 -4.50 -0.48 0.00
-3.51 -0.41 -4.26 0.25 1.00
-3.53 -0.38 -4.25 0.32 0.00
-3.57 -0.35 -4.30 0.33 0.00
-3.60 -0.32 -4.33 0.35 0.00
-3.62 -0.30 -4.35 0.39 0.00
-3.65 -0.27 -4.38 0.41 0.00
-3.68 -0.25 -4.40 0.45 0.00
-3.71 -0.22 -4.42 0.48 0.00
-3.73 -0.20 -4.45 0.49 0.00
-3.76 -0.18 -4.48 0.51 0.00
-3.78 -0.15 -4.50 0.54 0.00
-3.80 -0.13 -4.55 0.53 0.00
-3.82 -0.11 -4.59 0.53 0.00
-3.84 -0.09 -4.63 0.53 0.00
-3.87 -0.07 -4.68 0.50 0.00
-3.89 -0.05 -4.73 0.49 0.00
-3.91 -0.03 -4.78 0.47 0.00
-3.94 -0.01 -4.81 0.50 0.00
-3.98 0.02 -4.85 0.50 0.00
-4.01 0.04 -4.88 0.53 0.00
-4.04 0.06 -4.92 0.53 0.00
-4.07 0.06 -4.93 0.57 0.00
-4.10 0.05 -4.96 0.57 0.00
-4.13 0.04 -4.69 0.87 0.00
-4.19 0.07 -4.79 0.87 0.00
-4.15 0.11 -5.04 0.56 0.00
-4.22 0.14 -5.01 0.75 0.00
-4.23 0.16 -4.95 0.86 0.00
-4.26 0.18 -4.94 0.91 0.00
-4.28 0.20 -5.04 0.85 0.00
-4.29 0.23 -5.06 0.87 0.00
-4.29 0.22 -5.26 0.45 0.00
-4.35 0.24 -5.15 0.85 0.00
-4.46 0.21 -5.45 0.33 0.00
-4.45 0.30 -5.33 0.77 0.00
-4.45 0.33 -5.37 0.73 0.00
-4.48 0.35 -5.42 0.70 0.00
-4.51 0.38 -5.47 0.65 0.00
-4.55 0.40 -5.52 0.63 0.00
-4.56 0.41 -5.55 0.60 0.00
-4.60 0.41 -5.58 0.64 0.00
-4.63 0.43 -5.60 0.65 0.00
-4.65 0.43 -5.62 0.69 0.00
-4.69 0.44 -5.67 0.63 0.00
-4.72 0.45 -5.71 0.58 0.00
-4.75 0.44 -5.75 0.55 0.00
-4.76 0.46 -5.76 0.55 0.00
-4.82 0.46 -5.82 0.46 0.00
-4.84 0.47 -5.84 0.44 0.00
-4.87 0.47 -5.86 0.33 0.00
-4.92 0.48 -5.90 0.27 0.00
-4.96 0.47 -5.92 0.19 0.00
-4.99 0.47 -5.92 0.12 0.00
-5.03 0.48 -5.93 0.03 0.00
-5.08 0.47 -5.94 -0.04 0.00
-5.11 0.46 -5.97 -0.06 0.00
-5.14 0.43 -5.99 -0.09 0.00
-5.17 0.42 -6.03 -0.09 0.00
-5.17 0.41 -6.04 -0.09 0.00
-5.21 0.38 -6.06 -0.15 0.00
-5.24 0.37 -6.08 -0.18 0.00
-5.27 0.35 -6.08 -0.24 0.00
-5.29 0.33 -6.08 -0.28 0.00
-5.32 0.34 -6.08 -0.31 0.00
-5.34 0.31 -6.04 -0.40 0.00
-5.37 0.30 -5.96 -0.51 0.00
-5.40 0.25 -5.95 -0.59 0.00
-5.41 0.25 -5.89 -0.64 0.00
