2.95 0.12 3.74 -0.50 0.00
2.99 0.10 3.71 -0.59 0.00
3.02 0.07 3.64 -0.71 0.00
3.05 0.05 3.58 -0.80 0.00
3.08 0.03 3.52 -0.87 0.00
3.11 0.01 3.42 -0.94 0.00
3.14 -0.02 3.33 -1.00 0.00
3.18 -0.04 3.26 -1.03 0.00
3.19 -0.06 3.22 -1.06 0.00
3.19 -0.11 3.30 -1.11 0.00
3.20 -0.17 3.26 -1.17 0.00
3.20 -0.19 3.32 -1.18 0.00
3.19 -0.24 3.22 -1.24 0.00
3.19 -0.29 3.00 -1.27 0.00
3.18 -0.35 3.09 -1.35 0.00
3.19 -0.38 2.79 -1.29 0.00
3.17 -0.46 2.71 -1.35 0.00
3.16 -0.52 2.60 -1.35 0.00
3.14 -0.54 2.42 -1.23 0.00
3.13 -0.58 2.37 -1.23 0.00
3.12 -0.62 2.32 -1.21 0.00
3.12 -0.64 2.31 -1.23 0.00
3.07 -0.64 2.36 -1.34 0.00
3.05 -0.69 2.18 -1.18 0.00
2.98 -0.73 2.11 -1.23 0.00
2.88 -0.77 2.13 -1.44 0.00
2.88 -0.79 1.92 -1.08 0.00
2.86 -0.80 1.89 -1.05 0.00
2.81 -0.85 1.87 -1.18 0.00
2.73 -0.89 1.80 -1.25 0.00
2.71 -0.90 1.73 -1.08 0.00
2.69 -0.92 1.69 -1.01 0.00
2.65 -0.92 1.65 -1.01 0.00
2.62 -0.95 1.62 -0.96 0.00
2.57 -0.94 1.57 -0.99 0.00
2.53 -0.94 1.53 -0.98 0.00
2.49 -0.94 1.49 -0.96 0.00
2.44 -0.94 1.44 -0.95 0.00
2.40 -0.95 1.40 -1.02 0.00
2.35 -0.95 1.35 -0.91 0.00
2.31 -0.95 1.31 -0.87 0.00
2.26 -0.95 1.27 -0.88 0.00
2.22 -0.95 1.22 -0.87 0.00
2.17 -0.95 1.18 -0.84 0.00
2.13 -0.95 1.14 -0.84 0.00
2.08 -0.94 1.09 -0.83 0.00
2.04 -0.94 1.05 -0.82 0.00
2.00 -0.93 1.00 -0.83 0.00
1.96 -0.93 0.96 -0.81 0.00
1.92 -0.91 0.92 -0.90 0.00
1.87 -0.89 0.87 -0.98 0.00
1.84 -0.89 0.84 -0.99 0.00
1.80 -0.90 0.80 -0.97 0.00
1.76 -0.90 0.76 -1.00 0.00
1.72 -0.90 0.72 -0.97 0.00
1.68 -0.90 0.68 -0.94 0.00
1.64 -0.91 0.64 -0.91 0.00
1.60 -0.91 0.60 -0.88 0.00
1.56 -0.91 0.56 -0.84 0.00
1.52 -0.92 0.53 -0.81 0.00
1.48 -0.92 0.49 -0.77 0.00
1.45 -0.91 0.45 -0.84 0.00
1.40 -0.92 0.42 -0.72 0.00
1.36 -0.91 0.37 -0.74 0.00
1.32 -0.89 0.33 -0.77 0.00
1.28 -0.89 0.29 -0.78 0.00
1.24 -0.88 0.25 -0.77 0.00
1.20 -0.88 0.20 -0.79 0.00
1.16 -0.87 0.16 -0.81 0.00
1.12 -0.87 0.12 -0.82 0.00
1.08 -0.86 0.08 -0.84 0.00
1.04 -0.86 0.04 -0.85 0.00
1.00 -0.86 -0.00 -0.90 0.00
0.96 -0.85 -0.04 -0.87 0.00
0.91 -0.86 -0.09 -0.86 0.00
0.87 -0.86 -0.13 -0.87 0.00
0.83 -0.85 -0.17 -0.88 0.00
0.79 -0.86 -0.21 -0.87 0.00
0.75 -0.86 -0.25 -0.86 0.00
0.71 -0.86 -0.29 -0.86 0.00
0.67 -0.86 -0.33 -0.85 0.00
0.63 -0.85 -0.37 -0.87 0.00
0.59 -0.85 -0.41 -0.86 0.00
0.55 -0.85 -0.45 -0.84 0.00
0.51 -0.86 -0.49 -0.79 0.00
0.47 -0.86 -0.52 -0.76 0.00
0.43 -0.85 -0.56 -0.74 0.00
0.39 -0.86 -0.60 -0.70 0.00
0.37 -0.85 -0.61 -0.66 0.00
0.31 -0.86 -0.67 -0.65 0.00
0.27 -0.85 -0.71 -0.64 0.00
0.23 -0.84 -0.75 -0.65 0.00
0.19 -0.83 -0.80 -0.67 0.00
0.15 -0.82 -0.84 -0.70 0.00
0.11 -0.81 -0.89 -0.71 0.00
0.07 -0.80 -0.92 -0.72 0.00
0.04 -0.78 -0.96 -0.84 0.00
0.00 -0.80 -1.00 -0.74 0.00
-0.02 -0.79 -1.02 -0.75 0.00
-0.07 -0.73 -0.99 -1.12 0.00
-0.11 -0.82 -1.10 -0.66 0.00
-0.16 -0.82 -1.15 -0.72 0.00
-0.22 -0.82 -1.21 -0.72 0.00
-0.27 -0.82 -1.27 -0.74 0.00
-0.28 -0.79 -1.27 -0.73 0.00
-0.33 -0.78 -1.33 -0.88 0.00
-0.36 -0.77 -1.36 -0.83 0.00
-0.39 -0.77 -1.39 -0.77 0.00
-0.42 -0.76 -1.42 -0.75 0.00
-0.48 -0.76 -1.48 -0.77 0.00
-0.52 -0.75 -1.50 -0.92 0.00
-0.56 -0.75 -1.56 -0.85 0.00
-0.58 -0.74 -1.55 -0.96 0.00
-0.61 -0.76 -1.61 -0.80 0.00
-0.67 -0.77 -1.66 -0.70 0.00
-0.71 -0.78 -1.71 -0.74 0.00
-0.73 -0.79 -1.73 -0.78 0.00
-0.78 -0.76 -1.77 -0.60 0.00
-0.83 -0.77 -1.83 -0.79 0.00
-0.89 -0.76 -1.87 -0.56 0.00
-0.92 -0.79 -1.92 -0.78 0.00
-0.94 -0.79 -1.94 -0.80 0.00
-0.97 -0.79 -1.97 -0.83 0.00
-1.01 -0.79 -2.01 -0.83 0.00
-1.05 -0.79 -2.04 -0.85 0.00
-1.09 -0.79 -2.09 -0.82 0.00
-1.13 -0.79 -2.13 -0.88 0.00
-1.17 -0.79 -2.16 -0.93 0.00
-1.21 -0.79 -2.18 -1.01 0.00
-1.25 -0.82 -2.25 -0.88 0.00
-1.28 -0.85 -2.28 -0.80 0.00
-1.32 -0.85 -2.32 -0.80 0.00
-1.36 -0.85 -2.36 -0.85 0.00
-1.40 -0.84 -2.40 -0.87 0.00
-1.44 -0.84 -2.43 -0.99 0.00
-1.48 -0.84 -2.44 -1.12 0.00
-1.49 -0.84 -2.44 -1.14 0.00
-1.48 -0.78 -2.31 -1.34 0.00
-1.56 -0.82 -2.23 -1.56 0.00
-1.66 -0.84 -2.40 -1.51 0.00
-1.67 -0.85 -2.37 -1.56 0.00
-1.69 -0.88 -2.40 -1.58 0.00
-1.73 -0.91 -2.39 -1.66 0.00
-1.72 -0.93 -2.28 -1.76 0.00
-1.76 -0.95 -2.32 -1.78 0.00
-1.78 -0.99 -2.35 -1.81 0.00
-1.81 -1.04 -2.35 -1.88 0.00
-1.81 -1.08 -2.07 -2.05 0.00
-1.88 -1.11 -2.27 -2.03 0.00
-1.88 -1.12 -1.96 -2.11 0.00
-1.90 -1.14 -1.82 -2.14 0.00
-1.92 -1.17 -1.69 -2.15 0.00
-1.94 -1.20 -1.59 -2.14 0.00
-1.94 -1.24 -1.56 -2.16 0.00
-1.93 -1.27 -1.54 -2.20 0.00
-1.91 -1.31 -1.52 -2.23 0.00
-1.89 -1.34 -1.46 -2.25 0.00
-1.88 -1.38 -1.37 -2.24 0.00
-1.86 -1.41 -1.27 -2.22 0.00
-1.85 -1.45 -1.18 -2.19 0.00
-1.83 -1.49 -1.09 -2.15 0.00
-1.80 -1.52 -0.93 -2.01 0.00
-1.77 -1.55 -0.83 -1.90 0.00
-1.74 -1.58 -0.76 -1.78 0.00
-1.72 -1.61 -0.72 -1.69 0.00
-1.69 -1.64 -0.69 -1.59 0.00
-1.65 -1.64 -0.66 -1.58 0.00
-1.62 -1.64 -0.62 -1.58 0.00
-1.58 -1.64 -0.58 -1.58 0.00
-1.54 -1.64 -0.54 -1.55 0.00
-1.50 -1.63 -0.51 -1.50 0.00
-1.46 -1.63 -0.48 -1.46 0.00
-1.42 -1.63 -0.45 -1.41 0.00
-1.39 -1.63 -0.43 -1.35 0.00
-1.34 -1.63 -0.39 -1.33 0.00
-1.30 -1.62 -0.38 -1.25 0.00
-1.27 -1.61 -0.35 -1.23 0.00
-1.23 -1.60 -0.35 -1.13 0.00
-1.20 -1.58 -0.33 -1.08 0.00
-1.16 -1.57 -0.32 -1.03 0.00
-1.13 -1.56 -0.32 -0.96 0.00
-1.09 -1.54 -0.30 -0.92 0.00
-1.05 -1.51 -0.31 -0.84 0.00
-1.01 -1.49 -0.27 -0.83 0.00
-0.99 -1.47 -0.23 -0.81 0.00
-0.96 -1.44 -0.24 -0.74 0.00
-0.93 -1.41 -0.26 -0.67 0.00
-0.92 -1.36 -0.19 -0.68 0.00
-0.86 -1.35 -0.36 -0.49 0.00
-0.80 -1.33 -0.34 -0.44 0.00
-0.76 -1.30 -0.40 -0.37 0.00
-0.72 -1.28 -0.40 -0.33 0.00
-0.74 -1.22 -0.39 -0.28 0.00
-0.73 -1.21 0.19 -0.82 1.00
-0.74 -1.19 0.25 -1.31 1.00
-0.74 -1.20 0.00 -1.87 1.00
-0.70 -1.19 -0.52 -2.18 1.00
-0.70 -1.19 -1.31 -1.99 1.00
-0.72 -1.22 -1.39 -1.96 0.00
-0.71 -1.27 -1.66 -1.59 0.00
-0.76 -1.31 -1.67 -1.73 0.00
-0.80 -1.35 -1.68 -1.82 0.00
-0.88 -1.38 -1.87 -1.46 0.00
-0.91 -1.30 -1.90 -1.18 0.00
-0.92 -1.39 -1.90 -1.56 0.00
-0.94 -1.38 -1.93 -1.55 0.00
-0.95 -1.41 -1.91 -1.71 0.00
-0.98 -1.42 -1.94 -1.70 0.00
-1.01 -1.43 -1.96 -1.74 0.00
-1.04 -1.44 -1.99 -1.76 0.00
-1.07 -1.45 -2.02 -1.75 0.00
-1.10 -1.46 -2.05 -1.78 0.00
-1.13 -1.47 -2.08 -1.80 0.00
-1.16 -1.48 -2.11 -1.80 0.00
-1.20 -1.50 -2.15 -1.81 0.00
-1.24 -1.51 -2.18 -1.84 0.00
-1.28 -1.52 -2.23 -1.84 0.00
-1.32 -1.53 -2.26 -1.88 0.00
-1.35 -1.55 -2.30 -1.87 0.00
-1.40 -1.56 -2.33 -1.91 0.00
-1.44 -1.57 -2.37 -1.94 0.00
-1.47 -1.59 -2.41 -1.94 0.00
-1.51 -1.60 -2.44 -1.96 0.00
-1.55 -1.62 -2.49 -1.95 0.00
-1.59 -1.63 -2.55 -1.91 0.00
-1.62 -1.64 -2.58 -1.92 0.00
-1.66 -1.66 -2.62 -1.93 0.00
-1.69 -1.67 -2.66 -1.91 0.00
-1.73 -1.69 -2.70 -1.89 0.00
-1.76 -1.69 -2.74 -1.89 0.00
-1.76 -1.69 -2.60 -1.15 1.00
-1.76 -1.69 -1.96 -0.71 1.00
-1.77 -1.66 -1.96 -0.67 0.00
-1.78 -1.62 -1.92 -0.63 0.00
-1.79 -1.58 -1.91 -0.58 0.00
-1.80 -1.54 -1.90 -0.54 0.00
-1.80 -1.50 -1.88 -0.50 0.00
-1.81 -1.46 -1.87 -0.46 0.00
-1.82 -1.42 -1.85 -0.42 0.00
-1.82 -1.38 -1.83 -0.38 0.00
-1.82 -1.34 -1.81 -0.34 0.00
-1.82 -1.30 -1.78 -0.30 0.00
-1.82 -1.26 -1.76 -0.26 0.00
-1.83 -1.22 -1.72 -0.23 0.00
-1.83 -1.18 -1.70 -0.19 0.00
-1.83 -1.14 -1.68 -0.15 0.00
-1.87 -1.17 -1.55 -0.22 0.00
-1.89 -1.07 -1.41 -0.19 0.00
-1.86 -1.01 -1.28 -0.20 0.00
-1.84 -0.99 -1.17 -0.24 0.00
-1.82 -0.95 -1.07 -0.29 0.00
-1.81 -0.91 -0.97 -0.37 0.00
-1.78 -0.87 -0.88 -0.44 0.00
-1.76 -0.82 -0.83 -0.45 0.00
-1.70 -0.81 -0.74 -0.52 0.00
-1.69 -0.81 -0.72 -0.55 0.00
-1.65 -0.78 -0.73 -0.41 0.00
-1.61 -0.80 -0.67 -0.45 0.00
-1.53 -0.84 -0.54 -0.95 0.00
-1.54 -0.74 -0.60 -0.40 0.00
-1.51 -0.73 -0.56 -0.40 0.00
-1.48 -0.72 -0.54 -0.38 0.00
-1.44 -0.71 -0.51 -0.36 0.00
-1.41 -0.70 -0.47 -0.35 0.00
-1.37 -0.69 -0.45 -0.29 0.00
-1.34 -0.67 -0.42 -0.28 0.00
-1.29 -0.65 -0.37 -0.26 0.00
-1.25 -0.63 -0.36 -0.18 0.00
-1.22 -0.62 -0.27 -0.32 0.00
-1.18 -0.61 -0.23 -0.30 0.00
-1.14 -0.59 -0.17 -0.35 0.00
-1.11 -0.58 -0.13 -0.38 0.00
-1.07 -0.56 -0.08 -0.41 0.00
-1.03 -0.55 -0.04 -0.39 0.00
-0.98 -0.54 0.01 -0.38 0.00
-0.95 -0.53 0.05 -0.48 0.00
-0.91 -0.53 0.09 -0.49 0.00
-0.86 -0.52 0.14 -0.54 0.00
-0.83 -0.52 0.17 -0.54 0.00
-0.79 -0.52 0.20 -0.68 0.00
-0.75 -0.52 0.24 -0.67 0.00
-0.70 -0.51 0.27 -0.76 0.00
-0.67 -0.51 0.26 -0.87 0.00
-0.62 -0.50 0.25 -1.00 0.00
-0.59 -0.51 0.23 -1.08 0.00
-0.54 -0.52 0.21 -1.18 0.00
-0.54 -0.52 0.33 -1.02 0.00
-0.47 -0.56 0.23 -1.27 0.00
-0.44 -0.59 0.31 -1.25 0.00
-0.40 -0.62 0.33 -1.31 0.00
-0.37 -0.65 0.34 -1.35 0.00
-0.37 -0.67 0.47 -1.22 0.00
-0.32 -0.73 0.25 -1.54 0.00
-0.31 -0.75 0.24 -1.59 0.00
-0.27 -0.80 0.22 -1.67 0.00
-0.27 -0.84 0.04 -1.79 0.00
-0.27 -0.84 -0.74 -1.72 1.00
-0.27 -0.83 -1.04 -1.46 1.00
-0.26 -0.83 -1.26 -0.80 1.00
-0.30 -0.84 -1.29 -0.72 0.00
-0.34 -0.85 -1.34 -0.76 0.00
-0.39 -0.83 -1.39 -0.82 0.00
-0.39 -0.84 -1.39 -0.81 0.00
-0.46 -0.82 -1.43 -0.56 0.00
-0.52 -0.84 -1.50 -0.67 0.00
-0.55 -0.85 -1.54 -0.70 0.00
-0.56 -0.84 -1.56 -0.90 0.00
-0.62 -0.81 -1.62 -0.76 0.00
-0.66 -0.80 -1.65 -0.72 0.00
-0.71 -0.81 -1.71 -0.73 0.00
-0.74 -0.80 -1.74 -0.76 0.00
-0.78 -0.79 -1.76 -0.59 0.00
-0.81 -0.79 -1.81 -0.81 0.00
-0.91 -0.80 -1.91 -0.85 0.00
-0.92 -0.79 -1.91 -0.94 0.00
-0.97 -0.81 -1.96 -0.92 0.00
-1.01 -0.84 -2.01 -0.77 0.00
-1.05 -0.83 -2.04 -0.79 0.00
-1.09 -0.83 -2.09 -0.79 0.00
-1.13 -0.83 -2.13 -0.79 0.00
-1.16 -0.83 -2.16 -0.88 0.00
-1.21 -0.83 -2.20 -0.96 0.00
-1.25 -0.83 -2.21 -1.09 0.00
-1.28 -0.82 -2.20 -1.22 0.00
-1.32 -0.82 -2.18 -1.33 0.00
-1.36 -0.82 -2.15 -1.43 0.00
-1.40 -0.82 -2.12 -1.52 0.00
-1.43 -0.84 -2.11 -1.57 0.00
-1.46 -0.86 -2.15 -1.59 0.00
-1.49 -0.89 -2.16 -1.63 0.00
-1.51 -0.92 -2.15 -1.69 0.00
-1.52 -0.95 -2.15 -1.73 0.00
-1.54 -0.99 -2.14 -1.80 0.00
-1.57 -1.07 -2.25 -1.81 0.00
-1.57 -1.04 -1.79 -2.02 0.00
-1.63 -1.10 -1.89 -2.06 0.00
-1.66 -1.11 -1.76 -2.11 0.00
-1.69 -1.14 -1.63 -2.14 0.00
-1.71 -1.16 -1.58 -2.15 0.00
-1.71 -1.19 -1.57 -2.18 0.00
-1.70 -1.23 -1.57 -2.22 0.00
-1.70 -1.26 -1.57 -2.25 0.00
-1.69 -1.29 -1.50 -2.27 0.00
-1.69 -1.32 -1.41 -2.28 0.00
-1.68 -1.36 -1.29 -2.28 0.00
-1.68 -1.39 -1.22 -2.28 0.00
-1.67 -1.42 -1.10 -2.24 0.00
-1.65 -1.46 -0.89 -2.10 0.00
-1.64 -1.50 -0.78 -2.02 0.00
-1.62 -1.53 -0.69 -1.92 0.00
-1.60 -1.57 -0.62 -1.78 0.00
-1.58 -1.61 -0.59 -1.70 0.00
-1.54 -1.61 -0.55 -1.70 0.00
-1.51 -1.62 -0.51 -1.71 0.00
-1.47 -1.62 -0.47 -1.71 0.00
-1.43 -1.62 -0.43 -1.70 0.00
-1.39 -1.63 -0.39 -1.67 0.00
-1.35 -1.63 -0.35 -1.63 0.00
-1.32 -1.63 -0.32 -1.59 0.00
-1.28 -1.64 -0.28 -1.55 0.00
-1.25 -1.64 -0.26 -1.49 0.00
-1.20 -1.65 -0.22 -1.49 0.00
-1.17 -1.64 -0.19 -1.46 0.00
-1.17 -1.64 -0.35 -2.21 1.00
-1.17 -1.64 -0.99 -2.63 1.00
-1.17 -1.64 -1.74 -2.46 1.00
-1.17 -1.64 -2.15 -1.82 1.00
-1.21 -1.65 -2.20 -1.73 0.00
-1.25 -1.66 -2.25 -1.65 0.00
-1.29 -1.66 -2.28 -1.58 0.00
-1.32 -1.67 -2.31 -1.52 0.00
-1.36 -1.67 -2.34 -1.45 0.00
-1.40 -1.68 -2.36 -1.40 0.00
-1.44 -1.68 -2.38 -1.34 0.00
-1.48 -1.67 -2.42 -1.33 0.00
-1.52 -1.66 -2.46 -1.31 0.00
-1.55 -1.64 -2.49 -1.29 0.00
-1.60 -1.63 -2.49 -1.18 0.00
-1.64 -1.61 -2.48 -1.07 0.00
-1.67 -1.60 -2.45 -0.97 0.00
-1.71 -1.59 -2.43 -0.89 0.00
-1.75 -1.57 -2.39 -0.81 0.00
-1.79 -1.56 -2.34 -0.73 0.00
-1.79 -1.56 -1.57 -0.58 1.00
-1.78 -1.52 -1.59 -0.54 0.00
-1.77 -1.48 -1.60 -0.50 0.00
-1.76 -1.44 -1.58 -0.46 0.00
-1.75 -1.40 -1.58 -0.42 0.00
-1.75 -1.37 -1.61 -0.38 0.00
-1.74 -1.32 -1.53 -0.34 0.00
-1.73 -1.28 -1.49 -0.31 0.00
-1.73 -1.24 -1.45 -0.28 0.00
-1.72 -1.21 -1.41 -0.25 0.00
-1.71 -1.16 -1.38 -0.22 0.00
-1.71 -1.13 -1.36 -0.20 0.00
-1.63 -1.13 -1.49 -0.14 0.00
-1.64 -1.07 -1.51 -0.08 0.00
-1.68 -1.01 -1.26 -0.11 0.00
-1.63 -0.95 -1.21 -0.04 0.00
-1.63 -0.92 -1.19 -0.03 0.00
-1.57 -0.89 -1.14 0.01 0.00
-1.57 -0.85 -1.33 0.12 0.00
-1.53 -0.84 -0.94 -0.03 0.00
-1.53 -0.74 -1.24 0.22 0.00
-1.54 -0.73 -1.08 0.16 0.00
-1.51 -0.68 -0.96 0.15 0.00
-1.52 -0.67 -1.02 0.20 0.00
-1.48 -0.62 -0.86 0.16 0.00
-1.47 -0.59 -0.84 0.18 0.00
-1.45 -0.55 -0.78 0.19 0.00
-1.43 -0.52 -0.74 0.20 0.00
-1.41 -0.48 -0.69 0.22 0.00
-1.38 -0.46 -0.64 0.22 0.00
-1.35 -0.43 -0.56 0.19 0.00
-1.32 -0.40 -0.48 0.14 0.00
-1.29 -0.37 -0.41 0.09 0.00
-1.26 -0.35 -0.31 -0.03 0.00
-1.22 -0.33 -0.24 -0.12 0.00
-1.18 -0.31 -0.18 -0.23 0.00
-1.14 -0.29 -0.14 -0.33 0.00
-1.10 -0.28 -0.12 -0.47 0.00
-1.07 -0.25 -0.11 -0.53 0.00
-1.02 -0.24 -0.10 -0.63 0.00
-0.99 -0.26 -0.08 -0.67 0.00
-0.95 -0.27 -0.03 -0.67 0.00
-0.92 -0.29 0.00 -0.69 0.00
-0.87 -0.31 0.02 -0.75 0.00
-0.83 -0.33 0.04 -0.82 0.00
-0.79 -0.34 0.04 -0.89 0.00
-0.75 -0.36 0.04 -0.97 0.00
-0.71 -0.38 0.04 -1.04 0.00
-0.67 -0.40 0.03 -1.11 0.00
-0.64 -0.42 0.06 -1.13 0.00
-0.61 -0.45 0.07 -1.18 0.00
-0.59 -0.48 0.07 -1.23 0.00
-0.54 -0.49 -0.08 -1.38 0.00
-0.52 -0.52 -0.07 -1.41 0.00
-0.49 -0.54 0.07 -1.37 0.00
-0.44 -0.59 -0.10 -1.53 0.00
-0.47 -0.63 -0.21 -1.60 0.00
-0.45 -0.67 -0.06 -1.59 0.00
-0.43 -0.71 -0.10 -1.65 0.00
-0.39 -0.73 -0.10 -1.68 0.00
-0.38 -0.76 -0.09 -1.72 0.00
-0.36 -0.78 -0.20 -1.77 0.00
-0.35 -0.83 -0.42 -1.83 0.00
-0.34 -0.86 -0.32 -1.86 0.00
-0.36 -0.89 -0.76 -1.81 0.00
-0.36 -0.89 -1.23 -1.38 1.00
-0.34 -0.87 -1.32 -0.69 1.00
-0.34 -0.86 -0.80 0.02 1.00
-0.35 -0.80 -0.66 0.15 0.00
-0.37 -0.78 -0.87 0.08 0.00
-0.41 -0.76 -0.86 0.13 0.00
-0.42 -0.73 -0.95 0.12 0.00
-0.45 -0.69 -0.95 0.18 0.00
-0.46 -0.63 -0.97 0.23 0.00
-0.41 -0.56 -0.70 0.40 0.00
-0.48 -0.50 -1.15 0.25 0.00
-0.50 -0.50 -0.91 0.42 0.00
-0.55 -0.50 -1.26 0.21 0.00
-0.58 -0.47 -1.31 0.21 0.00
-0.61 -0.44 -1.36 0.21 0.00
-0.64 -0.41 -1.43 0.20 0.00
-0.67 -0.38 -1.47 0.21 0.00
-0.70 -0.35 -1.52 0.22 0.00
-0.73 -0.33 -1.58 0.20 0.00
-0.76 -0.30 -1.64 0.17 0.00
-0.80 -0.28 -1.69 0.17 0.00
-0.83 -0.26 -1.74 0.16 0.00
-0.86 -0.24 -1.78 0.16 0.00
-0.90 -0.22 -1.83 0.15 0.00
-0.94 -0.20 -1.88 0.13 0.00
-0.98 -0.19 -1.92 0.15 0.00
-1.01 -0.17 -1.96 0.15 0.00
-1.06 -0.15 -1.98 0.23 0.00
-1.09 -0.14 -2.05 0.15 0.00
-1.13 -0.13 -2.09 0.16 0.00
-1.17 -0.12 -2.10 0.25 0.00
-1.20 -0.11 -2.17 0.13 0.00
-1.24 -0.09 -2.22 0.13 0.00
-1.28 -0.08 -2.26 0.12 0.00
-1.32 -0.07 -2.30 0.11 0.00
-1.36 -0.07 -2.34 0.13 0.00
-1.39 -0.06 -2.37 0.16 0.00
-1.43 -0.05 -2.43 0.06 0.00
-1.47 -0.05 -2.45 0.14 0.00
-1.51 -0.04 -2.49 0.15 0.00
-1.55 -0.03 -2.53 0.14 0.00
-1.59 -0.02 -2.57 0.13 0.00
-1.62 -0.01 -2.62 0.08 0.00
-1.66 -0.01 -2.66 0.02 0.00
-1.70 0.00 -2.70 -0.01 0.00
-1.74 0.01 -2.73 -0.05 0.00
-1.78 0.01 -2.77 -0.11 0.00
-1.81 0.02 -2.79 -0.17 0.00
-1.85 0.02 -2.82 -0.24 0.00
-1.89 0.02 -2.84 -0.29 0.00
-1.93 0.01 -2.86 -0.34 0.00
-1.96 -0.00 -2.90 -0.35 0.00
-2.00 -0.02 -2.95 -0.34 0.00
-2.04 -0.03 -2.97 -0.40 0.00
-2.08 -0.04 -2.96 -0.52 0.00
-2.11 -0.06 -2.93 -0.63 0.00
-2.16 -0.07 -2.85 -0.79 0.00
-2.19 -0.08 -2.78 -0.89 0.00
-2.23 -0.10 -2.70 -0.98 0.00
-2.27 -0.11 -2.62 -1.04 0.00
-2.30 -0.13 -2.57 -1.09 0.00
-2.31 -0.17 -2.58 -1.13 0.00
-2.32 -0.21 -2.58 -1.17 0.00
-2.33 -0.24 -2.59 -1.21 0.00
-2.34 -0.28 -2.56 -1.26 0.00
-2.35 -0.32 -2.52 -1.31 0.00
-2.36 -0.36 -2.47 -1.35 0.00
-2.37 -0.40 -2.54 -1.38 0.00
-2.37 -0.43 -2.55 -1.42 0.00
-2.38 -0.47 -2.45 -1.47 0.00
-2.38 -0.51 -2.27 -1.50 0.00
-2.39 -0.54 -2.10 -1.50 0.00
-2.40 -0.56 -1.99 -1.47 0.00
-2.40 -0.62 -1.83 -1.44 0.00
-2.41 -0.64 -1.72 -1.36 0.00
-2.42 -0.69 -1.62 -1.30 0.00
-2.38 -0.70 -1.66 -1.39 0.00
-2.35 -0.73 -1.73 -1.51 0.00
-2.32 -0.76 -1.52 -1.36 0.00
-2.30 -0.77 -1.48 -1.34 0.00
-2.27 -0.79 -1.37 -1.25 0.00
-2.23 -0.83 -1.34 -1.29 0.00
-2.20 -0.84 -1.25 -1.17 0.00
-2.16 -0.87 -1.18 -1.08 0.00
-2.12 -0.90 -1.13 -1.03 0.00
-2.08 -0.88 -1.08 -0.97 0.00
-2.04 -0.90 -1.05 -1.01 0.00
-2.01 -0.90 -1.01 -0.99 0.00
-1.97 -0.91 -0.98 -1.04 0.00
-1.92 -0.92 -0.92 -1.00 0.00
-1.88 -0.91 -0.88 -0.92 0.00
-1.84 -0.94 -0.84 -0.96 0.00
-1.80 -0.93 -0.80 -0.86 0.00
-1.75 -0.95 -0.78 -0.73 0.00
-1.72 -0.92 -0.72 -0.83 0.00
-1.69 -0.92 -0.69 -0.83 0.00
-1.63 -0.92 -0.64 -0.78 0.00
-1.55 -0.96 -0.56 -1.06 0.00
-1.52 -0.90 -0.59 -0.55 0.00
-1.48 -0.89 -0.56 -0.51 0.00
-1.45 -0.88 -0.53 -0.49 0.00
-1.41 -0.86 -0.49 -0.47 0.00
-1.37 -0.85 -0.45 -0.47 0.00
-1.34 -0.83 -0.39 -0.50 0.00
-1.30 -0.81 -0.36 -0.47 0.00
-1.26 -0.80 -0.33 -0.45 0.00
-1.22 -0.78 -0.28 -0.44 0.00
-1.18 -0.77 -0.25 -0.41 0.00
-1.14 -0.75 -0.19 -0.46 0.00
-1.11 -0.74 -0.16 -0.44 0.00
-1.07 -0.73 -0.12 -0.43 0.00
-1.03 -0.71 -0.07 -0.43 0.00
-1.00 -0.71 -0.01 -0.57 0.00
-0.95 -0.68 0.03 -0.50 0.00
-0.92 -0.68 0.08 -0.68 0.00
-0.91 -0.67 0.09 -0.61 0.00
-0.88 -0.69 0.11 -0.54 0.00
-0.78 -0.69 0.22 -0.68 0.00
-0.76 -0.67 0.24 -0.71 0.00
-0.71 -0.70 0.29 -0.80 0.00
-0.67 -0.68 0.32 -0.78 0.00
-0.63 -0.68 0.35 -0.85 0.00
-0.60 -0.68 0.36 -0.94 0.00
-0.56 -0.67 0.43 -0.86 0.00
-0.51 -0.68 0.46 -0.90 0.00
-0.48 -0.69 0.49 -0.94 0.00
-0.44 -0.70 0.54 -0.91 0.00
-0.42 -0.70 0.56 -0.91 0.00
-0.37 -0.72 0.59 -1.01 0.00
-0.34 -0.72 0.57 -1.14 0.00
-0.29 -0.74 0.50 -1.36 0.00
-0.26 -0.76 0.55 -1.35 0.00
-0.25 -0.80 0.46 -1.51 0.00
-0.20 -0.83 0.51 -1.54 0.00
-0.17 -0.83 0.51 -1.56 0.00
-0.15 -0.88 0.46 -1.67 0.00
-0.12 -0.91 0.42 -1.75 0.00
-0.08 -0.93 0.32 -1.85 0.00
-0.04 -0.93 0.33 -1.86 0.00
-0.04 -0.98 0.14 -1.97 0.00
-0.02 -1.00 0.28 -1.96 0.00
0.00 -1.04 0.43 -1.94 0.00
0.01 -1.05 -0.09 -2.05 0.00
0.04 -1.10 0.32 -2.06 0.00
0.06 -1.13 0.02 -2.13 0.00
0.11 -1.16 -0.44 -2.00 0.00
0.11 -1.23 0.13 -2.23 0.00
0.10 -1.24 -0.58 -1.98 1.00
0.08 -1.24 -0.92 -1.29 1.00
0.10 -1.25 -0.70 -0.64 1.00
0.10 -1.26 -0.13 -0.29 1.00
0.11 -1.22 -0.27 -0.29 0.00
0.11 -1.18 -0.33 -0.28 0.00
0.10 -1.14 -0.33 -0.24 0.00
0.08 -1.10 -0.34 -0.20 0.00
0.05 -1.06 -0.39 -0.17 0.00
0.04 -1.02 -0.27 -0.07 0.00
0.03 -0.99 -0.54 -0.16 0.00
0.01 -0.95 -0.53 -0.11 0.00
-0.02 -0.89 -0.82 -0.29 0.00
-0.03 -0.87 -0.78 -0.21 0.00
-0.07 -0.75 -1.05 -0.57 0.00
-0.04 -0.78 -0.93 -0.31 0.00
-0.07 -0.75 -0.94 -0.26 0.00
-0.12 -0.72 -1.00 -0.24 0.00
-0.15 -0.69 -1.05 -0.25 0.00
-0.19 -0.67 -1.10 -0.26 0.00
-0.23 -0.65 -1.15 -0.25 0.00
-0.26 -0.63 -1.17 -0.23 0.00
-0.29 -0.61 -1.25 -0.31 0.00
-0.33 -0.58 -1.32 -0.43 0.00
-0.36 -0.56 -1.32 -0.31 0.00
-0.47 -0.55 -1.47 -0.62 0.00
-0.43 -0.56 -1.42 -0.41 0.00
-0.49 -0.52 -1.48 -0.45 0.00
-0.55 -0.50 -1.55 -0.45 0.00
-0.56 -0.50 -1.52 -0.23 0.00
-0.62 -0.51 -1.61 -0.36 0.00
-0.66 -0.50 -1.63 -0.26 0.00
-0.69 -0.49 -1.66 -0.25 0.00
-0.74 -0.50 -1.74 -0.38 0.00
-0.78 -0.50 -1.77 -0.42 0.00
-0.81 -0.50 -1.81 -0.49 0.00
-0.84 -0.49 -1.84 -0.48 0.00
-0.89 -0.49 -1.89 -0.48 0.00
-0.93 -0.49 -1.92 -0.46 0.00
-0.96 -0.49 -1.96 -0.46 0.00
-1.00 -0.49 -2.00 -0.45 0.00
-1.04 -0.49 -2.04 -0.49 0.00
-1.08 -0.49 -2.08 -0.55 0.00
-1.12 -0.49 -2.12 -0.51 0.00
-1.16 -0.49 -2.16 -0.55 0.00
-1.20 -0.49 -2.20 -0.54 0.00
-1.24 -0.49 -2.24 -0.57 0.00
-1.28 -0.49 -2.27 -0.64 0.00
-1.32 -0.49 -2.28 -0.74 0.00
-1.36 -0.49 -2.30 -0.83 0.00
-1.40 -0.50 -2.28 -0.96 0.00
-1.43 -0.50 -2.25 -1.08 0.00
-1.47 -0.55 -2.35 -1.02 0.00
-1.50 -0.59 -2.42 -0.98 0.00
-1.54 -0.61 -2.47 -0.98 0.00
-1.57 -0.62 -2.49 -1.00 0.00
-1.59 -0.61 -2.45 -1.11 0.00
-1.67 -0.65 -2.61 -0.99 0.00
-1.71 -0.62 -2.25 -1.47 0.00
-1.72 -0.70 -2.51 -1.30 0.00
-1.74 -0.70 -2.46 -1.40 0.00
-1.78 -0.70 -2.37 -1.51 0.00
-1.82 -0.72 -2.44 -1.50 0.00
-1.86 -0.74 -2.37 -1.60 0.00
-1.89 -0.77 -2.39 -1.63 0.00
-1.89 -0.80 -2.38 -1.67 0.00
-1.92 -0.84 -2.43 -1.70 0.00
-1.94 -0.88 -2.38 -1.78 0.00
-1.95 -0.88 -2.88 -1.25 1.00
-1.95 -0.89 -2.86 -0.47 1.00
-1.98 -0.87 -2.87 -0.41 0.00
-2.03 -0.85 -2.93 -0.41 0.00
-2.06 -0.83 -2.94 -0.37 0.00
-2.09 -0.81 -2.95 -0.31 0.00
-2.08 -0.81 -2.84 -0.17 0.00
-2.15 -0.79 -3.08 -0.43 0.00
-2.17 -0.78 -3.12 -0.47 0.00
-2.21 -0.76 -3.11 -0.32 0.00
-2.26 -0.74 -3.25 -0.59 0.00
-2.30 -0.72 -3.30 -0.82 0.00
-2.33 -0.71 -3.33 -0.74 0.00
-2.36 -0.71 -3.35 -0.78 0.00
-2.39 -0.71 -3.39 -0.77 0.00
-2.42 -0.71 -3.41 -0.78 0.00
-2.44 -0.72 -3.43 -0.85 0.00
-2.49 -0.73 -3.42 -1.08 0.00
-2.53 -0.80 -3.49 -1.07 0.00
-2.56 -0.79 -3.55 -0.98 0.00
-2.59 -0.77 -3.58 -0.87 0.00
-2.63 -0.78 -3.61 -0.98 0.00
-2.67 -0.77 -3.60 -1.15 0.00
-2.70 -0.79 -3.60 -1.22 0.00
-2.73 -0.79 -3.56 -1.34 0.00
-2.77 -0.81 -3.53 -1.46 0.00
-2.80 -0.81 -3.46 -1.56 0.00
-2.83 -0.82 -3.40 -1.64 0.00
-2.88 -0.83 -3.40 -1.69 0.00
-2.86 -0.85 -3.35 -1.73 0.00
-2.90 -0.89 -3.38 -1.76 0.00
-2.92 -0.92 -3.35 -1.82 0.00
-2.94 -0.95 -3.27 -1.90 0.00
-2.93 -1.03 -2.99 -2.03 0.00
-2.93 -1.04 -3.69 -1.70 1.00
-2.89 -1.01 -3.89 -1.01 1.00
-2.91 -1.01 -3.89 -1.19 0.00
-2.93 -1.02 -3.92 -1.15 0.00
-3.03 -1.06 -3.97 -0.71 0.00
-3.05 -1.07 -4.01 -0.81 0.00
-3.07 -1.10 -4.06 -1.04 0.00
-3.12 -1.05 -3.98 -0.54 0.00
-3.14 -1.03 -3.99 -0.49 0.00
-3.17 -1.00 -4.07 -0.55 0.00
-3.22 -0.96 -4.09 -0.48 0.00
-3.25 -0.92 -4.13 -0.44 0.00
-3.27 -0.96 -4.13 -0.46 0.00
-3.30 -0.92 -4.02 -0.22 0.00
-3.31 -0.92 -4.13 -0.34 0.00
-3.36 -0.90 -4.12 -0.25 0.00
-3.37 -0.90 -4.08 -0.20 0.00
-3.40 -0.89 -4.13 -0.21 0.00
-3.43 -0.88 -4.07 -0.11 0.00
-3.47 -0.85 -4.07 -0.04 0.00
-3.50 -0.80 -3.98 0.08 0.00
-3.51 -0.78 -4.06 0.05 0.00
-3.54 -0.76 -4.05 0.09 0.00
-3.56 -0.74 -4.09 0.11 0.00
-3.58 -0.70 -4.04 0.18 0.00
-3.60 -0.68 -4.10 0.18 0.00
-3.62 -0.65 -4.07 0.24 0.00
-3.63 -0.63 -4.05 0.27 0.00
-3.65 -0.59 -4.06 0.32 0.00
-3.67 -0.55 -4.07 0.37 0.00
-3.67 -0.55 -4.00 0.40 0.00
-3.69 -0.50 -4.08 0.42 0.00
-3.71 -0.43 -4.02 0.52 0.00
-3.72 -0.42 -4.05 0.53 0.00
-3.73 -0.38 -4.04 0.58 0.00
-3.75 -0.34 -3.98 0.63 0.00
-3.76 -0.31 -3.96 0.67 0.00
-3.77 -0.27 -3.92 0.72 0.00
-3.78 -0.23 -3.81 0.77 0.00
-3.79 -0.20 -3.75 0.80 0.00
-3.80 -0.16 -3.71 0.84 0.00
-3.81 -0.13 -3.70 0.87 0.00
-3.81 -0.09 -3.67 0.90 0.00
-3.80 -0.06 -3.66 0.93 0.00
-3.80 -0.02 -3.67 0.97 0.00
-3.79 0.01 -3.65 1.00 0.00
-3.78 0.03 -3.67 1.02 0.00
-3.79 0.07 -3.60 1.05 0.00
-3.78 0.07 -3.64 1.06 0.00
-3.77 0.13 -3.60 1.11 0.00
-3.77 0.12 -2.93 0.66 1.00
-3.75 0.06 -2.75 -0.01 1.00
-3.71 0.06 -2.72 -0.07 0.00
-3.68 0.05 -2.70 -0.16 0.00
-3.66 0.04 -2.70 -0.24 0.00
-3.61 0.04 -2.64 -0.21 0.00
