1.40 -1.00 2.28 -1.47 0.00
1.40 -1.00 1.69 -1.95 1.00
1.40 -0.99 0.93 -1.88 1.00
1.39 -1.02 0.82 -1.85 0.00
1.35 -1.05 0.86 -1.92 0.00
1.32 -1.12 0.65 -1.86 0.00
1.35 -1.16 0.47 -1.64 0.00
1.30 -1.19 0.39 -1.60 0.00
1.28 -1.22 0.41 -1.71 0.00
1.22 -1.23 0.37 -1.77 0.00
1.21 -1.23 0.29 -1.62 0.00
1.16 -1.26 0.29 -1.76 0.00
1.10 -1.27 0.24 -1.77 0.00
1.09 -1.28 0.11 -1.47 0.00
1.04 -1.31 0.05 -1.46 0.00
1.01 -1.32 0.01 -1.44 0.00
0.95 -1.35 -0.04 -1.55 0.00
0.91 -1.38 -0.08 -1.51 0.00
0.89 -1.39 -0.10 -1.49 0.00
0.86 -1.39 -0.13 -1.53 0.00
0.82 -1.39 -0.16 -1.58 0.00
0.80 -1.39 -0.18 -1.62 0.00
0.75 -1.42 -0.25 -1.50 0.00
0.74 -1.43 -0.24 -1.26 0.00
0.67 -1.42 -0.33 -1.45 0.00
0.60 -1.40 -0.40 -1.39 0.00
0.59 -1.43 -0.39 -1.24 0.00
0.54 -1.43 -0.45 -1.25 0.00
0.49 -1.42 -0.47 -1.17 0.00
0.45 -1.43 -0.52 -1.23 0.00
0.42 -1.42 -0.54 -1.14 0.00
0.38 -1.42 -0.60 -1.21 0.00
0.37 -1.38 -0.52 -0.92 0.00
0.29 -1.37 -0.70 -1.23 0.00
0.24 -1.38 -0.75 -1.24 0.00
0.25 -1.38 -0.32 -0.55 1.00
0.22 -1.38 -0.17 -0.46 0.00
0.20 -1.31 -0.36 -0.48 0.00
0.17 -1.26 -0.44 -0.47 0.00
0.15 -1.22 -0.57 -0.52 0.00
0.12 -1.19 -0.64 -0.54 0.00
0.09 -1.14 -0.71 -0.54 0.00
0.08 -1.11 -0.76 -0.56 0.00
0.04 -1.08 -0.80 -0.55 0.00
0.01 -1.06 -0.83 -0.51 0.00
-0.03 -1.03 -0.89 -0.53 0.00
-0.07 -0.99 -0.95 -0.52 0.00
-0.09 -0.99 -0.96 -0.48 0.00
-0.13 -0.97 -1.01 -0.50 0.00
-0.16 -0.94 -1.07 -0.54 0.00
-0.20 -0.93 -1.13 -0.56 0.00
-0.24 -0.89 -1.20 -0.59 0.00
-0.28 -0.85 -1.26 -0.64 0.00
-0.33 -0.86 -1.30 -0.59 0.00
-0.37 -0.85 -1.33 -0.57 0.00
-0.41 -0.85 -1.39 -0.65 0.00
-0.42 -0.84 -1.41 -0.66 0.00
-0.48 -0.81 -1.42 -0.48 0.00
-0.52 -0.81 -1.47 -0.51 0.00
-0.56 -0.80 -1.50 -0.47 0.00
-0.61 -0.76 -1.54 -0.40 0.00
-0.65 -0.76 -1.57 -0.36 0.00
-0.71 -0.75 -1.43 -0.06 0.00
-0.72 -0.74 -1.20 0.14 0.00
-0.77 -0.71 -1.72 -0.40 0.00
-0.81 -0.66 -1.64 -0.11 0.00
-0.90 -0.69 -1.86 -0.40 0.00
-0.91 -0.68 -1.87 -0.43 0.00
-0.94 -0.67 -1.92 -0.43 0.00
-0.99 -0.66 -1.95 -0.41 0.00
-1.03 -0.65 -2.00 -0.41 0.00
-1.06 -0.64 -2.03 -0.40 0.00
-1.10 -0.63 -2.07 -0.37 0.00
-1.14 -0.62 -2.11 -0.38 0.00
-1.18 -0.61 -2.15 -0.37 0.00
-1.22 -0.60 -2.20 -0.38 0.00
-1.26 -0.59 -2.23 -0.35 0.00
-1.30 -0.58 -2.27 -0.35 0.00
-1.34 -0.57 -2.32 -0.36 0.00
-1.38 -0.56 -2.36 -0.37 0.00
-1.42 -0.55 -2.40 -0.33 0.00
-1.46 -0.54 -2.44 -0.36 0.00
-1.50 -0.54 -2.49 -0.38 0.00
-1.54 -0.53 -2.53 -0.40 0.00
-1.58 -0.52 -2.57 -0.37 0.00
-1.61 -0.52 -2.61 -0.39 0.00
-1.66 -0.51 -2.65 -0.38 0.00
-1.70 -0.50 -2.69 -0.37 0.00
-1.74 -0.50 -2.73 -0.39 0.00
-1.77 -0.49 -2.76 -0.34 0.00
-1.81 -0.49 -2.80 -0.34 0.00
-1.86 -0.48 -2.84 -0.31 0.00
-1.90 -0.47 -2.89 -0.33 0.00
-1.93 -0.47 -2.92 -0.32 0.00
-1.97 -0.46 -2.96 -0.32 0.00
-2.01 -0.46 -3.00 -0.32 0.00
-2.05 -0.45 -3.04 -0.32 0.00
-2.09 -0.45 -3.08 -0.30 0.00
-2.13 -0.44 -3.12 -0.28 0.00
-2.17 -0.43 -3.17 -0.31 0.00
-2.21 -0.43 -3.20 -0.30 0.00
-2.25 -0.42 -3.24 -0.29 0.00
-2.29 -0.42 -3.28 -0.28 0.00
-2.33 -0.41 -3.32 -0.27 0.00
-2.38 -0.40 -3.36 -0.25 0.00
-2.43 -0.40 -3.39 -0.14 0.00
-2.46 -0.40 -3.44 -0.24 0.00
-2.49 -0.39 -3.48 -0.24 0.00
-2.53 -0.39 -3.52 -0.24 0.00
-2.57 -0.38 -3.56 -0.26 0.00
-2.61 -0.37 -3.60 -0.25 0.00
-2.65 -0.37 -3.64 -0.25 0.00
-2.69 -0.36 -3.68 -0.22 0.00
-2.73 -0.36 -3.73 -0.29 0.00
-2.77 -0.35 -3.76 -0.22 0.00
-2.81 -0.35 -3.81 -0.23 0.00
-2.85 -0.34 -3.84 -0.21 0.00
-2.89 -0.34 -3.88 -0.21 0.00
-2.94 -0.33 -3.93 -0.25 0.00
-2.97 -0.33 -3.96 -0.19 0.00
-3.01 -0.32 -4.00 -0.19 0.00
-3.05 -0.32 -4.04 -0.17 0.00
-3.09 -0.31 -4.09 -0.21 0.00
-3.13 -0.31 -4.12 -0.16 0.00
-3.17 -0.30 -4.16 -0.16 0.00
-3.21 -0.30 -4.20 -0.16 0.00
-3.25 -0.29 -4.24 -0.16 0.00
-3.29 -0.29 -4.28 -0.12 0.00
-3.33 -0.28 -4.32 -0.12 0.00
-3.37 -0.27 -4.36 -0.11 0.00
-3.41 -0.27 -4.40 -0.11 0.00
-3.45 -0.26 -4.43 -0.09 0.00
-3.49 -0.26 -4.46 -0.05 0.00
-3.53 -0.26 -4.49 0.01 0.00
-3.57 -0.25 -4.54 -0.00 0.00
-3.61 -0.24 -4.57 0.01 0.00
-3.65 -0.23 -4.62 -0.00 0.00
-3.69 -0.22 -4.67 -0.01 0.00
-3.73 -0.21 -4.71 -0.02 0.00
-3.77 -0.20 -4.76 -0.04 0.00
-3.81 -0.19 -4.80 -0.06 0.00
-3.85 -0.18 -4.85 -0.11 0.00
-3.89 -0.17 -4.89 -0.13 0.00
-3.93 -0.16 -4.93 -0.13 0.00
-3.97 -0.16 -4.97 -0.14 0.00
-4.01 -0.16 -5.01 -0.17 0.00
-4.05 -0.16 -5.05 -0.16 0.00
-4.09 -0.16 -5.09 -0.17 0.00
-4.13 -0.16 -5.13 -0.18 0.00
-4.17 -0.16 -5.17 -0.19 0.00
-4.21 -0.16 -5.21 -0.18 0.00
-4.25 -0.16 -5.25 -0.18 0.00
-4.29 -0.16 -5.29 -0.18 0.00
-4.33 -0.16 -5.33 -0.19 0.00
-4.37 -0.16 -5.37 -0.19 0.00
-4.41 -0.17 -5.41 -0.18 0.00
-4.45 -0.17 -5.45 -0.19 0.00
-4.49 -0.17 -5.49 -0.20 0.00
-4.53 -0.16 -5.53 -0.20 0.00
-4.56 -0.16 -5.55 -0.25 0.00
-4.59 -0.16 -5.59 -0.27 0.00
-4.64 -0.16 -5.64 -0.23 0.00
-4.70 -0.16 -5.69 -0.24 0.00
-4.73 -0.16 -5.72 -0.28 0.00
-4.76 -0.15 -5.75 -0.28 0.00
-4.79 -0.16 -5.77 -0.35 0.00
-4.84 -0.17 -5.82 -0.40 0.00
-4.88 -0.17 -5.85 -0.38 0.00
-4.93 -0.18 -5.90 -0.40 0.00
-4.97 -0.19 -5.93 -0.45 0.00
-4.99 -0.19 -5.93 -0.53 0.00
-5.04 -0.20 -5.99 -0.53 0.00
-5.07 -0.21 -6.02 -0.53 0.00
-5.11 -0.22 -6.05 -0.55 0.00
-5.14 -0.22 -6.07 -0.59 0.00
-5.17 -0.24 -6.09 -0.64 0.00
-5.21 -0.25 -6.11 -0.69 0.00
-5.24 -0.27 -6.12 -0.75 0.00
-5.28 -0.27 -6.13 -0.79 0.00
-5.29 -0.29 -6.13 -0.83 0.00
-5.32 -0.31 -6.17 -0.84 0.00
-5.35 -0.34 -6.18 -0.89 0.00
-5.37 -0.37 -6.20 -0.94 0.00
-5.42 -0.38 -6.20 -1.00 0.00
-5.45 -0.41 -6.22 -1.05 0.00
-5.49 -0.43 -6.22 -1.11 0.00
-5.53 -0.44 -6.25 -1.13 0.00
-5.56 -0.47 -6.27 -1.17 0.00
-5.59 -0.49 -6.29 -1.21 0.00
-5.62 -0.52 -6.32 -1.23 0.00
-5.64 -0.54 -6.35 -1.24 0.00
-5.68 -0.57 -6.35 -1.31 0.00
-5.69 -0.59 -6.37 -1.32 0.00
-5.72 -0.59 -6.32 -1.39 0.00
-5.74 -0.68 -6.43 -1.41 0.00
-5.75 -0.70 -6.46 -1.41 0.00
-5.77 -0.74 -6.46 -1.47 0.00
-5.82 -0.75 -6.46 -1.52 0.00
-5.83 -0.78 -6.68 -1.31 0.00
-5.86 -0.81 -6.73 -1.31 0.00
-5.88 -0.84 -6.78 -1.27 0.00
-5.91 -0.86 -6.84 -1.22 0.00
-5.94 -0.89 -6.90 -1.18 0.00
-5.96 -0.90 -6.94 -1.12 0.00
-5.99 -0.90 -6.96 -1.15 0.00
-6.01 -0.91 -6.95 -1.25 0.00
-6.06 -0.89 -7.01 -1.21 0.00
-6.10 -0.93 -7.07 -1.18 0.00
-6.14 -0.92 -7.01 -1.41 0.00
-6.17 -0.94 -7.15 -1.15 0.00
-6.19 -0.94 -7.19 -0.99 0.00
-6.23 -0.92 -7.23 -0.94 0.00
-6.28 -0.91 -7.28 -0.92 0.00
-6.32 -0.92 -7.31 -0.83 0.00
-6.34 -0.91 -7.33 -0.78 0.00
-6.39 -0.93 -7.34 -0.60 0.00
-6.43 -0.93 -7.33 -0.51 0.00
-6.46 -0.92 -7.29 -0.36 0.00
-6.50 -0.94 -7.33 -0.38 0.00
-6.53 -0.93 -7.33 -0.32 0.00
-6.54 -0.93 -7.18 -0.17 0.00
-6.59 -0.88 -7.37 -0.25 0.00
-6.62 -0.85 -7.42 -0.24 0.00
-6.66 -0.83 -7.45 -0.22 0.00
-6.70 -0.80 -7.52 -0.23 0.00
-6.71 -0.79 -7.47 -0.14 0.00
-6.75 -0.78 -7.51 -0.12 0.00
-6.77 -0.75 -7.43 0.00 0.00
-6.80 -0.76 -7.36 0.07 0.00
-6.84 -0.66 -6.95 0.33 0.00
-6.86 -0.63 -7.18 0.32 0.00
-6.86 -0.60 -6.95 0.40 0.00
-6.89 -0.57 -6.98 0.42 0.00
-6.92 -0.57 -6.95 0.43 0.00
-6.94 -0.56 -6.87 0.44 0.00
-6.94 -0.52 -6.87 0.48 0.00
-6.93 -0.48 -6.88 0.52 0.00
-6.93 -0.44 -6.87 0.55 0.00
-6.90 -0.41 -6.99 0.58 0.00
-6.90 -0.37 -6.93 0.63 0.00
-6.89 -0.36 -6.86 0.64 0.00
-6.93 -0.29 -6.89 0.71 0.00
-6.94 -0.25 -6.88 0.75 0.00
-6.94 -0.21 -6.91 0.79 0.00
-6.95 -0.16 -6.87 0.84 0.00
-6.94 -0.11 -6.70 0.86 0.00
-6.95 -0.07 -6.68 0.89 0.00
-6.94 -0.05 -6.57 0.88 0.00
-6.95 0.02 -6.45 0.88 0.00
-6.96 0.04 -6.40 0.87 0.00
-6.98 0.08 -6.31 0.82 0.00
-6.95 0.12 -6.38 0.93 0.00
-6.92 0.14 -6.26 0.89 0.00
-6.87 0.18 -6.27 0.98 0.00
-6.86 0.21 -6.29 1.03 0.00
-6.83 0.22 -6.31 1.07 0.00
-6.79 0.26 -6.39 1.18 0.00
-6.73 0.29 -6.11 1.08 0.00
-6.71 0.31 -6.08 1.09 0.00
-6.69 0.36 -6.11 1.18 0.00
-6.60 0.39 -5.72 0.88 0.00
-6.57 0.44 -5.70 0.93 0.00
-6.57 0.48 -5.64 0.85 0.00
-6.57 0.49 -5.67 0.93 0.00
-6.57 0.52 -5.62 0.85 0.00
-6.55 0.56 -5.57 0.78 0.00
-6.53 0.59 -5.54 0.75 0.00
-6.48 0.60 -5.49 0.72 0.00
-6.43 0.60 -5.44 0.74 0.00
-6.38 0.61 -5.39 0.74 0.00
-6.33 0.62 -5.34 0.74 0.00
-6.28 0.62 -5.28 0.74 0.00
-6.23 0.63 -5.23 0.73 0.00
-6.18 0.64 -5.18 0.72 0.00
-6.13 0.64 -5.13 0.73 0.00
-6.08 0.65 -5.08 0.72 0.00
-6.04 0.66 -5.04 0.68 0.00
-5.99 0.66 -4.99 0.67 0.00
-5.94 0.66 -4.94 0.62 0.00
-5.91 0.66 -4.91 0.58 0.00
-5.85 0.68 -4.86 0.56 0.00
-5.82 0.67 -4.84 0.49 0.00
-5.77 0.67 -4.80 0.44 0.00
-5.72 0.68 -4.76 0.39 0.00
-5.69 0.67 -4.73 0.37 0.00
-5.65 0.65 -4.69 0.35 0.00
-5.60 0.65 -4.66 0.31 0.00
-5.57 0.64 -4.62 0.35 0.00
-5.51 0.61 -4.57 0.27 0.00
-5.48 0.61 -4.54 0.26 0.00
-5.44 0.60 -4.51 0.24 0.00
-5.40 0.58 -4.49 0.17 0.00
-5.35 0.56 -4.41 0.22 0.00
-5.32 0.54 -4.39 0.17 0.00
-5.29 0.53 -4.35 0.18 0.00
-5.25 0.51 -4.32 0.14 0.00
-5.21 0.49 -4.28 0.12 0.00
-5.16 0.49 -4.24 0.11 0.00
-5.12 0.47 -4.21 0.05 0.00
-5.08 0.46 -4.18 0.04 0.00
-5.05 0.44 -4.16 -0.01 0.00
-5.00 0.43 -4.11 -0.01 0.00
-4.98 0.40 -4.10 -0.08 0.00
-4.94 0.39 -4.08 -0.12 0.00
-4.90 0.37 -4.07 -0.18 0.00
-4.86 0.35 -4.06 -0.25 0.00
-4.82 0.31 -4.06 -0.34 0.00
-4.79 0.30 -4.05 -0.37 0.00
-4.74 0.28 -3.99 -0.38 0.00
-4.72 0.27 -4.01 -0.43 0.00
-4.69 0.24 -3.97 -0.45 0.00
-4.66 0.19 -3.88 -0.43 0.00
-4.63 0.17 -3.84 -0.44 0.00
-4.58 0.15 -3.78 -0.45 0.00
-4.56 0.12 -3.75 -0.46 0.00
-4.52 0.09 -3.65 -0.40 0.00
-4.51 0.06 -3.66 -0.48 0.00
-4.47 0.03 -3.62 -0.50 0.00
-4.43 0.01 -3.54 -0.44 0.00
-4.41 -0.02 -3.56 -0.54 0.00
-4.37 -0.04 -3.51 -0.54 0.00
-4.34 -0.06 -3.48 -0.57 0.00
-4.31 -0.08 -3.49 -0.66 0.00
-4.27 -0.10 -3.49 -0.72 0.00
-4.24 -0.13 -3.44 -0.73 0.00
-4.21 -0.15 -3.42 -0.76 0.00
-4.18 -0.17 -3.38 -0.77 0.00
-4.15 -0.20 -3.32 -0.76 0.00
-4.12 -0.23 -3.28 -0.78 0.00
-4.09 -0.25 -3.25 -0.80 0.00
-4.05 -0.27 -3.22 -0.82 0.00
-4.02 -0.29 -3.17 -0.82 0.00
-4.00 -0.31 -3.13 -0.81 0.00
-3.96 -0.34 -3.11 -0.87 0.00
-3.92 -0.36 -3.11 -0.94 0.00
-3.89 -0.38 -3.07 -0.96 0.00
-3.86 -0.40 -3.04 -0.98 0.00
-3.82 -0.42 -3.01 -1.01 0.00
-3.78 -0.43 -3.00 -1.05 0.00
-3.74 -0.42 -3.05 -1.15 0.00
-3.72 -0.42 -3.14 -1.24 0.00
-3.67 -0.46 -3.12 -1.30 0.00
-3.66 -0.52 -3.03 -1.29 0.00
-3.65 -0.53 -2.90 -1.20 0.00
-3.60 -0.57 -3.01 -1.37 0.00
-3.58 -0.60 -2.97 -1.39 0.00
-3.55 -0.63 -3.01 -1.48 0.00
-3.52 -0.65 -3.00 -1.51 0.00
-3.48 -0.68 -3.09 -1.60 0.00
-3.47 -0.73 -3.05 -1.63 0.00
-3.45 -0.76 -2.99 -1.65 0.00
-3.44 -0.79 -2.97 -1.68 0.00
-3.41 -0.83 -2.89 -1.68 0.00
-3.38 -0.87 -2.92 -1.76 0.00
-3.38 -0.90 -2.80 -1.71 0.00
-3.35 -0.93 -2.71 -1.70 0.00
-3.35 -0.93 -3.39 -1.93 1.00
-3.33 -0.94 -4.11 -1.57 1.00
-3.34 -0.93 -4.31 -0.68 1.00
-3.35 -0.94 -3.71 -0.00 1.00
-3.37 -0.90 -3.64 0.06 0.00
-3.40 -0.86 -3.65 0.10 0.00
-3.41 -0.83 -3.65 0.14 0.00
-3.40 -0.79 -3.62 0.19 0.00
-3.42 -0.75 -3.66 0.22 0.00
-3.44 -0.71 -3.73 0.25 0.00
-3.44 -0.66 -3.72 0.31 0.00
-3.47 -0.62 -3.87 0.29 0.00
-3.48 -0.59 -3.95 0.30 0.00
-3.50 -0.49 -4.31 0.09 0.00
-3.47 -0.47 -3.99 0.39 0.00
-3.50 -0.45 -4.26 0.20 0.00
-3.53 -0.42 -4.25 0.27 0.00
-3.57 -0.39 -4.35 0.24 0.00
-3.60 -0.37 -4.36 0.28 0.00
-3.62 -0.34 -4.42 0.26 0.00
-3.65 -0.32 -4.46 0.27 0.00
-3.68 -0.29 -4.47 0.31 0.00
-3.71 -0.27 -4.49 0.36 0.00
-3.74 -0.25 -4.51 0.39 0.00
-3.77 -0.22 -4.50 0.46 0.00
-3.81 -0.21 -4.51 0.51 0.00
-3.84 -0.18 -4.52 0.55 0.00
-3.87 -0.16 -4.54 0.59 0.00
-3.89 -0.13 -4.56 0.61 0.00
-3.92 -0.10 -4.59 0.64 0.00
-3.94 -0.07 -4.62 0.66 0.00
-3.97 -0.04 -4.66 0.68 0.00
-3.99 -0.02 -4.71 0.68 0.00
-4.02 0.01 -4.75 0.69 0.00
-4.04 0.04 -4.81 0.68 0.00
-4.07 0.06 -4.84 0.70 0.00
-4.10 0.07 -4.86 0.71 0.00
-4.15 0.10 -4.83 0.83 0.00
-4.16 0.11 -4.92 0.76 0.00
-4.19 0.20 -4.99 0.80 0.00
-4.22 0.19 -4.92 0.90 0.00
-4.26 0.22 -4.99 0.89 0.00
-4.31 0.27 -4.63 1.22 0.00
-4.33 0.25 -5.06 0.93 0.00
-4.36 0.28 -5.18 0.85 0.00
-4.40 0.32 -5.29 0.78 0.00
-4.43 0.34 -5.26 0.89 0.00
-4.44 0.37 -5.24 0.97 0.00
-4.45 0.39 -5.33 0.85 0.00
-4.48 0.41 -5.32 0.96 0.00
-4.52 0.44 -5.38 0.95 0.00
-4.54 0.47 -5.44 0.91 0.00
-4.56 0.50 -5.50 0.87 0.00
-4.60 0.53 -5.55 0.84 0.00
-4.64 0.54 -5.60 0.82 0.00
-4.68 0.56 -5.64 0.82 0.00
-4.72 0.57 -5.70 0.79 0.00
-4.76 0.59 -5.73 0.81 0.00
-4.79 0.60 -5.78 0.74 0.00
-4.84 0.61 -5.83 0.74 0.00
-4.86 0.62 -5.85 0.75 0.00
-4.91 0.62 -5.91 0.71 0.00
-4.94 0.64 -5.94 0.67 0.00
-4.98 0.63 -5.98 0.63 0.00
-5.01 0.63 -6.01 0.55 0.00
-5.07 0.65 -6.05 0.50 0.00
-5.10 0.64 -6.08 0.44 0.00
-5.14 0.64 -6.11 0.38 0.00
-5.17 0.63 -6.12 0.33 0.00
-5.21 0.62 -6.15 0.27 0.00
-5.25 0.62 -6.16 0.20 0.00
-5.29 0.61 -6.17 0.12 0.00
-5.33 0.60 -6.18 0.08 0.00
-5.36 0.58 -6.18 0.01 0.00
-5.41 0.57 -6.18 -0.07 0.00
-5.45 0.54 -6.19 -0.13 0.00
-5.46 0.53 -6.21 -0.13 0.00
-5.50 0.51 -6.24 -0.16 0.00
-5.52 0.49 -6.26 -0.19 0.00
-5.55 0.47 -6.23 -0.27 0.00
-5.57 0.43 -6.19 -0.36 0.00
-5.61 0.40 -6.17 -0.43 0.00
-5.63 0.37 -6.14 -0.49 0.00
-5.65 0.36 -6.12 -0.53 0.00
-5.67 0.33 -6.09 -0.58 0.00
-5.70 0.30 -6.09 -0.62 0.00
-5.69 0.26 -6.01 -0.69 0.00
-5.73 0.24 -6.02 -0.71 0.00
-5.75 0.18 -5.96 -0.80 0.00
-5.76 0.17 -5.93 -0.82 0.00
-5.78 0.11 -5.88 -0.89 0.00
-5.80 0.08 -5.88 -0.91 0.00
-5.79 0.03 -5.86 -0.97 0.00
-5.80 0.01 -5.92 -0.98 0.00
-5.80 -0.03 -5.86 -1.03 0.00
-5.80 -0.07 -5.82 -1.07 0.00
-5.81 -0.11 -5.85 -1.11 0.00
-5.80 -0.16 -5.76 -1.16 0.00
-5.82 -0.18 -5.74 -1.17 0.00
-5.81 -0.23 -5.70 -1.23 0.00
-5.80 -0.27 -5.68 -1.26 0.00
-5.80 -0.32 -5.61 -1.30 0.00
-5.80 -0.36 -5.59 -1.33 0.00
-5.79 -0.40 -5.52 -1.37 0.00
-5.79 -0.44 -5.47 -1.39 0.00
-5.78 -0.48 -5.43 -1.41 0.00
-5.78 -0.52 -5.39 -1.44 0.00
-5.77 -0.55 -5.35 -1.46 0.00
-5.75 -0.58 -5.34 -1.49 0.00
-5.73 -0.60 -5.36 -1.53 0.00
-5.71 -0.67 -5.27 -1.57 0.00
-5.70 -0.70 -5.24 -1.58 0.00
-5.69 -0.71 -5.25 -1.61 0.00
-5.68 -0.77 -5.23 -1.66 0.00
-5.66 -0.80 -5.20 -1.69 0.00
-5.64 -0.82 -5.08 -1.64 0.00
-5.64 -0.81 -5.82 -1.80 1.00
-5.65 -0.81 -6.51 -1.31 1.00
-5.68 -0.83 -6.61 -1.22 0.00
-5.70 -0.86 -6.69 -0.97 0.00
-5.75 -0.87 -6.73 -1.06 0.00
-5.78 -0.89 -6.78 -0.99 0.00
-5.81 -0.91 -6.81 -0.85 0.00
-5.85 -0.90 -6.80 -0.59 0.00
-5.88 -0.94 -6.86 -0.72 0.00
-5.92 -0.92 -6.89 -0.69 0.00
-5.96 -0.90 -6.92 -0.64 0.00
-6.00 -0.91 -6.94 -0.56 0.00
-6.04 -0.91 -7.01 -0.70 0.00
-6.07 -0.91 -7.05 -0.70 0.00
-6.11 -0.92 -7.08 -0.67 0.00
-6.14 -0.88 -7.09 -0.57 0.00
-6.17 -0.87 -7.14 -0.62 0.00
-6.22 -0.89 -7.16 -0.57 0.00
-6.26 -0.88 -7.12 -0.39 0.00
-6.29 -0.86 -7.06 -0.23 0.00
-6.33 -0.86 -7.01 -0.13 0.00
-6.37 -0.86 -6.91 -0.02 0.00
-6.39 -0.84 -6.86 0.04 0.00
-6.42 -0.82 -6.75 0.12 0.00
-6.43 -0.80 -6.77 0.14 0.00
-6.45 -0.79 -6.87 0.12 0.00
-6.45 -0.76 -6.70 0.21 0.00
-6.48 -0.69 -6.78 0.27 0.00
-6.51 -0.61 -6.93 0.30 0.00
-6.51 -0.59 -6.79 0.37 0.00
-6.54 -0.57 -6.90 0.36 0.00
-6.55 -0.54 -6.89 0.40 0.00
-6.57 -0.51 -6.91 0.43 0.00
-6.58 -0.47 -6.92 0.47 0.00
-6.59 -0.43 -6.86 0.53 0.00
-6.61 -0.39 -6.79 0.59 0.00
-6.62 -0.36 -6.71 0.64 0.00
-6.64 -0.32 -6.63 0.68 0.00
-6.65 -0.29 -6.57 0.71 0.00
-6.66 -0.25 -6.49 0.74 0.00
-6.67 -0.22 -6.40 0.74 0.00
-6.67 -0.19 -6.41 0.78 0.00
-6.64 -0.15 -6.42 0.83 0.00
-6.63 -0.10 -6.34 0.85 0.00
-6.64 -0.07 -6.41 0.90 0.00
-6.62 -0.04 -6.37 0.93 0.00
-6.61 0.01 -6.32 0.97 0.00
-6.60 0.04 -6.29 0.99 0.00
-6.60 0.07 -6.31 1.03 0.00
-6.57 0.12 -6.37 1.10 0.00
-6.56 0.16 -6.24 1.11 0.00
-6.55 0.19 -6.11 1.09 0.00
-6.55 0.23 -5.94 1.03 0.00
-6.54 0.27 -5.87 1.01 0.00
-6.53 0.32 -5.80 1.01 0.00
-6.52 0.35 -5.69 0.91 0.00
-6.51 0.40 -5.62 0.84 0.00
-6.48 0.41 -5.61 0.90 0.00
-6.43 0.43 -5.55 0.90 0.00
-6.39 0.46 -5.52 0.95 0.00
-6.35 0.48 -5.48 0.97 0.00
-6.31 0.51 -5.43 0.98 0.00
-6.27 0.53 -5.39 1.01 0.00
-6.22 0.55 -5.34 1.03 0.00
-6.18 0.58 -5.29 1.03 0.00
-6.15 0.60 -5.26 1.07 0.00
-6.11 0.62 -5.21 1.05 0.00
-6.07 0.64 -5.14 1.01 0.00
-6.03 0.66 -5.08 0.96 0.00
-6.00 0.68 -5.03 0.91 0.00
-5.95 0.70 -4.96 0.82 0.00
-5.92 0.72 -4.92 0.81 0.00
-5.88 0.75 -4.88 0.75 0.00
-5.85 0.75 -4.85 0.74 0.00
-5.78 0.77 -4.78 0.72 0.00
-5.74 0.75 -4.74 0.75 0.00
-5.69 0.75 -4.69 0.73 0.00
-5.64 0.75 -4.64 0.72 0.00
-5.59 0.76 -4.60 0.69 0.00
-5.54 0.75 -4.54 0.66 0.00
-5.50 0.75 -4.50 0.67 0.00
-5.45 0.76 -4.46 0.67 0.00
-5.41 0.77 -4.42 0.64 0.00
-5.37 0.77 -4.38 0.58 0.00
-5.33 0.76 -4.36 0.49 0.00
-5.30 0.76 -4.33 0.48 0.00
-5.25 0.76 -4.29 0.47 0.00
-5.21 0.75 -4.27 0.41 0.00
-5.16 0.74 -4.25 0.34 0.00
-5.13 0.73 -4.21 0.34 0.00
-5.10 0.70 -4.18 0.30 0.00
-5.04 0.70 -4.12 0.30 0.00
-4.99 0.67 -4.11 0.20 0.00
-4.97 0.65 -4.11 0.13 0.00
-4.92 0.63 -4.08 0.09 0.00
-4.88 0.62 -4.06 0.05 0.00
-4.85 0.60 -4.05 0.00 0.00
-4.81 0.58 -4.03 -0.05 0.00
-4.78 0.56 -4.05 -0.11 0.00
-4.73 0.54 -4.05 -0.19 0.00
-4.71 0.51 -4.08 -0.26 0.00
-4.67 0.48 -4.10 -0.34 0.00
-4.65 0.45 -4.12 -0.39 0.00
-4.60 0.43 -4.09 -0.43 0.00
-4.58 0.40 -4.06 -0.45 0.00
-4.57 0.36 -4.09 -0.52 0.00
-4.54 0.31 -4.08 -0.58 0.00
-4.52 0.28 -4.02 -0.58 0.00
-4.49 0.25 -4.05 -0.65 0.00
-4.48 0.20 -4.01 -0.68 0.00
-4.46 0.16 -4.03 -0.74 0.00
-4.44 0.13 -4.01 -0.77 0.00
-4.42 0.09 -4.01 -0.83 0.00
-4.40 0.04 -4.01 -0.87 0.00
-4.38 0.01 -3.95 -0.89 0.00
-4.37 -0.03 -3.91 -0.91 0.00
-4.36 -0.06 -3.90 -0.96 0.00
-4.34 -0.10 -3.89 -0.99 0.00
-4.33 -0.13 -3.84 -1.00 0.00
-4.31 -0.17 -3.79 -1.02 0.00
-4.29 -0.20 -3.76 -1.05 0.00
-4.27 -0.23 -3.74 -1.08 0.00
-4.25 -0.26 -3.73 -1.12 0.00
-4.23 -0.30 -3.72 -1.16 0.00
-4.21 -0.33 -3.69 -1.18 0.00
-4.19 -0.36 -3.66 -1.21 0.00
-4.17 -0.39 -3.63 -1.24 0.00
-4.15 -0.43 -3.60 -1.26 0.00
-4.13 -0.44 -3.65 -1.32 0.00
-4.07 -0.45 -3.73 -1.39 0.00
-4.07 -0.44 -4.50 -1.34 1.00
-4.07 -0.44 -5.01 -0.77 1.00
-4.11 -0.45 -5.08 -0.68 0.00
-4.12 -0.45 -5.12 -0.45 0.00
-4.14 -0.44 -5.14 -0.32 0.00
-4.21 -0.46 -5.20 -0.32 0.00
-4.24 -0.50 -5.23 -0.40 0.00
-4.32 -0.50 -5.31 -0.65 0.00
-4.34 -0.45 -5.34 -0.41 0.00
-4.35 -0.46 -5.33 -0.29 0.00
-4.41 -0.46 -5.37 -0.21 0.00
-4.43 -0.48 -5.42 -0.34 0.00
-4.47 -0.50 -5.44 -0.25 0.00
