-0.30 -0.60 -0.32 0.40 0.00
-0.29 -0.56 -0.35 0.44 0.00
-0.29 -0.52 -0.38 0.47 0.00
-0.29 -0.48 -0.45 0.51 0.00
-0.29 -0.44 -0.42 0.55 0.00
-0.30 -0.40 -0.36 0.59 0.00
-0.30 -0.36 -0.25 0.64 0.00
-0.30 -0.31 -0.11 0.67 0.00
-0.31 -0.28 -0.11 0.70 0.00
-0.32 -0.24 -0.04 0.72 0.00
-0.32 -0.20 0.03 0.74 0.00
-0.33 -0.15 0.12 0.74 0.00
-0.32 -0.11 0.17 0.76 0.00
-0.29 -0.08 0.16 0.81 0.00
-0.28 -0.04 0.24 0.82 0.00
-0.26 0.00 0.28 0.84 0.00
-0.24 0.04 0.35 0.85 0.00
-0.21 0.08 0.47 0.82 0.00
-0.18 0.12 0.59 0.76 0.00
-0.15 0.16 0.69 0.70 0.00
-0.12 0.20 0.80 0.60 0.00
-0.09 0.24 0.88 0.49 0.00
-0.06 0.28 0.94 0.31 0.00
-0.03 0.32 0.97 0.27 0.00
0.01 0.32 1.01 0.22 0.00
0.05 0.31 1.04 0.25 0.00
0.09 0.31 1.09 0.26 0.00
0.13 0.31 1.13 0.25 0.00
0.17 0.31 1.16 0.22 0.00
0.21 0.31 1.21 0.24 0.00
0.26 0.30 1.25 0.26 0.00
0.30 0.29 1.30 0.34 0.00
0.33 0.30 1.33 0.22 0.00
0.37 0.30 1.36 0.16 0.00
0.41 0.30 1.38 0.07 0.00
0.46 0.30 1.43 0.08 0.00
0.49 0.30 1.47 0.08 0.00
0.53 0.29 1.51 0.10 0.00
0.57 0.28 1.55 0.07 0.00
0.59 0.27 1.57 0.08 0.00
0.62 0.22 1.62 0.32 0.00
0.69 0.25 1.67 0.06 0.00
0.73 0.25 1.72 0.07 0.00
0.74 0.23 1.72 0.04 0.00
0.82 0.23 1.81 0.12 0.00
0.86 0.22 1.86 0.21 0.00
0.90 0.21 1.88 0.05 0.00
0.93 0.17 1.89 -0.10 0.00
0.96 0.18 1.93 -0.06 0.00
1.00 0.19 1.99 -0.01 0.00
1.04 0.16 2.02 -0.05 0.00
1.02 0.15 1.95 -0.24 0.00
1.10 0.13 2.08 -0.05 0.00
1.12 0.14 2.09 -0.11 0.00
1.21 0.10 2.21 0.17 0.00
1.24 0.07 2.24 0.09 0.00
1.26 0.06 2.25 0.20 0.00
1.30 0.06 2.30 0.04 0.00
1.36 0.05 2.34 -0.10 0.00
1.41 0.06 2.41 -0.04 0.00
1.44 0.06 2.41 -0.15 0.00
1.49 0.06 2.49 0.03 0.00
1.51 0.05 2.51 -0.00 0.00
1.54 0.05 2.54 0.01 0.00
1.58 0.05 2.58 -0.01 0.00
1.62 0.04 2.62 0.02 0.00
1.66 0.04 2.66 0.04 0.00
1.70 0.04 2.70 0.01 0.00
1.74 0.04 2.74 -0.01 0.00
1.78 0.04 2.78 -0.00 0.00
1.82 0.03 2.82 0.00 0.00
1.86 0.03 2.86 0.01 0.00
1.89 0.03 2.89 0.01 0.00
1.94 0.03 2.94 0.02 0.00
1.97 0.03 2.97 -0.01 0.00
2.02 0.03 3.02 0.00 0.00
2.06 0.03 3.06 0.04 0.00
2.10 0.03 3.10 0.01 0.00
2.14 0.02 3.14 0.01 0.00
2.18 0.02 3.18 0.01 0.00
2.22 0.02 3.22 0.01 0.00
2.26 0.02 3.26 0.04 0.00
2.29 0.02 3.29 0.06 0.00
2.33 0.02 3.33 0.02 0.00
2.37 0.03 3.37 -0.04 0.00
2.41 0.02 3.41 0.01 0.00
2.45 0.02 3.45 0.04 0.00
2.45 0.02 3.42 0.27 0.00
2.52 -0.00 3.50 0.20 0.00
2.57 0.02 3.56 0.11 0.00
2.60 -0.01 3.53 0.36 0.00
2.66 0.02 3.63 0.26 0.00
2.66 0.01 3.59 0.38 0.00
2.74 0.03 3.69 0.34 0.00
2.80 0.03 3.75 0.33 0.00
2.84 0.04 3.77 0.41 0.00
2.89 0.06 3.77 0.53 0.00
2.94 0.10 3.78 0.63 0.00
2.96 0.10 3.80 0.64 0.00
2.99 0.12 3.81 0.69 0.00
3.02 0.13 3.84 0.70 0.00
3.06 0.15 3.86 0.75 0.00
3.09 0.17 3.88 0.79 0.00
3.12 0.19 3.90 0.83 0.00
3.16 0.22 3.92 0.86 0.00
3.19 0.24 3.96 0.88 0.00
3.21 0.27 3.96 0.93 0.00
3.25 0.29 3.98 0.97 0.00
3.28 0.32 3.97 1.04 0.00
3.31 0.34 3.95 1.11 0.00
3.34 0.36 3.94 1.16 0.00
3.37 0.39 3.90 1.23 0.00
3.40 0.42 3.89 1.28 0.00
3.41 0.45 3.83 1.35 0.00
3.43 0.49 3.87 1.39 0.00
3.44 0.53 3.86 1.43 0.00
3.45 0.55 3.74 1.51 0.00
3.47 0.58 3.75 1.54 0.00
3.53 0.62 3.87 1.57 0.00
3.51 0.66 3.76 1.62 0.00
3.52 0.69 3.73 1.66 0.00
3.52 0.73 3.67 1.72 0.00
3.54 0.79 3.75 1.77 0.00
3.57 0.81 3.65 1.81 0.00
3.56 0.87 3.52 1.87 0.00
3.57 0.89 3.33 1.87 0.00
3.58 0.93 3.25 1.87 0.00
3.59 0.98 3.31 1.95 0.00
3.61 1.04 3.20 1.95 0.00
3.60 1.09 3.39 2.07 0.00
3.56 1.11 3.21 2.05 0.00
3.57 1.16 3.12 2.05 0.00
3.47 1.18 2.59 1.66 0.00
3.47 1.21 2.56 1.64 0.00
3.45 1.22 2.48 1.46 0.00
3.44 1.28 2.51 1.64 0.00
3.43 1.32 2.51 1.69 0.00
3.44 1.36 2.53 1.77 0.00
3.42 1.38 2.50 1.79 0.00
3.37 1.41 2.45 1.80 0.00
3.32 1.43 2.40 1.83 0.00
3.27 1.45 2.35 1.83 0.00
3.22 1.47 2.29 1.83 0.00
3.17 1.49 2.23 1.82 0.00
3.13 1.52 2.18 1.83 0.00
3.09 1.53 2.13 1.80 0.00
3.05 1.54 2.07 1.74 0.00
3.01 1.55 2.01 1.64 0.00
2.97 1.56 1.97 1.56 0.00
2.93 1.58 1.94 1.46 0.00
2.89 1.59 1.90 1.42 0.00
2.85 1.60 1.88 1.35 0.00
2.81 1.61 1.86 1.30 0.00
2.76 1.59 1.82 1.27 0.00
2.75 1.60 1.81 1.26 0.00
2.67 1.58 1.81 1.08 0.00
2.63 1.54 1.69 1.21 0.00
2.56 1.53 1.64 1.14 0.00
2.53 1.51 1.65 1.05 0.00
2.52 1.51 1.56 1.24 0.00
2.43 1.51 1.57 1.01 0.00
2.44 1.52 1.53 1.94 1.00
2.44 1.52 2.12 2.47 1.00
2.46 1.53 2.87 2.43 1.00
2.48 1.58 2.95 2.46 0.00
2.47 1.58 2.92 2.48 0.00
2.49 1.62 2.96 2.50 0.00
2.52 1.70 3.05 2.55 0.00
2.55 1.71 3.02 2.59 0.00
2.56 1.73 3.16 2.53 0.00
2.55 1.77 3.18 2.55 0.00
2.59 1.81 3.10 2.67 0.00
2.63 1.84 3.06 2.74 0.00
2.64 1.87 3.15 2.73 0.00
2.66 1.92 3.13 2.80 0.00
2.65 1.90 3.12 2.79 0.00
2.67 1.94 3.16 2.81 0.00
2.70 2.00 3.15 2.90 0.00
2.72 2.03 3.12 2.94 0.00
2.74 2.06 3.09 3.00 0.00
2.75 2.04 3.68 2.42 1.00
2.74 2.04 3.65 1.62 1.00
2.79 2.00 3.65 1.49 0.00
2.82 1.99 3.65 1.44 0.00
2.83 1.98 3.62 1.37 0.00
2.91 1.95 3.68 1.31 0.00
2.92 1.93 3.64 1.24 0.00
2.97 1.92 3.69 1.23 0.00
3.05 1.90 3.67 1.12 0.00
3.04 1.89 3.59 1.05 0.00
3.07 1.81 3.47 0.90 0.00
3.11 1.82 3.75 1.06 0.00
3.13 1.79 3.73 0.98 0.00
3.16 1.76 3.69 0.91 0.00
3.18 1.73 3.63 0.83 0.00
3.21 1.69 3.59 0.77 0.00
3.24 1.67 3.56 0.73 0.00
3.26 1.64 3.46 0.66 0.00
3.27 1.60 3.45 0.62 0.00
3.27 1.56 3.49 0.58 0.00
3.28 1.52 3.48 0.54 0.00
3.29 1.48 3.47 0.50 0.00
3.30 1.44 3.47 0.46 0.00
3.31 1.41 3.46 0.42 0.00
3.31 1.36 3.45 0.37 0.00
3.32 1.33 3.44 0.33 0.00
3.33 1.29 3.43 0.29 0.00
3.33 1.25 3.43 0.25 0.00
3.34 1.21 3.43 0.21 0.00
3.34 1.17 3.45 0.18 0.00
3.35 1.13 3.37 0.13 0.00
3.35 1.09 3.29 0.09 0.00
3.36 1.05 3.18 0.06 0.00
3.36 1.01 3.10 0.04 0.00
3.34 0.97 3.10 -0.01 0.00
3.32 0.93 3.18 -0.06 0.00
3.32 0.89 3.13 -0.10 0.00
3.31 0.84 3.11 -0.14 0.00
3.30 0.80 3.08 -0.17 0.00
3.29 0.76 2.98 -0.19 0.00
3.28 0.72 2.87 -0.19 0.00
3.27 0.68 2.79 -0.19 0.00
3.27 0.64 2.69 -0.17 0.00
3.26 0.60 2.61 -0.16 0.00
3.25 0.56 2.55 -0.14 0.00
3.24 0.52 2.50 -0.15 0.00
3.20 0.49 2.46 -0.19 0.00
3.16 0.46 2.42 -0.21 0.00
3.13 0.42 2.37 -0.23 0.00
