-0.30 2.10 -0.22 3.10 0.00
-0.30 2.10 0.46 2.74 1.00
-0.30 2.10 0.70 2.01 1.00
-0.26 2.10 0.73 1.95 0.00
-0.21 2.09 0.76 1.87 0.00
-0.17 2.09 0.78 1.77 0.00
-0.13 2.09 0.79 1.69 0.00
-0.08 2.08 0.79 1.60 0.00
-0.04 2.08 0.77 1.49 0.00
0.01 2.08 0.77 1.44 0.00
0.03 2.05 0.80 1.41 0.00
0.06 2.03 0.84 1.41 0.00
0.08 2.01 0.87 1.39 0.00
0.12 1.99 0.85 1.31 0.00
0.14 1.96 0.87 1.27 0.00
0.17 1.94 0.85 1.21 0.00
0.20 1.91 0.86 1.16 0.00
0.22 1.90 0.89 1.15 0.00
0.23 1.89 0.97 1.21 0.00
0.25 1.86 1.00 1.21 0.00
0.29 1.81 0.91 1.03 0.00
0.33 1.79 0.87 0.95 0.00
0.37 1.76 0.81 0.86 0.00
0.40 1.73 0.75 0.80 0.00
0.43 1.70 0.69 0.73 0.00
0.47 1.68 0.60 0.68 0.00
0.47 1.63 0.65 0.64 0.00
0.48 1.59 0.65 0.61 0.00
0.48 1.55 0.67 0.57 0.00
0.49 1.51 0.65 0.52 0.00
0.50 1.47 0.63 0.48 0.00
0.51 1.43 0.61 0.43 0.00
0.51 1.39 0.59 0.39 0.00
0.52 1.35 0.57 0.35 0.00
0.53 1.31 0.55 0.31 0.00
0.53 1.27 0.49 0.27 0.00
0.53 1.23 0.45 0.24 0.00
0.53 1.19 0.44 0.20 0.00
0.53 1.15 0.37 0.16 0.00
0.53 1.11 0.33 0.13 0.00
0.53 1.07 0.29 0.10 0.00
0.53 1.03 0.24 0.08 0.00
0.52 0.99 0.24 0.03 0.00
0.51 0.95 0.22 -0.00 0.00
0.50 0.92 0.18 -0.03 0.00
0.49 0.87 0.11 -0.05 0.00
0.49 0.84 -0.00 -0.04 0.00
0.46 0.79 -0.02 -0.08 0.00
0.44 0.76 -0.02 -0.13 0.00
0.45 0.71 -0.13 -0.10 0.00
0.43 0.67 -0.17 -0.13 0.00
0.40 0.64 -0.20 -0.16 0.00
0.38 0.60 -0.24 -0.19 0.00
0.35 0.55 -0.30 -0.21 0.00
0.34 0.52 -0.24 -0.29 0.00
0.29 0.49 -0.35 -0.29 0.00
0.26 0.45 -0.39 -0.31 0.00
0.23 0.41 -0.41 -0.36 0.00
0.20 0.37 -0.47 -0.37 0.00
0.17 0.33 -0.50 -0.41 0.00
0.14 0.29 -0.54 -0.44 0.00
0.11 0.26 -0.58 -0.47 0.00
0.08 0.22 -0.63 -0.50 0.00
0.04 0.18 -0.66 -0.54 0.00
0.01 0.15 -0.70 -0.56 0.00
-0.03 0.10 -0.76 -0.58 0.00
-0.06 0.08 -0.75 -0.63 0.00
-0.07 0.04 -0.83 -0.61 0.00
-0.09 -0.01 -0.91 -0.58 0.00
-0.11 -0.05 -1.00 -0.51 0.00
-0.15 -0.06 -1.02 -0.57 0.00
-0.19 -0.09 -1.07 -0.57 0.00
-0.23 -0.11 -1.12 -0.57 0.00
-0.27 -0.13 -1.18 -0.54 0.00
-0.31 -0.16 -1.24 -0.50 0.00
-0.34 -0.18 -1.30 -0.47 0.00
-0.38 -0.20 -1.36 -0.42 0.00
-0.42 -0.22 -1.41 -0.39 0.00
-0.46 -0.24 -1.46 -0.34 0.00
-0.50 -0.25 -1.49 -0.34 0.00
-0.54 -0.25 -1.53 -0.34 0.00
-0.58 -0.26 -1.57 -0.34 0.00
-0.62 -0.26 -1.61 -0.34 0.00
-0.66 -0.26 -1.65 -0.37 0.00
-0.69 -0.27 -1.69 -0.37 0.00
-0.73 -0.27 -1.72 -0.42 0.00
-0.77 -0.27 -1.77 -0.32 0.00
-0.81 -0.27 -1.81 -0.29 0.00
-0.85 -0.28 -1.85 -0.40 0.00
-0.89 -0.28 -1.89 -0.34 0.00
-0.94 -0.28 -1.93 -0.38 0.00
-0.97 -0.28 -1.97 -0.35 0.00
-1.01 -0.28 -2.01 -0.34 0.00
-1.05 -0.29 -2.05 -0.33 0.00
-1.09 -0.29 -2.09 -0.35 0.00
-1.13 -0.29 -2.13 -0.36 0.00
-1.17 -0.29 -2.17 -0.36 0.00
-1.21 -0.30 -2.21 -0.40 0.00
-1.25 -0.30 -2.25 -0.37 0.00
-1.29 -0.32 -2.29 -0.24 0.00
-1.33 -0.32 -2.33 -0.25 0.00
-1.37 -0.32 -2.37 -0.25 0.00
-1.41 -0.31 -2.41 -0.24 0.00
-1.45 -0.31 -2.45 -0.25 0.00
-1.49 -0.31 -2.49 -0.26 0.00
-1.53 -0.31 -2.53 -0.26 0.00
-1.57 -0.31 -2.57 -0.26 0.00
-1.61 -0.30 -2.61 -0.32 0.00
-1.65 -0.30 -2.65 -0.27 0.00
-1.69 -0.30 -2.69 -0.27 0.00
-1.73 -0.30 -2.73 -0.33 0.00
-1.77 -0.29 -2.77 -0.25 0.00
-1.82 -0.29 -2.82 -0.28 0.00
-1.85 -0.29 -2.85 -0.30 0.00
-1.89 -0.29 -2.89 -0.33 0.00
-1.93 -0.31 -2.93 -0.23 0.00
-1.97 -0.31 -2.97 -0.20 0.00
-2.01 -0.31 -3.01 -0.23 0.00
-2.05 -0.30 -3.05 -0.23 0.00
-2.09 -0.30 -3.09 -0.22 0.00
-2.13 -0.30 -3.13 -0.24 0.00
-2.17 -0.29 -3.16 -0.24 0.00
-2.21 -0.29 -3.21 -0.23 0.00
-2.25 -0.29 -3.25 -0.23 0.00
-2.29 -0.28 -3.29 -0.23 0.00
-2.33 -0.28 -3.33 -0.27 0.00
-2.37 -0.28 -3.37 -0.25 0.00
-2.41 -0.28 -3.41 -0.26 0.00
-2.44 -0.28 -3.44 -0.20 0.00
-2.49 -0.27 -3.49 -0.26 0.00
-2.53 -0.27 -3.53 -0.26 0.00
-2.57 -0.29 -3.56 -0.18 0.00
-2.60 -0.28 -3.60 -0.22 0.00
-2.64 -0.28 -3.64 -0.22 0.00
-2.68 -0.27 -3.68 -0.17 0.00
-2.73 -0.27 -3.72 -0.15 0.00
-2.77 -0.27 -3.76 -0.15 0.00
-2.80 -0.26 -3.80 -0.16 0.00
-2.85 -0.26 -3.84 -0.12 0.00
-2.89 -0.25 -3.88 -0.13 0.00
-2.93 -0.25 -3.92 -0.13 0.00
-2.97 -0.24 -3.96 -0.13 0.00
-3.01 -0.24 -4.00 -0.11 0.00
-3.05 -0.23 -4.04 -0.17 0.00
-3.09 -0.23 -4.08 -0.13 0.00
-3.13 -0.22 -4.12 -0.13 0.00
-3.17 -0.22 -4.16 -0.11 0.00
-3.21 -0.21 -4.20 -0.11 0.00
-3.25 -0.21 -4.24 -0.11 0.00
-3.29 -0.20 -4.28 -0.09 0.00
-3.33 -0.20 -4.32 -0.08 0.00
-3.37 -0.20 -4.36 -0.09 0.00
-3.41 -0.19 -4.40 -0.10 0.00
-3.45 -0.19 -4.44 -0.09 0.00
-3.49 -0.19 -4.49 -0.11 0.00
-3.53 -0.18 -4.52 -0.10 0.00
-3.57 -0.17 -4.56 -0.10 0.00
-3.61 -0.17 -4.61 -0.11 0.00
-3.65 -0.17 -4.65 -0.11 0.00
-3.69 -0.16 -4.69 -0.14 0.00
-3.73 -0.16 -4.73 -0.13 0.00
-3.77 -0.16 -4.77 -0.15 0.00
-3.81 -0.16 -4.81 -0.15 0.00
-3.85 -0.16 -4.85 -0.14 0.00
-3.89 -0.16 -4.89 -0.14 0.00
-3.93 -0.16 -4.93 -0.14 0.00
-3.96 -0.16 -4.96 -0.15 0.00
-4.01 -0.16 -5.01 -0.17 0.00
-4.05 -0.15 -5.05 -0.14 0.00
-4.09 -0.15 -5.09 -0.15 0.00
-4.13 -0.15 -5.13 -0.16 0.00
-4.17 -0.15 -5.17 -0.16 0.00
-4.21 -0.15 -5.21 -0.16 0.00
-4.25 -0.15 -5.25 -0.17 0.00
-4.29 -0.15 -5.29 -0.17 0.00
-4.33 -0.15 -5.33 -0.17 0.00
-4.37 -0.15 -5.37 -0.16 0.00
-4.41 -0.15 -5.41 -0.17 0.00
-4.45 -0.15 -5.45 -0.17 0.00
-4.47 -0.15 -5.47 -0.17 0.00
-4.53 -0.16 -5.53 -0.15 0.00
-4.56 -0.16 -5.56 -0.10 0.00
-4.59 -0.15 -5.59 -0.10 0.00
-4.64 -0.16 -5.63 -0.00 0.00
-4.69 -0.16 -5.68 -0.02 0.00
-4.71 -0.15 -5.70 0.03 0.00
-4.75 -0.15 -5.72 0.10 0.00
-4.80 -0.14 -5.77 0.08 0.00
-4.83 -0.14 -5.80 0.09 0.00
-4.87 -0.13 -5.85 0.07 0.00
-4.90 -0.13 -5.88 0.04 0.00
-4.94 -0.11 -5.93 0.03 0.00
-4.97 -0.11 -5.96 0.05 0.00
-5.02 -0.10 -6.01 0.03 0.00
-5.05 -0.09 -6.04 0.02 0.00
-5.08 -0.08 -6.07 0.06 0.00
-5.13 -0.07 -6.12 0.07 0.00
-5.17 -0.07 -6.15 0.11 0.00
-5.20 -0.06 -6.16 0.21 0.00
-5.24 -0.06 -6.20 0.21 0.00
-5.27 -0.05 -6.22 0.26 0.00
-5.31 -0.04 -6.23 0.33 0.00
-5.34 -0.06 -6.26 0.35 0.00
-5.38 -0.05 -6.28 0.39 0.00
-5.42 -0.02 -6.34 0.37 0.00
-5.42 -0.01 -6.34 0.40 0.00
-5.46 -0.00 -6.37 0.39 0.00
-5.50 0.02 -6.42 0.41 0.00
-5.51 0.03 -6.40 0.48 0.00
-5.56 0.05 -6.49 0.43 0.00
-5.59 0.06 -6.51 0.44 0.00
-5.63 0.07 -6.53 0.49 0.00
-5.67 0.10 -6.58 0.51 0.00
-5.71 0.11 -6.60 0.57 0.00
-5.74 0.13 -6.61 0.63 0.00
-5.76 0.14 -6.61 0.67 0.00
-5.81 0.16 -6.64 0.73 0.00
-5.84 0.16 -6.66 0.73 0.00
-5.87 0.19 -6.66 0.80 0.00
-5.88 0.20 -6.69 0.79 0.00
-5.92 0.22 -6.73 0.80 0.00
-5.94 0.25 -6.76 0.83 0.00
-5.97 0.27 -6.79 0.84 0.00
-6.00 0.27 -6.82 0.84 0.00
-6.02 0.30 -6.85 0.86 0.00
-6.04 0.32 -6.87 0.89 0.00
-6.08 0.33 -6.91 0.88 0.00
-6.11 0.35 -6.95 0.89 0.00
-6.14 0.39 -6.92 1.02 0.00
-6.18 0.39 -6.96 1.01 0.00
-6.21 0.41 -6.95 1.08 0.00
-6.24 0.43 -6.95 1.14 0.00
-6.28 0.45 -6.97 1.18 0.00
-6.30 0.47 -6.96 1.22 0.00
-6.32 0.49 -6.96 1.26 0.00
-6.34 0.53 -7.04 1.24 0.00
-6.36 0.54 -7.01 1.30 0.00
-6.38 0.56 -7.03 1.33 0.00
-6.41 0.59 -7.05 1.36 0.00
-6.42 0.61 -7.06 1.38 0.00
-6.44 0.64 -7.10 1.39 0.00
-6.46 0.66 -7.12 1.42 0.00
-6.48 0.69 -7.13 1.45 0.00
-6.51 0.71 -7.14 1.50 0.00
-6.53 0.74 -7.11 1.56 0.00
-6.56 0.78 -7.10 1.62 0.00
-6.58 0.81 -7.07 1.68 0.00
-6.60 0.83 -7.04 1.73 0.00
-6.59 0.84 -6.83 1.81 0.00
-6.61 0.90 -6.88 1.87 0.00
-6.65 0.90 -6.87 1.87 0.00
-6.68 0.93 -6.84 1.92 0.00
-6.72 0.98 -6.97 1.95 0.00
-6.69 1.00 -6.82 1.99 0.00
-6.72 1.05 -6.98 2.02 0.00
-6.73 1.09 -7.22 1.96 0.00
-6.74 1.10 -7.10 2.03 0.00
-6.75 1.13 -7.03 2.09 0.00
-6.76 1.17 -7.11 2.10 0.00
-6.79 1.20 -7.16 2.13 0.00
-6.82 1.23 -7.01 2.21 0.00
-6.83 1.27 -6.95 2.26 0.00
-6.83 1.34 -6.77 2.33 0.00
-6.85 1.36 -6.64 2.34 0.00
-6.87 1.39 -6.70 2.38 0.00
-6.87 1.44 -6.68 2.42 0.00
-6.85 1.47 -6.53 2.42 0.00
-6.82 1.51 -6.68 2.50 0.00
-6.80 1.59 -6.56 2.56 0.00
-6.80 1.60 -6.48 2.55 0.00
-6.79 1.65 -6.76 2.65 0.00
-6.78 1.70 -6.55 2.68 0.00
-6.75 1.75 -6.73 2.75 0.00
-6.73 1.75 -6.40 2.69 0.00
-6.73 1.80 -6.49 2.77 0.00
-6.72 1.84 -6.32 2.76 0.00
-6.71 1.89 -6.21 2.75 0.00
-6.69 1.92 -6.07 2.70 0.00
-6.69 1.96 -5.98 2.67 0.00
-6.67 2.01 -5.90 2.64 0.00
-6.68 2.04 -5.82 2.56 0.00
-6.65 2.07 -5.80 2.58 0.00
-6.62 2.09 -5.76 2.62 0.00
-6.58 2.12 -5.73 2.65 0.00
-6.54 2.14 -5.68 2.66 0.00
-6.50 2.16 -5.64 2.67 0.00
-6.46 2.17 -5.60 2.69 0.00
-6.39 2.18 -5.75 2.94 0.00
-6.36 2.18 -5.75 2.98 0.00
-6.34 2.24 -5.47 2.72 0.00
-6.32 2.28 -5.42 2.71 0.00
-6.32 2.27 -5.37 1.94 1.00
-6.26 2.20 -5.32 1.87 0.00
-6.22 2.18 -5.28 1.84 0.00
-6.19 2.19 -5.30 1.75 0.00
-6.18 2.20 -5.31 1.70 0.00
-6.14 2.21 -5.40 1.53 0.00
-6.07 2.20 -5.43 1.43 0.00
-6.03 2.16 -5.35 1.43 0.00
-6.00 2.12 -5.35 1.36 0.00
-5.96 2.08 -5.35 1.28 0.00
-5.92 2.04 -5.26 1.29 0.00
-5.88 2.00 -5.22 1.25 0.00
-5.86 1.97 -5.21 1.21 0.00
-5.83 1.93 -5.20 1.15 0.00
-5.80 1.89 -5.18 1.11 0.00
-5.76 1.84 -5.11 1.08 0.00
-5.72 1.80 -5.02 1.09 0.00
-5.67 1.77 -4.96 1.07 0.00
-5.65 1.74 -5.01 0.97 0.00
-5.60 1.72 -4.92 0.99 0.00
-5.59 1.68 -5.02 0.86 0.00
-5.57 1.65 -4.93 0.88 0.00
-5.54 1.63 -4.76 1.00 0.00
-5.49 1.62 -4.76 0.94 0.00
-5.47 1.55 -5.14 0.60 0.00
-5.47 1.53 -4.90 0.71 0.00
-5.43 1.45 -5.03 0.54 0.00
-5.40 1.41 -4.89 0.54 0.00
-5.39 1.36 -4.97 0.46 0.00
-5.37 1.35 -4.90 0.46 0.00
-5.33 1.28 -4.93 0.37 0.00
-5.31 1.25 -4.79 0.40 0.00
-5.30 1.20 -4.90 0.28 0.00
-5.27 1.18 -4.83 0.28 0.00
-5.23 1.11 -4.80 0.21 0.00
-5.23 1.06 -4.78 0.17 0.00
-5.22 1.01 -4.75 0.12 0.00
-5.18 0.97 -4.68 0.10 0.00
-5.16 0.91 -4.67 0.04 0.00
-5.14 0.86 -4.63 0.00 0.00
-5.12 0.81 -4.61 -0.05 0.00
-5.09 0.77 -4.56 -0.08 0.00
-5.06 0.73 -4.54 -0.12 0.00
-5.03 0.68 -4.45 -0.14 0.00
-5.00 0.64 -4.44 -0.19 0.00
-4.98 0.59 -4.38 -0.21 0.00
-4.95 0.56 -4.35 -0.24 0.00
-4.93 0.52 -4.27 -0.23 0.00
-4.91 0.47 -4.22 -0.26 0.00
-4.87 0.46 -4.24 -0.32 0.00
-4.84 0.44 -4.19 -0.32 0.00
-4.80 0.40 -4.15 -0.36 0.00
-4.78 0.35 -4.15 -0.43 0.00
-4.74 0.32 -4.11 -0.46 0.00
-4.72 0.28 -4.06 -0.47 0.00
-4.69 0.24 -4.02 -0.50 0.00
-4.65 0.22 -3.95 -0.50 0.00
-4.62 0.17 -3.86 -0.48 0.00
-4.58 0.14 -3.77 -0.45 0.00
-4.56 0.09 -3.75 -0.50 0.00
-4.54 0.06 -3.68 -0.44 0.00
-4.50 0.03 -3.64 -0.47 0.00
-4.45 0.00 -3.58 -0.47 0.00
-4.44 -0.02 -3.55 -0.49 0.00
-4.41 -0.04 -3.54 -0.53 0.00
-4.37 -0.06 -3.53 -0.61 0.00
-4.34 -0.07 -3.47 -0.57 0.00
-4.32 -0.08 -3.51 -0.68 0.00
-4.27 -0.11 -3.40 -0.61 0.00
-4.23 -0.13 -3.37 -0.63 0.00
-4.19 -0.15 -3.30 -0.61 0.00
-4.16 -0.17 -3.30 -0.67 0.00
-4.13 -0.19 -3.27 -0.70 0.00
-4.09 -0.21 -3.23 -0.72 0.00
-4.06 -0.23 -3.20 -0.74 0.00
-4.02 -0.25 -3.16 -0.75 0.00
-3.99 -0.27 -3.11 -0.75 0.00
-3.96 -0.29 -3.06 -0.74 0.00
-3.92 -0.31 -3.01 -0.72 0.00
-3.89 -0.33 -2.96 -0.71 0.00
-3.86 -0.35 -2.91 -0.68 0.00
-3.82 -0.37 -2.87 -0.69 0.00
-3.78 -0.38 -2.84 -0.73 0.00
-3.74 -0.39 -2.80 -0.73 0.00
-3.71 -0.41 -2.77 -0.74 0.00
-3.66 -0.42 -2.72 -0.76 0.00
-3.63 -0.42 -2.70 -0.79 0.00
-3.58 -0.43 -2.67 -0.83 0.00
-3.54 -0.47 -2.63 -0.89 0.00
-3.45 -0.44 -2.73 -1.13 0.00
-3.50 -0.44 -2.51 -0.56 0.00
-3.42 -0.47 -2.50 -0.87 0.00
-3.38 -0.47 -2.55 -1.04 0.00
-3.32 -0.50 -2.44 -0.99 0.00
-3.26 -0.54 -2.40 -1.05 0.00
-3.25 -0.55 -2.28 -0.78 0.00
-3.25 -0.57 -2.25 -0.63 0.00
-3.20 -0.57 -2.21 -0.65 0.00
-3.14 -0.55 -2.17 -0.78 0.00
-3.12 -0.57 -2.13 -0.69 0.00
-3.08 -0.58 -2.09 -0.69 0.00
-3.04 -0.58 -2.05 -0.67 0.00
-3.00 -0.58 -2.00 -0.64 0.00
-2.96 -0.57 -1.96 -0.58 0.00
-2.91 -0.57 -1.91 -0.63 0.00
-2.87 -0.57 -1.87 -0.63 0.00
-2.85 -0.58 -1.86 -0.45 0.00
-2.81 -0.56 -1.82 -0.45 0.00
-2.78 -0.56 -1.80 -0.37 0.00
-2.71 -0.55 -1.71 -0.61 0.00
-2.66 -0.56 -1.66 -0.53 0.00
-2.64 -0.57 -1.66 -0.38 0.00
-2.56 -0.55 -1.56 -0.51 0.00
-2.52 -0.55 -1.53 -0.46 0.00
-2.48 -0.55 -1.49 -0.43 0.00
-2.44 -0.55 -1.45 -0.41 0.00
-2.40 -0.55 -1.41 -0.44 0.00
-2.36 -0.54 -1.38 -0.37 0.00
-2.32 -0.54 -1.34 -0.35 0.00
-2.29 -0.53 -1.31 -0.34 0.00
-2.25 -0.53 -1.27 -0.33 0.00
-2.21 -0.52 -1.23 -0.31 0.00
-2.17 -0.51 -1.20 -0.29 0.00
-2.13 -0.51 -1.18 -0.21 0.00
-2.10 -0.50 -1.19 -0.07 0.00
-2.06 -0.49 -1.23 0.07 0.00
-2.02 -0.48 -1.31 0.22 0.00
-1.98 -0.48 -1.40 0.33 0.00
-1.94 -0.46 -1.51 0.44 0.00
-1.92 -0.43 -1.59 0.52 0.00
-1.90 -0.39 -1.59 0.56 0.00
-1.88 -0.37 -1.64 0.61 0.00
-1.86 -0.32 -1.66 0.66 0.00
-1.85 -0.28 -1.68 0.70 0.00
-1.84 -0.25 -1.73 0.75 0.00
-1.83 -0.21 -1.78 0.78 0.00
-1.83 -0.18 -1.84 0.82 0.00
-1.82 -0.14 -1.91 0.86 0.00
-1.82 -0.09 -2.06 0.88 0.00
-1.81 -0.05 -2.16 0.88 0.00
-1.81 -0.02 -2.23 0.89 0.00
-1.81 0.02 -2.32 0.88 0.00
-1.82 0.06 -2.45 0.84 0.00
-1.83 0.09 -2.41 0.91 0.00
-1.86 0.13 -2.49 0.91 0.00
-1.89 0.16 -2.49 0.96 0.00
-1.91 0.20 -2.52 1.00 0.00
-1.94 0.23 -2.55 1.02 0.00
-1.97 0.27 -2.58 1.06 0.00
-1.99 0.30 -2.62 1.08 0.00
-2.02 0.34 -2.70 1.07 0.00
-2.05 0.37 -2.79 1.04 0.00
-2.07 0.41 -2.88 1.00 0.00
-2.09 0.44 -2.94 0.97 0.00
-2.11 0.44 -2.92 1.02 0.00
-2.15 0.51 -3.08 0.88 0.00
-2.18 0.55 -3.14 0.84 0.00
-2.24 0.56 -3.21 0.80 0.00
-2.26 0.57 -3.22 0.84 0.00
-2.31 0.58 -3.27 0.86 0.00
-2.33 0.59 -3.30 0.84 0.00
-2.34 0.60 -2.84 1.47 1.00
-2.34 0.59 -2.08 1.56 1.00
-2.34 0.61 -2.18 1.60 0.00
-2.32 0.66 -2.11 1.64 0.00
-2.31 0.68 -2.40 1.68 0.00
-2.31 0.75 -2.27 1.75 0.00
-2.32 0.78 -2.50 1.76 0.00
-2.30 0.82 -2.53 1.79 0.00
-2.28 0.87 -2.36 1.87 0.00
-2.30 0.95 -2.19 1.94 0.00
-2.30 0.96 -2.29 1.96 0.00
-2.30 1.00 -2.38 2.00 0.00
-2.30 1.03 -2.50 2.01 0.00
-2.29 1.08 -2.57 2.04 0.00
-2.28 1.13 -2.70 2.03 0.00
-2.27 1.17 -2.81 2.01 0.00
-2.27 1.21 -2.94 1.95 0.00
-2.29 1.25 -3.00 1.94 0.00
-2.31 1.29 -3.16 1.80 0.00
-2.37 1.29 -3.07 2.00 0.00
-2.38 1.35 -3.16 1.97 0.00
-2.41 1.37 -3.17 2.03 0.00
-2.45 1.41 -3.23 2.04 0.00
-2.51 1.43 -3.24 2.12 0.00
-2.54 1.48 -3.33 2.09 0.00
-2.57 1.51 -3.34 2.15 0.00
-2.59 1.52 -3.38 2.14 0.00
-2.62 1.54 -3.45 2.10 0.00
-2.66 1.58 -3.50 2.13 0.00
-2.69 1.61 -3.54 2.14 0.00
-2.68 1.62 -3.54 2.13 0.00
-2.75 1.68 -3.69 2.02 0.00
-2.80 1.69 -3.80 1.66 0.00
-2.82 1.72 -3.78 1.43 0.00
-2.89 2.01 -3.77 2.47 1.00
-2.89 2.01 -3.18 2.96 1.00
-2.89 2.01 -2.42 2.89 1.00
-2.89 2.01 -1.93 2.31 1.00
-2.85 2.02 -1.88 2.26 0.00
-2.81 2.03 -1.82 2.21 0.00
-2.77 2.04 -1.78 2.18 0.00
-2.77 2.06 -1.77 2.10 0.00
-2.75 2.09 -1.75 1.97 0.00
-2.66 2.08 -1.66 2.00 0.00
-2.60 2.06 -1.60 1.99 0.00
-2.57 2.09 -1.57 1.99 0.00
-2.51 2.07 -1.52 1.97 0.00
-2.48 2.07 -1.48 1.99 0.00
-2.44 2.06 -1.44 1.99 0.00
-2.38 2.08 -1.39 1.94 0.00
-2.35 2.08 -1.36 1.90 0.00
-2.26 2.10 -1.33 1.75 0.00
-2.24 2.09 -1.33 1.67 0.00
-2.20 2.06 -1.38 1.49 0.00
-2.16 2.04 -1.33 1.48 0.00
-2.12 2.03 -1.31 1.45 0.00
-2.09 2.00 -1.35 1.32 0.00
-2.06 1.97 -1.43 1.20 0.00
-2.03 1.95 -1.45 1.13 0.00
-1.99 1.92 -1.52 1.04 0.00
-1.96 1.90 -1.60 0.97 0.00
-1.92 1.88 -1.66 0.92 0.00
-1.91 1.84 -1.64 0.88 0.00
-1.89 1.80 -1.61 0.84 0.00
-1.88 1.76 -1.64 0.78 0.00
-1.87 1.71 -1.64 0.74 0.00
-1.86 1.67 -1.69 0.69 0.00
-1.85 1.63 -1.73 0.64 0.00
-1.84 1.59 -1.78 0.59 0.00
-1.83 1.54 -1.83 0.54 0.00
-1.84 1.50 -1.76 0.50 0.00
-1.84 1.46 -1.71 0.47 0.00
-1.85 1.42 -1.70 0.43 0.00
-1.84 1.38 -1.69 0.39 0.00
-1.83 1.34 -1.68 0.35 0.00
-1.83 1.30 -1.67 0.31 0.00
-1.82 1.25 -1.75 0.26 0.00
-1.81 1.21 -1.83 0.21 0.00
-1.81 1.17 -1.91 0.18 0.00
-1.79 1.16 -2.03 0.19 0.00
-1.79 1.09 -2.09 0.13 0.00
-1.79 1.05 -2.16 0.12 0.00
-1.79 1.01 -2.23 0.11 0.00
-1.80 0.97 -2.26 0.08 0.00
-1.82 0.93 -2.28 0.04 0.00
-1.84 0.89 -2.29 -0.01 0.00
-1.86 0.85 -2.30 -0.05 0.00
-1.88 0.81 -2.33 -0.08 0.00
-1.90 0.77 -2.34 -0.13 0.00
-1.92 0.74 -2.43 -0.12 0.00
-1.94 0.69 -2.54 -0.10 0.00
-1.96 0.66 -2.61 -0.10 0.00
-1.97 0.62 -2.70 -0.07 0.00
-1.99 0.58 -2.81 0.01 0.00
-2.01 0.54 -2.86 0.01 0.00
-2.03 0.50 -2.92 0.04 0.00
-2.06 0.48 -2.96 0.03 0.00
-2.08 0.47 -3.01 0.09 0.00
-2.09 0.44 -2.96 -0.06 0.00
-2.13 0.43 -2.88 -0.24 0.00
-2.21 0.42 -3.09 -0.06 0.00
-2.24 0.40 -3.11 -0.10 0.00
-2.25 0.34 -3.21 0.06 0.00
-2.29 0.30 -3.27 0.10 0.00
-2.33 0.30 -3.32 0.15 0.00
-2.37 0.29 -3.36 0.14 0.00
-2.41 0.28 -3.39 0.09 0.00
-2.45 0.27 -3.43 0.06 0.00
-2.49 0.27 -3.48 0.13 0.00
-2.53 0.27 -3.52 0.16 0.00
-2.57 0.27 -3.56 0.18 0.00
-2.61 0.25 -3.59 0.10 0.00
-2.65 0.25 -3.63 0.06 0.00
-2.68 0.24 -3.68 0.13 0.00
-2.74 0.25 -3.73 0.07 0.00
-2.77 0.23 -3.75 0.04 0.00
-2.82 0.22 -3.79 -0.02 0.00
-2.85 0.22 -3.79 -0.13 0.00
-2.87 0.19 -3.78 -0.23 0.00
-2.93 0.19 -3.92 0.04 0.00
-2.97 0.17 -3.96 0.03 0.00
-3.00 0.17 -3.97 -0.06 0.00
-3.03 0.15 -4.02 -0.01 0.00
-3.14 0.09 -4.10 0.37 0.00
-3.28 0.05 -3.93 0.81 0.00
-3.17 0.07 -4.17 0.03 0.00
-3.18 0.05 -4.16 -0.17 0.00
-3.25 0.06 -4.25 0.03 0.00
-3.31 0.06 -4.30 0.16 0.00
-3.31 0.06 -4.30 -0.08 0.00
-3.35 0.07 -4.33 -0.11 0.00
-3.41 0.04 -4.41 0.04 0.00
-3.43 0.04 -4.41 -0.17 0.00
-3.43 -0.00 -4.37 -0.34 0.00
-3.47 -0.02 -4.43 -0.28 0.00
-3.51 -0.03 -4.48 -0.28 0.00
-3.55 -0.05 -4.52 -0.27 0.00
-3.58 -0.06 -4.57 -0.25 0.00
-3.62 -0.07 -4.61 -0.24 0.00
-3.66 -0.08 -4.65 -0.23 0.00
-3.70 -0.09 -4.69 -0.24 0.00
-3.74 -0.09 -4.73 -0.24 0.00
-3.78 -0.10 -4.77 -0.21 0.00
-3.82 -0.11 -4.81 -0.22 0.00
-3.86 -0.11 -4.85 -0.22 0.00
-3.89 -0.11 -4.89 -0.16 0.00
-3.94 -0.12 -4.93 -0.23 0.00
-3.98 -0.13 -4.97 -0.23 0.00
-4.02 -0.13 -5.01 -0.25 0.00
-4.06 -0.14 -5.05 -0.26 0.00
-4.10 -0.14 -5.09 -0.28 0.00
-4.14 -0.15 -5.13 -0.27 0.00
-4.18 -0.15 -5.17 -0.27 0.00
-4.22 -0.16 -5.21 -0.28 0.00
-4.26 -0.16 -5.25 -0.28 0.00
-4.30 -0.17 -5.29 -0.28 0.00
-4.34 -0.17 -5.33 -0.29 0.00
-4.37 -0.18 -5.36 -0.32 0.00
-4.41 -0.18 -5.40 -0.27 0.00
-4.45 -0.18 -5.45 -0.30 0.00
-4.49 -0.19 -5.49 -0.31 0.00
-4.53 -0.19 -5.52 -0.31 0.00
-4.57 -0.20 -5.57 -0.33 0.00
-4.60 -0.20 -5.59 -0.30 0.00
-4.65 -0.21 -5.64 -0.35 0.00
-4.69 -0.21 -5.68 -0.31 0.00
-4.73 -0.21 -5.72 -0.34 0.00
-4.76 -0.20 -5.75 -0.30 0.00
-4.80 -0.22 -5.80 -0.34 0.00
-4.84 -0.22 -5.84 -0.32 0.00
-4.88 -0.22 -5.88 -0.28 0.00
-4.92 -0.24 -5.92 -0.24 0.00
-4.97 -0.24 -5.97 -0.22 0.00
-4.98 -0.24 -5.98 -0.19 0.00
-5.03 -0.25 -6.03 -0.18 0.00
-5.05 -0.25 -6.05 -0.19 0.00
-5.10 -0.25 -6.09 -0.16 0.00
-5.13 -0.24 -6.12 -0.15 0.00
-5.16 -0.24 -6.16 -0.14 0.00
-5.18 -0.24 -6.18 -0.12 0.00
-5.21 -0.23 -6.20 -0.08 0.00
