2.30 -0.20 3.23 -0.58 0.00
2.34 -0.21 3.23 -0.67 0.00
2.37 -0.23 3.22 -0.75 0.00
2.41 -0.24 3.22 -0.83 0.00
2.44 -0.26 3.22 -0.89 0.00
2.48 -0.27 3.18 -0.99 0.00
2.53 -0.29 3.24 -0.99 0.00
2.55 -0.31 3.18 -1.09 0.00
2.58 -0.34 3.21 -1.11 0.00
2.61 -0.37 3.25 -1.14 0.00
2.64 -0.40 3.27 -1.17 0.00
2.66 -0.42 3.26 -1.22 0.00
2.69 -0.43 3.13 -1.33 0.00
2.76 -0.46 3.12 -1.40 0.00
2.74 -0.52 3.00 -1.49 0.00
2.78 -0.53 2.81 -1.53 0.00
2.80 -0.60 2.80 -1.60 0.00
2.80 -0.66 2.59 -1.63 0.00
2.81 -0.70 2.39 -1.61 0.00
2.81 -0.72 2.37 -1.62 0.00
2.81 -0.77 2.25 -1.59 0.00
2.78 -0.80 2.00 -1.44 0.00
2.79 -0.86 2.00 -1.48 0.00
2.75 -0.90 1.97 -1.52 0.00
2.74 -0.93 1.92 -1.51 0.00
2.71 -0.93 1.92 -1.54 0.00
2.68 -0.96 1.87 -1.55 0.00
2.64 -0.99 1.78 -1.50 0.00
2.60 -1.01 1.71 -1.45 0.00
2.56 -1.03 1.62 -1.37 0.00
2.55 -1.07 1.56 -1.14 0.00
2.44 -1.08 1.49 -1.38 0.00
2.44 -1.13 1.44 -1.14 0.00
2.39 -1.18 1.39 -1.19 0.00
2.35 -1.14 1.36 -1.23 0.00
2.31 -1.14 1.31 -1.11 0.00
2.27 -1.14 1.27 -1.08 0.00
2.22 -1.13 1.22 -1.22 0.00
2.18 -1.12 1.18 -1.03 0.00
2.16 -1.13 1.17 -0.94 0.00
2.12 -1.12 1.15 -0.85 0.00
2.06 -1.11 1.08 -0.89 0.00
2.02 -1.12 1.11 -0.70 0.00
1.98 -1.08 0.98 -0.98 0.00
1.93 -1.11 0.95 -0.95 0.00
1.91 -1.05 0.94 -0.79 0.00
1.89 -1.07 0.94 -0.75 0.00
1.83 -1.03 0.86 -0.77 0.00
1.79 -1.04 0.80 -0.86 0.00
1.75 -1.02 0.76 -0.91 0.00
1.71 -1.02 0.72 -0.92 0.00
1.67 -1.01 0.67 -0.98 0.00
1.63 -1.00 0.63 -0.99 0.00
1.59 -1.00 0.59 -1.01 0.00
1.54 -0.98 0.55 -1.05 0.00
1.50 -0.98 0.51 -1.06 0.00
1.46 -0.99 0.47 -1.07 0.00
1.42 -0.99 0.43 -1.08 0.00
1.38 -0.99 0.39 -1.08 0.00
1.34 -1.00 0.35 -1.11 0.00
1.30 -1.00 0.31 -1.08 0.00
1.26 -1.00 0.26 -1.06 0.00
1.22 -1.01 0.22 -1.08 0.00
1.18 -1.01 0.19 -1.09 0.00
1.14 -1.01 0.14 -1.08 0.00
1.10 -1.03 0.10 -0.95 0.00
1.05 -1.03 0.06 -0.94 0.00
1.01 -1.03 0.01 -0.94 0.00
0.97 -1.03 -0.03 -0.96 0.00
0.92 -1.02 -0.07 -0.91 0.00
0.89 -1.02 -0.10 -0.88 0.00
0.84 -1.01 -0.14 -0.85 0.00
0.81 -1.01 -0.17 -0.81 0.00
0.76 -1.01 -0.22 -0.80 0.00
0.72 -1.00 -0.25 -0.76 0.00
0.68 -1.00 -0.28 -0.74 0.00
0.66 -0.99 -0.32 -0.80 0.00
0.60 -0.98 -0.37 -0.71 0.00
0.56 -0.96 -0.40 -0.69 0.00
0.51 -0.95 -0.46 -0.71 0.00
0.47 -0.94 -0.49 -0.68 0.00
0.43 -0.92 -0.55 -0.70 0.00
0.38 -0.91 -0.59 -0.69 0.00
0.34 -0.90 -0.63 -0.68 0.00
0.30 -0.89 -0.67 -0.65 0.00
0.26 -0.88 -0.71 -0.63 0.00
0.22 -0.87 -0.74 -0.59 0.00
0.17 -0.86 -0.78 -0.55 0.00
0.13 -0.85 -0.82 -0.54 0.00
0.09 -0.84 -0.85 -0.50 0.00
0.05 -0.82 -0.89 -0.48 0.00
0.01 -0.81 -0.93 -0.47 0.00
-0.02 -0.79 -0.96 -0.44 0.00
-0.05 -0.77 -0.98 -0.40 0.00
-0.11 -0.76 -1.04 -0.39 0.00
-0.10 -0.80 -0.78 -0.07 0.00
-0.21 -0.73 -1.13 -0.35 0.00
-0.19 -0.67 -0.92 0.00 0.00
-0.32 -0.67 -1.31 -0.54 0.00
-0.33 -0.67 -1.30 -0.45 0.00
-0.37 -0.65 -1.34 -0.38 0.00
-0.41 -0.62 -1.37 -0.37 0.00
-0.45 -0.65 -1.37 -0.26 0.00
-0.49 -0.62 -1.40 -0.21 0.00
-0.53 -0.58 -1.39 -0.08 0.00
-0.58 -0.47 -1.50 -0.08 0.00
-0.62 -0.51 -1.49 -0.02 0.00
-0.65 -0.51 -1.59 -0.16 0.00
-0.70 -0.51 -1.61 -0.11 0.00
-0.73 -0.50 -1.65 -0.10 0.00
-0.78 -0.48 -1.70 -0.09 0.00
-0.81 -0.46 -1.75 -0.11 0.00
-0.85 -0.45 -1.78 -0.08 0.00
-0.89 -0.44 -1.81 -0.06 0.00
-0.93 -0.42 -1.86 -0.05 0.00
-0.97 -0.40 -1.89 -0.02 0.00
-1.00 -0.39 -1.93 -0.02 0.00
-1.04 -0.37 -1.95 0.05 0.00
-1.09 -0.36 -1.97 0.11 0.00
-1.13 -0.34 -1.98 0.18 0.00
-1.16 -0.34 -2.05 0.13 0.00
-1.21 -0.31 -2.01 0.29 0.00
-1.25 -0.29 -1.99 0.37 0.00
-1.28 -0.28 -1.99 0.43 0.00
-1.31 -0.25 -2.03 0.45 0.00
-1.34 -0.22 -2.05 0.49 0.00
-1.37 -0.19 -2.08 0.51 0.00
-1.40 -0.16 -2.09 0.56 0.00
-1.43 -0.14 -2.13 0.58 0.00
-1.45 -0.10 -2.21 0.55 0.00
-1.48 -0.07 -2.29 0.53 0.00
-1.50 -0.04 -2.30 0.57 0.00
-1.54 -0.01 -2.34 0.58 0.00
-1.57 0.01 -2.38 0.60 0.00
-1.60 0.03 -2.41 0.62 0.00
-1.63 0.06 -2.44 0.65 0.00
-1.66 0.08 -2.47 0.68 0.00
-1.70 0.10 -2.49 0.72 0.00
-1.73 0.13 -2.53 0.72 0.00
-1.76 0.15 -2.55 0.76 0.00
-1.79 0.18 -2.58 0.78 0.00
-1.82 0.20 -2.61 0.81 0.00
-1.85 0.22 -2.64 0.84 0.00
-1.88 0.24 -2.67 0.86 0.00
-1.91 0.27 -2.71 0.88 0.00
-1.94 0.29 -2.76 0.87 0.00
-1.97 0.32 -2.79 0.89 0.00
-2.01 0.34 -2.83 0.90 0.00
-2.04 0.36 -2.83 0.98 0.00
-2.07 0.38 -2.81 1.05 0.00
-2.10 0.40 -2.79 1.12 0.00
-2.10 0.41 -2.71 1.21 0.00
-2.12 0.43 -2.83 1.15 0.00
-2.19 0.47 -2.70 1.33 0.00
-2.23 0.49 -2.73 1.36 0.00
-2.25 0.55 -2.76 1.41 0.00
-2.25 0.55 -2.76 1.42 0.00
-2.27 0.62 -2.87 1.41 0.00
-2.29 0.61 -2.81 1.46 0.00
-2.31 0.65 -2.83 1.50 0.00
-2.31 0.70 -2.78 1.58 0.00
-2.31 0.70 -2.25 1.70 1.00
-2.32 0.73 -2.35 1.73 0.00
-2.31 0.79 -2.18 1.78 0.00
-2.31 0.82 -2.19 1.81 0.00
-2.30 0.88 -2.40 1.87 0.00
-2.30 0.91 -2.14 1.90 0.00
-2.30 0.95 -2.10 1.93 0.00
-2.29 0.98 -2.07 1.96 0.00
-2.30 1.03 -2.05 1.99 0.00
-2.29 1.07 -2.04 2.03 0.00
-2.28 1.11 -2.11 2.10 0.00
-2.27 1.14 -2.02 2.11 0.00
-2.25 1.17 -2.00 2.13 0.00
-2.26 1.21 -2.11 2.19 0.00
-2.25 1.26 -1.91 2.20 0.00
-2.25 1.29 -1.87 2.21 0.00
-2.23 1.33 -1.81 2.24 0.00
-2.21 1.40 -1.62 2.21 0.00
-2.20 1.42 -1.65 2.25 0.00
-2.17 1.46 -1.56 2.25 0.00
-2.16 1.49 -1.51 2.25 0.00
-2.14 1.52 -1.40 2.20 0.00
-2.13 1.56 -1.34 2.17 0.00
-2.11 1.59 -1.28 2.15 0.00
-2.08 1.63 -1.23 2.15 0.00
-2.04 1.65 -1.19 2.18 0.00
-2.00 1.68 -1.16 2.21 0.00
-1.96 1.70 -1.12 2.24 0.00
-1.92 1.73 -1.06 2.23 0.00
-1.88 1.76 -0.98 2.18 0.00
-1.84 1.78 -0.91 2.13 0.00
-1.80 1.81 -0.84 2.08 0.00
-1.76 1.84 -0.78 2.00 0.00
-1.72 1.84 -0.73 1.89 0.00
-1.69 1.85 -0.70 1.75 0.00
-1.66 1.85 -0.70 1.58 0.00
-1.61 1.87 -0.67 1.51 0.00
-1.58 1.85 -0.72 1.34 0.00
-1.54 1.86 -0.75 1.25 0.00
-1.50 1.88 -0.77 1.19 0.00
-1.47 1.84 -0.67 1.24 0.00
-1.37 1.80 -0.71 1.04 0.00
-1.38 1.77 -0.62 1.13 0.00
-1.35 1.73 -0.76 0.92 0.00
-1.26 1.68 -0.51 1.02 0.00
-1.25 1.68 -0.60 0.91 0.00
-1.22 1.65 -0.56 0.90 0.00
-1.20 1.59 -0.55 0.83 0.00
-1.14 1.58 -0.68 0.69 0.00
-1.13 1.57 -1.46 0.62 1.00
-1.13 1.56 -1.97 1.02 1.00
-1.09 1.51 -1.97 1.98 1.00
-1.13 1.52 -2.01 1.99 0.00
-1.18 1.56 -2.10 1.95 0.00
-1.18 1.57 -2.07 2.04 0.00
-1.21 1.62 -2.11 2.05 0.00
-1.27 1.66 -2.18 2.08 0.00
-1.29 1.67 -2.13 2.21 0.00
-1.39 1.66 -2.38 1.80 0.00
-1.41 1.66 -2.39 1.84 0.00
-1.44 1.66 -2.43 1.80 0.00
-1.48 1.67 -2.48 1.75 0.00
-1.52 1.68 -2.51 1.58 0.00
-1.57 1.68 -2.55 1.45 0.00
-1.60 1.70 -2.53 1.33 0.00
-1.65 1.72 -2.49 1.19 0.00
-1.68 1.72 -2.51 1.16 0.00
-1.72 1.70 -2.49 1.06 0.00
-1.75 1.68 -2.52 1.04 0.00
-1.80 1.64 -2.48 0.90 0.00
-1.84 1.60 -2.45 0.81 0.00
-1.88 1.57 -2.41 0.72 0.00
-1.92 1.52 -2.42 0.66 0.00
-1.96 1.50 -2.28 0.55 0.00
-2.00 1.47 -2.21 0.49 0.00
-2.00 1.45 -2.24 0.48 0.00
-2.01 1.41 -2.26 0.44 0.00
-2.03 1.37 -2.30 0.41 0.00
-2.00 1.32 -2.21 0.35 0.00
-2.05 1.28 -2.15 0.29 0.00
-2.05 1.24 -2.24 0.25 0.00
-2.06 1.20 -2.19 0.21 0.00
-2.06 1.15 -2.32 0.18 0.00
-2.09 1.12 -2.22 0.13 0.00
-2.08 1.08 -2.23 0.09 0.00
-2.10 1.03 -2.29 0.05 0.00
-2.10 0.99 -2.30 0.01 0.00
-2.11 0.95 -2.37 -0.02 0.00
-2.13 0.92 -2.32 -0.06 0.00
-2.13 0.87 -2.28 -0.12 0.00
-2.14 0.82 -2.24 -0.18 0.00
-2.16 0.78 -2.20 -0.21 0.00
-2.15 0.74 -2.22 -0.25 0.00
-2.14 0.71 -2.18 -0.29 0.00
-2.16 0.66 -2.38 -0.32 0.00
-2.18 0.62 -2.19 -0.38 0.00
-2.19 0.58 -1.96 -0.40 0.00
-2.18 0.51 -2.33 -0.48 0.00
-2.17 0.49 -2.09 -0.51 0.00
-2.08 0.39 -2.40 -0.56 0.00
-2.09 0.34 -2.52 -0.56 0.00
-2.10 0.31 -2.58 -0.57 0.00
-2.11 0.27 -2.64 -0.58 0.00
-2.13 0.23 -2.67 -0.61 0.00
-2.15 0.20 -2.68 -0.65 0.00
-2.17 0.17 -2.64 -0.71 0.00
-2.18 0.14 -2.53 -0.80 0.00
-2.20 0.11 -2.40 -0.87 0.00
-2.22 0.08 -2.27 -0.92 0.00
-2.24 0.05 -2.11 -0.94 0.00
-2.26 0.02 -1.99 -0.94 0.00
-2.27 -0.01 -1.87 -0.92 0.00
-2.28 -0.03 -1.82 -0.92 0.00
-2.26 -0.07 -1.80 -0.95 0.00
-2.25 -0.09 -1.77 -0.97 0.00
-2.23 -0.13 -1.70 -0.97 0.00
-2.21 -0.16 -1.54 -0.90 0.00
-2.19 -0.20 -1.44 -0.86 0.00
-2.17 -0.23 -1.34 -0.80 0.00
-2.15 -0.27 -1.25 -0.69 0.00
-2.13 -0.30 -1.19 -0.66 0.00
-2.11 -0.34 -1.14 -0.58 0.00
-2.07 -0.35 -1.10 -0.60 0.00
-2.03 -0.36 -1.06 -0.58 0.00
-1.99 -0.37 -1.02 -0.59 0.00
-1.96 -0.38 -0.97 -0.56 0.00
-1.92 -0.39 -0.93 -0.53 0.00
-1.88 -0.40 -0.88 -0.46 0.00
-1.85 -0.40 -0.85 -0.46 0.00
-1.81 -0.41 -0.81 -0.37 0.00
-1.77 -0.42 -0.78 -0.32 0.00
-1.73 -0.43 -0.75 -0.26 0.00
-1.70 -0.42 -0.73 -0.18 0.00
-1.65 -0.42 -0.72 -0.05 0.00
-1.62 -0.41 -0.69 -0.02 0.00
-1.58 -0.40 -0.68 0.02 0.00
-1.54 -0.40 -0.64 0.05 0.00
-1.50 -0.39 -0.62 0.10 0.00
-1.46 -0.38 -0.60 0.13 0.00
-1.43 -0.35 -0.57 0.17 0.00
-1.39 -0.33 -0.55 0.21 0.00
-1.36 -0.31 -0.52 0.23 0.00
-1.32 -0.29 -0.54 0.34 0.00
-1.29 -0.27 -0.59 0.45 0.00
-1.25 -0.25 -0.66 0.55 0.00
-1.22 -0.22 -0.75 0.66 0.00
-1.18 -0.20 -0.84 0.74 0.00
-1.15 -0.18 -0.97 0.81 0.00
-1.15 -0.18 -0.33 0.39 1.00
-1.11 -0.16 -0.32 0.45 0.00
-1.07 -0.15 -0.34 0.53 0.00
-1.04 -0.13 -0.31 0.56 0.00
-1.01 -0.10 -0.27 0.57 0.00
-0.98 -0.07 -0.23 0.60 0.00
-0.95 -0.04 -0.22 0.64 0.00
-0.92 -0.01 -0.22 0.70 0.00
-0.89 0.01 -0.22 0.75 0.00
-0.86 0.04 -0.21 0.80 0.00
-0.86 0.04 -0.22 0.81 0.00
-0.81 0.01 -0.44 0.94 0.00
-0.77 0.12 -0.19 0.93 0.00
-0.75 0.15 -0.19 0.98 0.00
-0.73 0.18 -0.14 0.99 0.00
-0.72 0.21 -0.12 1.01 0.00
-0.69 0.25 -0.04 1.01 0.00
-0.70 0.24 0.30 0.34 1.00
-0.65 0.24 0.34 0.14 0.00
-0.59 0.24 0.40 0.07 0.00
-0.56 0.24 0.42 0.04 0.00
-0.51 0.25 0.45 -0.05 0.00
-0.42 0.31 0.56 0.11 0.00
-0.38 0.28 0.55 -0.07 0.00
-0.37 0.28 0.51 -0.19 0.00
-0.37 0.22 0.41 -0.40 0.00
-0.34 0.20 0.44 -0.43 0.00
-0.31 0.17 0.46 -0.47 0.00
-0.28 0.15 0.47 -0.52 0.00
-0.25 0.12 0.45 -0.60 0.00
-0.22 0.10 0.43 -0.66 0.00
-0.18 0.07 0.41 -0.73 0.00
-0.15 0.05 0.39 -0.80 0.00
-0.12 0.02 0.36 -0.86 0.00
-0.10 -0.01 0.40 -0.88 0.00
-0.08 -0.05 0.42 -0.91 0.00
-0.06 -0.08 0.32 -1.01 0.00
-0.04 -0.11 0.20 -1.09 0.00
-0.02 -0.15 0.09 -1.14 0.00
-0.00 -0.18 -0.02 -1.18 0.00
0.02 -0.22 -0.15 -1.20 0.00
0.04 -0.25 -0.21 -1.22 0.00
0.05 -0.29 -0.29 -1.22 0.00
0.04 -0.33 -0.29 -1.27 0.00
0.02 -0.37 -0.31 -1.31 0.00
0.01 -0.41 -0.30 -1.36 0.00
0.00 -0.45 -0.41 -1.36 0.00
-0.02 -0.49 -0.44 -1.40 0.00
-0.03 -0.53 -0.52 -1.41 0.00
-0.05 -0.57 -0.62 -1.39 0.00
-0.08 -0.61 -0.82 -1.28 0.00
-0.09 -0.64 -0.96 -1.13 0.00
-0.12 -0.68 -1.05 -1.04 0.00
-0.13 -0.70 -1.09 -1.00 0.00
-0.10 -0.74 -1.10 -0.66 0.00
-0.20 -0.81 -1.20 -0.73 0.00
-0.24 -0.81 -1.23 -0.66 0.00
-0.27 -0.79 -1.27 -0.71 0.00
-0.31 -0.78 -1.31 -0.74 0.00
-0.36 -0.77 -1.36 -0.77 0.00
-0.39 -0.77 -1.39 -0.71 0.00
-0.43 -0.76 -1.42 -0.64 0.00
-0.47 -0.76 -1.47 -0.72 0.00
-0.50 -0.72 -1.49 -0.62 0.00
-0.56 -0.76 -1.55 -0.57 0.00
-0.60 -0.71 -1.56 -0.42 0.00
-0.64 -0.71 -1.61 -0.47 0.00
-0.67 -0.70 -1.55 -0.22 0.00
-0.73 -0.67 -1.73 -0.58 0.00
-0.78 -0.62 -1.52 0.05 0.00
-0.81 -0.57 -1.52 0.13 0.00
-0.84 -0.59 -1.61 0.06 0.00
-0.88 -0.62 -1.68 -0.02 0.00
-0.91 -0.61 -1.71 -0.02 0.00
-0.95 -0.60 -1.71 0.05 0.00
-0.98 -0.59 -1.71 0.10 0.00
-1.02 -0.57 -1.70 0.16 0.00
-1.05 -0.53 -1.73 0.20 0.00
-1.09 -0.50 -1.77 0.22 0.00
-1.12 -0.47 -1.78 0.28 0.00
-1.15 -0.43 -1.83 0.30 0.00
-1.18 -0.40 -1.85 0.34 0.00
-1.20 -0.36 -1.95 0.31 0.00
-1.23 -0.32 -2.00 0.32 0.00
-1.26 -0.30 -2.04 0.33 0.00
-1.29 -0.27 -2.08 0.35 0.00
-1.32 -0.24 -2.12 0.37 0.00
-1.35 -0.22 -2.16 0.38 0.00
-1.38 -0.19 -2.19 0.40 0.00
-1.42 -0.17 -2.25 0.40 0.00
-1.45 -0.14 -2.28 0.41 0.00
-1.48 -0.12 -2.33 0.42 0.00
