3.30 1.30 2.84 0.41 0.00
3.28 1.26 2.84 0.36 0.00
3.26 1.22 2.83 0.32 0.00
3.24 1.18 2.82 0.28 0.00
3.22 1.15 2.79 0.24 0.00
3.21 1.11 2.71 0.24 0.00
3.19 1.07 2.62 0.25 0.00
3.17 1.03 2.57 0.24 0.00
3.15 0.99 2.47 0.26 0.00
3.14 0.95 2.41 0.26 0.00
3.12 0.92 2.36 0.27 0.00
3.10 0.88 2.30 0.28 0.00
3.06 0.85 2.27 0.24 0.00
3.02 0.82 2.23 0.20 0.00
2.98 0.79 2.19 0.17 0.00
2.94 0.76 2.16 0.13 0.00
2.90 0.73 2.11 0.11 0.00
2.86 0.70 2.05 0.12 0.00
2.83 0.67 1.99 0.12 0.00
2.80 0.63 1.94 0.12 0.00
2.76 0.60 1.89 0.11 0.00
2.71 0.58 1.84 0.09 0.00
2.73 0.56 1.91 -0.02 0.00
2.65 0.55 1.74 0.12 0.00
2.58 0.50 1.68 0.06 0.00
2.51 0.46 1.54 0.21 0.00
2.50 0.43 1.54 0.17 0.00
2.41 0.40 1.46 0.11 0.00
2.40 0.38 1.44 0.11 0.00
2.36 0.37 1.38 0.15 0.00
2.32 0.34 1.33 0.17 0.00
2.28 0.34 1.31 0.09 0.00
2.24 0.33 1.26 0.12 0.00
2.20 0.31 1.22 0.14 0.00
2.16 0.32 1.22 -0.00 0.00
2.13 0.29 1.17 0.01 0.00
2.08 0.28 1.10 0.09 0.00
2.04 0.27 1.08 0.00 0.00
1.99 0.25 1.04 -0.06 0.00
1.94 0.25 1.03 -0.16 0.00
1.88 0.22 0.89 0.09 0.00
1.85 0.21 0.88 -0.01 0.00
1.81 0.20 0.86 -0.10 0.00
1.76 0.22 0.77 0.09 0.00
1.73 0.19 0.76 -0.06 0.00
1.68 0.18 0.70 -0.04 0.00
1.62 0.16 0.62 0.08 0.00
1.58 0.14 0.58 0.02 0.00
1.54 0.07 0.58 0.35 0.00
1.51 0.07 0.56 0.40 0.00
1.46 0.07 0.47 0.24 0.00
1.41 0.07 0.41 0.07 0.00
1.38 0.08 0.38 0.07 0.00
1.34 0.08 0.34 0.18 0.00
1.32 0.16 0.32 0.15 0.00
1.21 0.13 0.25 -0.16 0.00
1.18 0.11 0.22 -0.20 0.00
1.14 0.06 0.15 -0.01 0.00
1.13 0.08 0.13 0.05 0.00
1.11 0.08 0.11 0.08 0.00
1.02 0.09 0.04 0.29 0.00
0.99 0.12 -0.01 0.23 0.00
0.94 0.15 -0.05 0.28 0.00
0.89 0.13 -0.10 0.28 0.00
0.85 0.10 -0.13 0.29 0.00
0.77 0.12 -0.18 0.44 0.00
0.76 0.14 -0.23 0.20 0.00
0.73 0.15 -0.27 0.17 0.00
0.66 0.15 -0.34 0.19 0.00
0.61 0.15 -0.39 0.15 0.00
0.60 0.16 -0.40 0.17 0.00
0.56 0.16 -0.44 0.20 0.00
0.53 0.16 -0.47 0.22 0.00
0.48 0.16 -0.51 0.27 0.00
0.44 0.17 -0.55 0.24 0.00
0.39 0.16 -0.60 0.31 0.00
0.36 0.16 -0.62 0.36 0.00
0.31 0.16 -0.65 0.42 0.00
0.27 0.17 -0.70 0.41 0.00
0.23 0.18 -0.75 0.38 0.00
0.20 0.19 -0.78 0.42 0.00
0.16 0.20 -0.81 0.43 0.00
0.12 0.21 -0.85 0.45 0.00
0.08 0.22 -0.88 0.51 0.00
0.04 0.23 -0.88 0.60 0.00
-0.00 0.24 -0.92 0.65 0.00
-0.04 0.25 -0.93 0.71 0.00
-0.07 0.26 -0.96 0.73 0.00
-0.13 0.27 -0.96 0.83 0.00
-0.16 0.28 -0.97 0.88 0.00
-0.20 0.30 -0.98 0.93 0.00
-0.24 0.34 -0.98 1.02 0.00
-0.26 0.35 -0.94 1.09 0.00
-0.31 0.39 -1.00 1.12 0.00
-0.35 0.42 -0.93 1.24 0.00
-0.37 0.44 -0.90 1.29 0.00
-0.40 0.45 -0.78 1.37 0.00
-0.39 0.45 -0.02 1.38 1.00
-0.37 0.49 0.03 1.41 0.00
-0.36 0.53 0.11 1.41 0.00
-0.35 0.56 0.13 1.44 0.00
-0.33 0.60 0.16 1.47 0.00
-0.31 0.64 0.18 1.51 0.00
-0.30 0.67 0.19 1.54 0.00
-0.28 0.70 0.21 1.58 0.00
-0.26 0.73 0.22 1.60 0.00
-0.24 0.76 0.23 1.65 0.00
-0.22 0.80 0.26 1.68 0.00
-0.20 0.83 0.27 1.71 0.00
-0.18 0.86 0.28 1.75 0.00
-0.17 0.90 0.29 1.79 0.00
-0.15 0.91 0.32 1.79 0.00
-0.12 0.95 0.17 1.91 0.00
-0.12 0.97 0.24 1.91 0.00
-0.09 1.00 0.07 1.99 0.00
-0.09 1.06 0.15 2.04 0.00
-0.08 1.07 0.15 2.04 0.00
-0.08 1.13 0.21 2.08 0.00
-0.05 1.13 0.38 2.03 0.00
-0.02 1.21 0.07 2.21 0.00
-0.00 1.24 0.02 2.24 0.00
0.00 1.27 -0.14 2.26 0.00
0.02 1.31 -0.11 2.30 0.00
0.04 1.33 0.27 2.30 0.00
-0.01 1.41 -0.20 2.39 0.00
-0.01 1.45 -0.20 2.43 0.00
-0.01 1.49 -0.22 2.47 0.00
-0.03 1.53 -0.32 2.49 0.00
-0.04 1.59 -0.41 2.52 0.00
-0.07 1.63 -0.48 2.54 0.00
-0.08 1.65 -0.47 2.57 0.00
-0.10 1.74 -0.81 2.45 0.00
-0.13 1.82 -0.90 2.45 0.00
-0.09 1.80 -0.69 2.60 0.00
-0.13 1.85 -0.64 2.71 0.00
-0.15 1.89 -0.71 2.72 0.00
-0.16 1.92 -0.74 2.74 0.00
-0.19 1.95 -0.74 2.79 0.00
-0.24 1.98 -0.90 2.73 0.00
-0.28 2.02 -0.93 2.78 0.00
-0.30 2.06 -0.98 2.80 0.00
-0.34 2.10 -1.04 2.81 0.00
-0.37 2.13 -1.08 2.84 0.00
-0.39 2.16 -1.15 2.81 0.00
-0.45 2.21 -1.23 2.84 0.00
-0.47 2.26 -1.29 2.84 0.00
-0.50 2.27 -0.66 3.26 1.00
-0.51 2.27 0.09 3.07 1.00
-0.51 2.28 0.48 2.43 1.00
-0.47 2.29 0.52 2.44 0.00
-0.41 2.29 0.56 2.51 0.00
-0.39 2.29 0.61 2.36 0.00
-0.35 2.30 0.65 2.25 0.00
-0.31 2.31 0.69 2.30 0.00
-0.27 2.32 0.71 2.11 0.00
-0.25 2.32 0.67 1.91 0.00
-0.19 2.32 0.81 2.26 0.00
-0.17 2.34 0.71 1.85 0.00
-0.12 2.31 0.76 1.83 0.00
-0.06 2.30 0.84 1.86 0.00
-0.03 2.23 0.85 1.76 0.00
0.02 2.22 0.89 1.73 0.00
0.04 2.20 0.80 1.54 0.00
0.10 2.18 0.83 1.51 0.00
0.14 2.17 0.80 1.43 0.00
0.17 2.14 0.67 1.28 0.00
0.19 2.11 0.55 1.17 0.00
0.22 2.07 0.49 1.11 0.00
0.21 2.04 0.21 1.04 0.00
0.27 2.01 0.35 1.02 0.00
0.26 1.99 0.31 1.00 0.00
0.31 1.96 0.05 0.99 0.00
0.30 1.90 0.37 0.90 0.00
0.30 1.86 0.23 0.86 0.00
0.30 1.83 0.26 0.83 0.00
0.30 1.79 0.25 0.79 0.00
0.30 1.75 0.22 0.75 0.00
0.30 1.71 0.22 0.71 0.00
0.31 1.69 0.21 0.70 0.00
0.30 1.63 0.19 0.63 0.00
0.30 1.59 0.18 0.59 0.00
0.29 1.55 0.04 0.58 0.00
0.29 1.51 -0.07 0.57 0.00
0.29 1.47 -0.16 0.57 0.00
0.28 1.43 -0.24 0.58 0.00
0.28 1.39 -0.30 0.58 0.00
0.27 1.35 -0.39 0.60 0.00
0.25 1.31 -0.43 0.58 0.00
0.22 1.27 -0.47 0.55 0.00
0.19 1.24 -0.51 0.52 0.00
0.15 1.20 -0.53 0.47 0.00
0.12 1.16 -0.56 0.43 0.00
0.08 1.12 -0.59 0.39 0.00
0.07 1.10 -0.56 0.32 0.00
0.03 1.05 -0.59 0.26 0.00
0.00 1.00 -0.60 0.20 0.00
-0.04 0.95 -0.64 0.15 0.00
-0.06 0.91 -0.70 0.14 0.00
-0.09 0.89 -0.80 0.19 0.00
-0.11 0.85 -0.89 0.22 0.00
-0.14 0.82 -0.96 0.25 0.00
-0.17 0.78 -1.03 0.28 0.00
-0.18 0.75 -1.09 0.33 0.00
-0.21 0.72 -1.14 0.36 0.00
-0.24 0.71 -1.18 0.37 0.00
-0.28 0.70 -1.21 0.34 0.00
-0.31 0.69 -1.25 0.34 0.00
-0.35 0.67 -1.30 0.35 0.00
-0.38 0.66 -1.35 0.42 0.00
-0.38 0.66 -1.35 0.42 0.00
-0.46 0.63 -1.45 0.53 0.00
-0.48 0.62 -1.48 0.53 0.00
-0.51 0.61 -1.51 0.59 0.00
-0.51 0.60 -1.24 1.29 1.00
-0.52 0.60 -0.51 1.60 1.00
-0.53 0.60 0.15 1.33 1.00
-0.46 0.64 0.27 1.32 0.00
-0.41 0.65 0.50 1.07 0.00
-0.41 0.70 0.51 1.08 0.00
-0.39 0.71 0.56 1.02 0.00
-0.38 0.76 0.55 1.14 0.00
-0.35 0.77 0.59 1.10 0.00
-0.32 0.78 0.62 1.11 0.00
-0.30 0.79 0.66 1.09 0.00
-0.25 0.80 0.71 1.08 0.00
-0.22 0.81 0.70 1.19 0.00
-0.19 0.83 0.73 1.21 0.00
-0.16 0.84 0.76 1.24 0.00
-0.13 0.85 0.78 1.27 0.00
-0.09 0.87 0.82 1.29 0.00
-0.06 0.88 0.84 1.33 0.00
-0.02 0.89 0.86 1.36 0.00
0.01 0.91 0.96 1.21 0.00
0.05 0.93 1.02 1.16 0.00
0.09 0.95 1.07 1.10 0.00
0.12 0.97 1.12 1.02 0.00
0.16 0.98 1.16 0.97 0.00
0.20 1.00 1.19 0.91 0.00
0.23 1.00 1.23 0.95 0.00
0.27 0.99 1.26 0.93 0.00
0.31 0.99 1.31 0.97 0.00
0.34 0.99 1.34 0.98 0.00
0.38 0.98 1.38 1.01 0.00
0.41 0.98 1.41 1.06 0.00
0.45 0.98 1.45 1.08 0.00
0.49 0.98 1.48 1.12 0.00
0.52 0.98 1.51 1.15 0.00
0.56 0.98 1.54 1.18 0.00
0.60 0.99 1.57 1.21 0.00
0.64 1.00 1.61 1.25 0.00
0.68 1.01 1.65 1.26 0.00
0.70 1.01 1.64 1.33 0.00
0.75 1.01 1.73 1.22 0.00
0.78 1.04 1.76 1.26 0.00
0.86 1.05 1.85 1.12 0.00
0.86 1.06 1.85 1.22 0.00
0.90 1.06 1.84 1.39 0.00
0.94 1.08 1.88 1.40 0.00
0.95 1.09 1.82 1.59 0.00
1.00 1.09 1.94 1.43 0.00
1.03 1.11 1.93 1.54 0.00
1.07 1.12 1.96 1.58 0.00
1.10 1.14 1.95 1.67 0.00
1.15 1.15 2.00 1.68 0.00
1.14 1.16 2.12 1.00 1.00
1.18 1.15 2.13 0.86 0.00
1.22 1.15 2.18 0.87 0.00
1.28 1.13 2.16 0.66 0.00
1.32 1.17 2.30 0.93 0.00
1.36 1.14 2.26 0.71 0.00
1.38 1.14 2.29 0.72 0.00
1.42 1.11 2.32 0.68 0.00
1.47 1.06 2.28 0.48 0.00
1.50 1.02 2.25 0.36 0.00
1.52 0.97 2.04 0.11 0.00
1.55 1.02 2.44 0.55 0.00
1.58 0.99 2.42 0.46 0.00
1.62 0.97 2.47 0.44 0.00
1.65 0.99 2.57 0.60 0.00
1.69 0.95 2.57 0.46 0.00
1.72 0.93 2.58 0.43 0.00
1.76 0.95 2.68 0.56 0.00
1.79 0.88 2.47 0.15 0.00
1.84 0.89 2.68 0.36 0.00
1.88 0.87 2.41 0.02 0.00
1.90 0.84 2.77 0.34 0.00
1.95 0.79 2.17 -0.19 0.00
1.97 0.80 2.57 0.00 0.00
2.01 0.76 2.54 -0.09 0.00
2.03 0.74 2.58 -0.10 0.00
2.02 0.71 2.74 0.01 0.00
2.07 0.69 2.77 -0.02 0.00
2.13 0.66 2.79 -0.08 0.00
2.17 0.65 2.80 -0.13 0.00
2.14 0.59 2.98 0.04 0.00
2.14 0.55 3.09 0.24 0.00
2.17 0.54 3.12 0.21 0.00
2.21 0.53 3.14 0.15 0.00
2.24 0.51 3.17 0.14 0.00
2.29 0.49 3.21 0.10 0.00
2.33 0.50 3.20 0.01 0.00
2.37 0.47 3.26 0.01 0.00
2.40 0.48 3.30 0.05 0.00
2.45 0.44 3.25 -0.17 0.00
2.46 0.42 3.32 -0.09 0.00
2.51 0.40 3.34 -0.15 0.00
2.56 0.42 3.50 0.08 0.00
2.59 0.36 3.43 -0.18 0.00
2.58 0.35 3.50 -0.03 0.00
2.70 0.30 3.31 -0.49 0.00
2.70 0.31 3.42 -0.39 0.00
2.75 0.27 3.44 -0.46 0.00
2.76 0.28 3.63 -0.21 0.00
2.79 0.26 3.60 -0.33 0.00
2.83 0.24 3.60 -0.40 0.00
2.86 0.22 3.59 -0.46 0.00
2.90 0.20 3.57 -0.54 0.00
2.94 0.18 3.58 -0.58 0.00
2.97 0.16 3.54 -0.66 0.00
3.00 0.14 3.55 -0.70 0.00
3.02 0.10 3.56 -0.74 0.00
3.04 0.07 3.59 -0.76 0.00
3.06 0.04 3.61 -0.80 0.00
3.08 0.02 3.57 -0.86 0.00
3.12 -0.00 3.48 -0.93 0.00
3.15 -0.04 3.54 -0.97 0.00
3.16 -0.06 3.43 -1.03 0.00
3.20 -0.09 3.14 -1.09 0.00
3.25 -0.18 3.09 -1.17 0.00
3.27 -0.18 2.93 -1.12 0.00
3.24 -0.26 2.77 -1.15 0.00
3.22 -0.30 2.65 -1.12 0.00
3.19 -0.35 2.39 -0.95 0.00
3.17 -0.40 2.49 -1.13 0.00
3.16 -0.46 2.42 -1.13 0.00
3.17 -0.51 2.65 -1.36 0.00
3.14 -0.49 2.44 -1.21 0.00
3.11 -0.52 2.37 -1.20 0.00
3.07 -0.55 2.28 -1.17 0.00
3.04 -0.58 2.22 -1.16 0.00
3.02 -0.60 2.15 -1.10 0.00
3.01 -0.60 2.07 -0.95 0.00
2.95 -0.67 1.99 -0.96 0.00
2.90 -0.71 1.91 -0.86 0.00
2.89 -0.78 1.89 -0.81 0.00
2.86 -0.76 1.86 -0.73 0.00
2.80 -0.79 1.81 -0.70 0.00
2.77 -0.78 1.77 -0.77 0.00
2.71 -0.78 1.71 -0.81 0.00
2.68 -0.80 1.69 -0.72 0.00
2.66 -0.80 1.66 -0.83 0.00
2.57 -0.80 1.60 -0.54 0.00
2.53 -0.81 1.55 -0.60 0.00
2.51 -0.81 1.51 -0.70 0.00
2.47 -0.79 1.48 -0.67 0.00
2.44 -0.78 1.45 -0.61 0.00
2.40 -0.77 1.41 -0.63 0.00
2.36 -0.77 1.37 -0.63 0.00
2.32 -0.76 1.32 -0.67 0.00
2.28 -0.75 1.28 -0.65 0.00
2.24 -0.74 1.24 -0.67 0.00
2.20 -0.74 1.20 -0.67 0.00
2.15 -0.73 1.16 -0.66 0.00
2.12 -0.73 1.12 -0.66 0.00
2.08 -0.73 1.08 -0.68 0.00
2.03 -0.73 1.03 -0.67 0.00
2.00 -0.72 1.00 -0.70 0.00
1.95 -0.72 0.95 -0.67 0.00
1.91 -0.72 0.91 -0.66 0.00
1.87 -0.72 0.87 -0.66 0.00
1.83 -0.71 0.83 -0.66 0.00
1.80 -0.71 0.80 -0.60 0.00
1.75 -0.71 0.75 -0.62 0.00
1.71 -0.71 0.72 -0.59 0.00
1.67 -0.70 0.67 -0.59 0.00
1.63 -0.70 0.64 -0.58 0.00
1.59 -0.70 0.59 -0.63 0.00
1.55 -0.69 0.56 -0.62 0.00
1.51 -0.69 0.51 -0.63 0.00
1.47 -0.68 0.47 -0.64 0.00
1.43 -0.68 0.43 -0.64 0.00
1.39 -0.68 0.39 -0.69 0.00
1.35 -0.67 0.35 -0.64 0.00
1.31 -0.67 0.31 -0.65 0.00
1.27 -0.67 0.27 -0.65 0.00
1.23 -0.67 0.23 -0.65 0.00
1.19 -0.67 0.19 -0.64 0.00
1.15 -0.67 0.15 -0.66 0.00
1.11 -0.67 0.11 -0.63 0.00
1.07 -0.67 0.07 -0.62 0.00
1.03 -0.66 0.03 -0.63 0.00
0.99 -0.66 -0.01 -0.61 0.00
0.95 -0.66 -0.05 -0.61 0.00
0.91 -0.66 -0.08 -0.55 0.00
0.87 -0.65 -0.12 -0.55 0.00
0.83 -0.65 -0.16 -0.55 0.00
0.79 -0.65 -0.20 -0.55 0.00
0.75 -0.64 -0.25 -0.53 0.00
0.71 -0.64 -0.28 -0.52 0.00
0.67 -0.63 -0.32 -0.52 0.00
0.63 -0.63 -0.37 -0.68 0.00
0.59 -0.62 -0.41 -0.56 0.00
0.55 -0.62 -0.44 -0.52 0.00
0.51 -0.62 -0.48 -0.49 0.00
0.47 -0.61 -0.52 -0.50 0.00
0.43 -0.61 -0.56 -0.50 0.00
0.39 -0.60 -0.61 -0.50 0.00
0.35 -0.60 -0.65 -0.49 0.00
0.31 -0.59 -0.68 -0.44 0.00
0.27 -0.59 -0.72 -0.44 0.00
0.23 -0.58 -0.76 -0.43 0.00
0.20 -0.57 -0.79 -0.47 0.00
0.14 -0.57 -0.84 -0.38 0.00
0.10 -0.56 -0.87 -0.35 0.00
0.06 -0.56 -0.91 -0.30 0.00
0.02 -0.55 -0.93 -0.25 0.00
-0.02 -0.55 -0.95 -0.17 0.00
-0.06 -0.54 -0.98 -0.15 0.00
-0.10 -0.53 -1.01 -0.10 0.00
-0.14 -0.51 -1.05 -0.09 0.00
-0.18 -0.50 -1.06 -0.03 0.00
-0.22 -0.48 -1.10 -0.00 0.00
-0.26 -0.46 -1.12 0.05 0.00
-0.29 -0.44 -1.08 0.17 0.00
-0.33 -0.42 -1.13 0.19 0.00
-0.37 -0.39 -1.16 0.23 0.00
-0.41 -0.36 -1.19 0.27 0.00
-0.45 -0.33 -1.24 0.29 0.00
-0.50 -0.30 -1.23 0.38 0.00
-0.53 -0.26 -1.20 0.48 0.00
-0.58 -0.23 -1.18 0.56 0.00
-0.62 -0.20 -1.10 0.68 0.00
-0.66 -0.17 -1.03 0.76 0.00
-0.70 -0.14 -0.95 0.83 0.00
-0.74 -0.11 -0.85 0.89 0.00
-0.74 -0.07 -0.85 0.92 0.00
-0.75 -0.03 -0.85 0.97 0.00
-0.77 -0.01 -0.83 0.99 0.00
-0.74 0.04 -1.06 0.99 0.00
-0.75 0.08 -0.69 1.08 0.00
-0.77 0.13 -0.82 1.12 0.00
-0.78 0.13 -0.11 0.87 1.00
-0.74 0.14 -0.18 0.97 0.00
-0.70 0.16 -0.21 1.03 0.00
-0.68 0.20 -0.21 1.08 0.00
-0.64 0.22 -0.15 1.09 0.00
-0.63 0.27 -0.13 1.13 0.00
-0.61 0.31 -0.10 1.17 0.00
-0.60 0.35 -0.10 1.21 0.00
-0.58 0.38 -0.10 1.27 0.00
-0.56 0.42 -0.13 1.32 0.00
-0.52 0.48 -0.05 1.36 0.00
-0.49 0.53 -0.20 1.48 0.00
-0.48 0.55 -0.20 1.51 0.00
-0.41 0.58 0.04 1.47 0.00
-0.39 0.66 -0.12 1.62 0.00
-0.39 0.66 0.04 1.56 0.00
-0.39 0.68 0.14 1.53 0.00
-0.37 0.71 0.19 1.54 0.00
-0.35 0.75 0.22 1.58 0.00
-0.32 0.79 0.21 1.64 0.00
-0.30 0.82 0.30 1.61 0.00
-0.28 0.86 0.33 1.65 0.00
-0.25 0.89 0.34 1.69 0.00
-0.22 0.91 0.31 1.76 0.00
-0.20 0.95 0.27 1.84 0.00
-0.16 0.97 0.37 1.82 0.00
-0.15 1.02 0.38 1.88 0.00
-0.13 1.06 0.40 1.91 0.00
-0.10 1.10 0.46 1.93 0.00
-0.09 1.12 0.48 1.95 0.00
-0.06 1.17 0.39 2.07 0.00
-0.03 1.20 0.48 2.06 0.00
0.04 1.23 0.57 2.08 0.00
0.06 1.27 0.61 2.10 0.00
0.08 1.30 0.64 2.13 0.00
0.10 1.34 0.66 2.17 0.00
0.13 1.37 0.67 2.21 0.00
0.15 1.41 0.67 2.26 0.00
0.17 1.45 0.60 2.35 0.00
0.20 1.47 0.64 2.37 0.00
0.22 1.50 0.63 2.41 0.00
0.23 1.53 0.60 2.46 0.00
0.25 1.55 0.59 2.49 0.00
0.27 1.58 0.53 2.55 0.00
0.28 1.61 0.47 2.59 0.00
0.29 1.64 0.43 2.63 0.00
0.30 1.67 0.39 2.67 0.00
0.31 1.70 0.34 2.70 0.00
0.31 1.73 0.31 2.73 0.00
0.31 1.73 1.02 2.44 1.00
0.34 1.77 1.08 2.44 0.00
0.37 1.80 1.18 2.39 0.00
0.40 1.83 1.25 2.37 0.00
0.44 1.84 1.30 2.34 0.00
0.47 1.90 1.42 2.22 0.00
0.50 1.92 1.48 2.15 0.00
0.51 1.93 1.47 2.20 0.00
0.58 1.95 1.56 2.11 0.00
0.61 1.95 1.61 1.99 0.00
0.62 1.94 1.62 1.99 0.00
0.63 1.95 1.61 2.13 0.00
0.71 1.96 1.70 2.07 0.00
0.73 1.96 1.73 2.02 0.00
0.77 1.96 1.76 1.88 0.00
0.79 1.97 1.79 1.94 0.00
0.83 2.00 1.82 1.85 0.00
0.82 1.98 1.52 1.28 1.00
0.84 1.97 1.42 1.15 0.00
0.90 1.91 1.43 1.07 0.00
0.90 1.92 1.08 0.93 0.00
0.92 1.90 1.01 0.90 0.00
0.96 1.85 1.17 0.87 0.00
0.97 1.81 1.10 0.82 0.00
0.96 1.79 1.02 0.79 0.00
0.97 1.74 0.97 0.74 0.00
0.99 1.69 0.90 0.69 0.00
0.98 1.65 0.97 0.65 0.00
0.99 1.62 0.90 0.62 0.00
0.98 1.59 0.84 0.60 0.00
0.99 1.55 0.75 0.58 0.00
1.00 1.51 0.80 0.53 0.00
0.99 1.47 0.73 0.50 0.00
0.99 1.43 0.81 0.45 0.00
0.98 1.40 0.51 0.51 0.00
0.97 1.34 0.37 0.55 0.00
0.96 1.31 0.39 0.49 0.00
0.96 1.27 0.35 0.48 0.00
0.96 1.24 0.25 0.54 0.00
0.92 1.20 0.19 0.51 0.00
0.89 1.14 0.07 0.56 0.00
0.90 1.14 0.09 0.55 0.00
0.82 1.09 -0.06 0.63 0.00
0.78 1.07 0.05 0.38 0.00
0.72 1.02 -0.09 0.43 0.00
0.70 0.97 -0.09 0.36 0.00
0.66 0.94 -0.12 0.33 0.00
0.62 0.91 -0.18 0.31 0.00
0.58 0.88 -0.23 0.29 0.00
0.54 0.84 -0.29 0.29 0.00
0.51 0.82 -0.34 0.28 0.00
0.47 0.79 -0.42 0.33 0.00
0.44 0.77 -0.50 0.42 0.00
0.40 0.75 -0.57 0.50 0.00
0.36 0.73 -0.63 0.59 0.00
0.33 0.70 -0.67 0.72 0.00
0.29 0.68 -0.70 0.78 0.00
0.25 0.65 -0.72 0.87 0.00
0.22 0.66 -0.76 0.87 0.00
0.17 0.67 -0.80 0.90 0.00
0.13 0.68 -0.84 0.90 0.00
0.09 0.69 -0.87 0.95 0.00
0.05 0.70 -0.91 0.99 0.00
0.01 0.71 -0.94 1.03 0.00
-0.03 0.72 -0.96 1.07 0.00
-0.08 0.72 -0.98 1.16 0.00
-0.08 0.72 -0.40 1.67 1.00
-0.09 0.76 -0.40 1.72 0.00
-0.11 0.80 -0.45 1.75 0.00
-0.12 0.84 -0.42 1.80 0.00
-0.13 0.89 -0.44 1.84 0.00
-0.15 0.91 -0.47 1.86 0.00
-0.17 0.96 -0.46 1.92 0.00
-0.17 1.02 -0.33 2.01 0.00
-0.18 1.06 -0.48 2.02 0.00
-0.21 1.12 -0.44 2.09 0.00
-0.22 1.17 -0.39 2.15 0.00
-0.24 1.21 -0.38 2.20 0.00
-0.23 1.24 -0.33 2.24 0.00
-0.20 1.31 -0.01 2.29 0.00
-0.25 1.34 -0.15 2.33 0.00
-0.27 1.39 -0.22 2.39 0.00
-0.23 1.42 -0.13 2.42 0.00
-0.17 1.47 0.12 2.43 0.00
-0.22 1.50 0.08 2.46 0.00
-0.22 1.55 0.16 2.47 0.00
-0.22 1.58 0.20 2.49 0.00
-0.22 1.61 0.21 2.51 0.00
-0.21 1.64 0.28 2.51 0.00
-0.17 1.66 0.36 2.52 0.00
-0.15 1.72 0.34 2.59 0.00
-0.12 1.84 0.26 2.76 0.00
-0.11 1.84 0.49 2.64 0.00
-0.09 1.87 0.51 2.67 0.00
-0.07 1.90 0.58 2.65 0.00
-0.06 1.93 0.63 2.66 0.00
-0.03 1.97 0.69 2.66 0.00
-0.01 2.00 0.76 2.65 0.00
0.01 2.04 0.78 2.69 0.00
0.05 2.07 0.89 2.60 0.00
0.08 2.10 1.00 2.48 0.00
0.11 2.12 1.07 2.40 0.00
0.15 2.15 1.14 2.27 0.00
0.18 2.17 1.18 2.16 0.00
0.22 2.20 1.21 2.08 0.00
0.24 2.23 1.19 1.90 0.00
0.27 2.21 1.24 1.98 0.00
0.33 2.20 1.32 2.04 0.00
0.35 2.20 1.35 2.11 0.00
0.41 2.18 1.37 1.92 0.00
0.45 2.16 1.40 1.82 0.00
0.47 2.16 1.39 1.77 0.00
0.52 2.14 1.43 1.71 0.00
0.54 2.15 1.45 1.75 0.00
0.61 2.13 1.47 1.61 0.00
0.63 2.09 1.35 1.40 0.00
0.68 2.07 1.32 1.30 0.00
0.70 2.05 1.22 1.19 0.00
