-3.30 -0.30 -3.84 0.54 0.00
-3.30 -0.30 -3.09 0.68 1.00
-3.30 -0.30 -2.46 0.24 1.00
-3.26 -0.29 -2.44 0.28 0.00
-3.23 -0.27 -2.41 0.30 0.00
-3.20 -0.25 -2.38 0.33 0.00
-3.16 -0.22 -2.33 0.34 0.00
-3.13 -0.20 -2.31 0.37 0.00
-3.10 -0.18 -2.28 0.40 0.00
-3.07 -0.15 -2.28 0.46 0.00
-3.03 -0.13 -2.27 0.52 0.00
-3.00 -0.11 -2.26 0.56 0.00
-2.97 -0.09 -2.28 0.64 0.00
-2.94 -0.07 -2.31 0.71 0.00
-2.90 -0.04 -2.31 0.76 0.00
-2.87 -0.02 -2.32 0.82 0.00
-2.85 0.01 -2.30 0.85 0.00
-2.83 0.03 -2.28 0.87 0.00
-2.81 0.06 -2.30 0.92 0.00
-2.81 0.06 -1.84 0.32 1.00
-2.77 0.06 -1.81 0.31 0.00
-2.73 0.06 -1.76 0.33 0.00
-2.71 0.04 -1.75 0.31 0.00
-2.66 0.07 -1.67 0.24 0.00
-2.63 0.10 -1.63 0.16 0.00
-2.56 0.07 -1.59 0.30 0.00
-2.51 0.10 -1.55 0.39 0.00
-2.46 0.10 -1.52 0.42 0.00
-2.46 0.11 -1.54 0.51 0.00
-2.41 0.15 -1.42 0.29 0.00
-2.39 0.15 -1.40 0.28 0.00
-2.33 0.10 -1.42 0.52 0.00
-2.29 0.11 -1.30 0.25 0.00
-2.22 0.14 -1.22 0.19 0.00
-2.20 0.17 -1.24 0.43 0.00
-2.17 0.19 -1.26 0.58 0.00
-2.14 0.20 -1.23 0.62 0.00
-2.11 0.21 -1.19 0.62 0.00
-2.07 0.23 -1.17 0.68 0.00
-2.03 0.25 -1.12 0.67 0.00
-1.99 0.27 -1.08 0.67 0.00
-1.96 0.28 -1.03 0.65 0.00
-1.92 0.30 -0.99 0.66 0.00
-1.89 0.32 -0.93 0.61 0.00
-1.86 0.33 -0.90 0.62 0.00
-1.82 0.35 -0.86 0.61 0.00
-1.78 0.36 -0.81 0.60 0.00
-1.75 0.37 -0.77 0.59 0.00
-1.72 0.39 -0.74 0.62 0.00
-1.68 0.39 -0.73 0.68 0.00
-1.63 0.44 -0.64 0.59 0.00
-1.61 0.42 -0.67 0.75 0.00
-1.60 0.43 -0.75 -0.08 1.00
-1.62 0.44 -1.30 -0.50 1.00
-1.62 0.41 -1.30 -0.54 0.00
-1.63 0.36 -1.06 -0.46 0.00
-1.57 0.29 -1.18 -0.63 0.00
-1.55 0.26 -0.96 -0.54 0.00
-1.57 0.25 -1.40 -0.73 0.00
-1.56 0.21 -1.50 -0.79 0.00
-1.61 0.16 -1.93 -0.79 0.00
-1.52 0.11 -1.61 -0.88 0.00
-1.51 0.09 -1.70 -0.89 0.00
-1.49 0.06 -1.74 -0.91 0.00
-1.48 0.03 -1.82 -0.91 0.00
-1.50 -0.01 -1.82 -0.96 0.00
-1.51 -0.05 -1.83 -1.00 0.00
-1.53 -0.10 -1.84 -1.05 0.00
-1.54 -0.14 -1.92 -1.06 0.00
-1.56 -0.18 -2.01 -1.07 0.00
-1.57 -0.22 -2.09 -1.08 0.00
-1.59 -0.25 -2.17 -1.07 0.00
-1.61 -0.29 -2.26 -1.05 0.00
-1.63 -0.33 -2.36 -1.01 0.00
-1.65 -0.36 -2.42 -1.00 0.00
-1.67 -0.40 -2.49 -0.97 0.00
-1.68 -0.44 -2.55 -0.93 0.00
-1.73 -0.46 -2.58 -0.98 0.00
-1.75 -0.48 -2.60 -1.00 0.00
-1.79 -0.50 -2.66 -0.99 0.00
-1.82 -0.52 -2.69 -1.00 0.00
-1.85 -0.54 -2.74 -0.99 0.00
-1.89 -0.56 -2.79 -0.98 0.00
-1.92 -0.56 -2.82 -0.99 0.00
-1.92 -0.55 -2.92 -0.62 0.00
-2.02 -0.57 -2.75 -1.26 0.00
-2.03 -0.56 -2.96 -0.94 0.00
-2.06 -0.63 -2.96 -1.06 0.00
-2.09 -0.67 -3.05 -0.96 0.00
-2.09 -0.73 -3.09 -0.82 0.00
-2.14 -0.73 -3.14 -0.77 0.00
-2.18 -0.73 -3.17 -0.80 0.00
-2.21 -0.71 -3.20 -0.81 0.00
-2.28 -0.72 -3.27 -0.86 0.00
-2.31 -0.71 -3.31 -0.74 0.00
-2.34 -0.73 -3.34 -0.71 0.00
-2.38 -0.73 -3.37 -0.86 0.00
-2.41 -0.72 -3.41 -0.81 0.00
-2.47 -0.73 -3.45 -0.89 0.00
-2.50 -0.73 -3.50 -0.80 0.00
-2.52 -0.73 -3.52 -0.73 0.00
-2.60 -0.73 -3.58 -0.88 0.00
-2.65 -0.75 -3.63 -0.98 0.00
-2.65 -0.76 -3.58 -0.41 0.00
-2.69 -0.78 -3.62 -0.41 0.00
-2.74 -0.78 -3.69 -0.47 0.00
-2.78 -0.77 -3.74 -0.48 0.00
-2.82 -0.76 -3.78 -0.50 0.00
-2.86 -0.74 -3.79 -0.38 0.00
-2.90 -0.73 -3.84 -0.39 0.00
-2.94 -0.73 -3.76 -0.17 0.00
-2.98 -0.71 -3.91 -0.35 0.00
-3.03 -0.73 -3.93 -0.30 0.00
-3.04 -0.68 -4.01 -0.42 0.00
-3.08 -0.67 -4.07 -0.53 0.00
-3.11 -0.68 -4.09 -0.50 0.00
-3.17 -0.71 -4.17 -0.64 0.00
-3.20 -0.67 -4.18 -0.47 0.00
-3.24 -0.68 -4.19 -0.37 0.00
-3.27 -0.67 -4.21 -0.32 0.00
-3.32 -0.68 -4.27 -0.36 0.00
-3.37 -0.68 -4.33 -0.40 0.00
-3.43 -0.65 -4.38 -0.34 0.00
-3.44 -0.63 -4.37 -0.26 0.00
-3.48 -0.62 -4.41 -0.23 0.00
-3.51 -0.58 -4.46 -0.27 0.00
-3.56 -0.60 -4.50 -0.27 0.00
-3.59 -0.56 -4.54 -0.25 0.00
-3.61 -0.56 -4.48 -0.06 0.00
-3.68 -0.54 -4.64 -0.28 0.00
-3.72 -0.52 -4.68 -0.25 0.00
-3.74 -0.49 -4.72 -0.28 0.00
-3.78 -0.49 -4.78 -0.39 0.00
-3.81 -0.48 -4.81 -0.36 0.00
-3.90 -0.41 -4.85 -0.72 0.00
-3.90 -0.45 -4.90 -0.32 0.00
-3.93 -0.44 -4.93 -0.37 0.00
-3.96 -0.43 -4.94 -0.23 0.00
-3.99 -0.43 -4.94 -0.13 0.00
-4.06 -0.44 -5.05 -0.31 0.00
-4.09 -0.44 -5.09 -0.33 0.00
-4.15 -0.43 -5.15 -0.31 0.00
-4.17 -0.43 -5.16 -0.29 0.00
-4.22 -0.43 -5.20 -0.26 0.00
-4.26 -0.42 -5.25 -0.34 0.00
-4.30 -0.41 -5.29 -0.29 0.00
-4.33 -0.41 -5.32 -0.26 0.00
-4.37 -0.41 -5.36 -0.24 0.00
-4.41 -0.40 -5.40 -0.23 0.00
-4.45 -0.39 -5.43 -0.19 0.00
-4.49 -0.39 -5.46 -0.14 0.00
-4.53 -0.38 -5.49 -0.13 0.00
-4.54 -0.37 -5.53 -0.18 0.00
-4.59 -0.36 -5.56 -0.10 0.00
-4.65 -0.36 -5.60 -0.06 0.00
-4.69 -0.34 -5.65 -0.06 0.00
-4.72 -0.34 -5.68 -0.05 0.00
-4.76 -0.31 -5.71 -0.01 0.00
-4.80 -0.31 -5.77 -0.03 0.00
-4.84 -0.29 -5.81 -0.02 0.00
-4.88 -0.28 -5.85 -0.02 0.00
-4.91 -0.27 -5.88 -0.02 0.00
-4.96 -0.26 -5.93 -0.02 0.00
-5.01 -0.24 -5.98 0.01 0.00
-5.03 -0.23 -6.00 0.02 0.00
-5.08 -0.21 -6.04 0.07 0.00
-5.11 -0.18 -6.07 0.09 0.00
-5.15 -0.18 -6.10 0.14 0.00
-5.19 -0.16 -6.11 0.22 0.00
-5.23 -0.16 -6.11 0.31 0.00
-5.26 -0.15 -6.12 0.36 0.00
-5.31 -0.14 -6.14 0.42 0.00
-5.33 -0.13 -6.11 0.49 0.00
-5.38 -0.12 -6.14 0.52 0.00
-5.40 -0.10 -6.16 0.55 0.00
-5.42 -0.05 -6.21 0.57 0.00
-5.45 -0.02 -6.21 0.63 0.00
-5.48 -0.00 -6.25 0.64 0.00
-5.50 0.02 -6.28 0.65 0.00
-5.55 0.03 -6.32 0.67 0.00
-5.58 0.06 -6.33 0.72 0.00
-5.62 0.08 -6.37 0.75 0.00
-5.65 0.14 -6.37 0.84 0.00
-5.68 0.15 -6.37 0.86 0.00
-5.70 0.18 -6.38 0.92 0.00
-5.75 0.21 -6.40 0.96 0.00
-5.76 0.24 -6.41 1.00 0.00
-5.80 0.27 -6.45 1.02 0.00
-5.81 0.28 -6.43 1.06 0.00
-5.84 0.32 -6.51 1.06 0.00
-5.87 0.33 -6.50 1.10 0.00
-5.89 0.36 -6.54 1.12 0.00
-5.90 0.41 -6.54 1.18 0.00
-5.93 0.43 -6.60 1.18 0.00
-5.95 0.46 -6.62 1.20 0.00
-5.99 0.48 -6.70 1.19 0.00
-6.01 0.51 -6.74 1.20 0.00
-6.04 0.55 -6.81 1.19 0.00
-6.07 0.58 -6.83 1.22 0.00
-6.10 0.61 -6.80 1.32 0.00
-6.14 0.63 -6.84 1.33 0.00
-6.16 0.66 -6.81 1.42 0.00
-6.20 0.68 -6.81 1.47 0.00
-6.23 0.70 -6.79 1.53 0.00
-6.25 0.73 -6.76 1.58 0.00
-6.27 0.74 -6.81 1.59 0.00
-6.29 0.77 -6.82 1.62 0.00
-6.31 0.80 -6.84 1.65 0.00
-6.32 0.84 -6.86 1.68 0.00
-6.34 0.86 -6.89 1.69 0.00
-6.36 0.89 -6.89 1.74 0.00
-6.38 0.92 -6.91 1.77 0.00
-6.40 0.95 -6.93 1.80 0.00
-6.41 0.98 -6.95 1.82 0.00
-6.44 1.01 -6.94 1.87 0.00
-6.46 1.05 -6.90 1.94 0.00
-6.48 1.08 -6.87 2.00 0.00
-6.50 1.11 -6.82 2.06 0.00
-6.52 1.14 -6.74 2.11 0.00
-6.54 1.17 -6.74 2.16 0.00
-6.56 1.21 -6.70 2.20 0.00
-6.57 1.24 -6.70 2.23 0.00
-6.57 1.28 -6.69 2.27 0.00
-6.58 1.32 -6.70 2.31 0.00
-6.57 1.35 -6.73 2.33 0.00
-6.57 1.40 -6.73 2.39 0.00
-6.60 1.43 -6.71 2.43 0.00
-6.60 1.46 -6.72 2.46 0.00
-6.58 1.50 -6.72 2.49 0.00
-6.61 1.54 -6.73 2.53 0.00
-6.60 1.59 -6.60 2.59 0.00
-6.60 1.64 -6.30 2.60 0.00
-6.62 1.67 -6.33 2.63 0.00
-6.60 1.72 -6.09 2.58 0.00
-6.62 1.75 -6.12 2.62 0.00
-6.65 1.78 -6.02 2.56 0.00
-6.65 1.83 -6.02 2.61 0.00
-6.62 1.85 -5.98 2.62 0.00
-6.59 1.88 -5.94 2.64 0.00
-6.56 1.92 -5.95 2.71 0.00
-6.53 1.95 -5.91 2.73 0.00
-6.50 1.99 -5.85 2.74 0.00
-6.48 2.02 -5.82 2.76 0.00
-6.45 2.05 -5.82 2.82 0.00
-6.42 2.08 -5.78 2.85 0.00
-6.40 2.12 -5.76 2.89 0.00
-6.40 2.12 -5.40 2.21 1.00
-6.36 2.12 -5.36 2.15 0.00
-6.32 2.12 -5.32 2.08 0.00
-6.27 2.13 -5.29 1.96 0.00
-6.24 2.13 -5.27 1.87 0.00
-6.20 2.14 -5.25 1.85 0.00
-6.19 2.14 -5.22 1.89 0.00
-6.17 2.15 -5.22 1.82 0.00
-6.08 2.12 -5.20 1.64 0.00
-6.04 2.12 -5.15 1.67 0.00
-5.99 2.09 -5.10 1.63 0.00
-5.96 2.07 -5.01 1.75 0.00
-5.88 2.06 -4.91 1.83 0.00
-5.86 2.03 -4.97 1.57 0.00
-5.81 1.99 -4.89 1.59 0.00
-5.77 1.97 -4.83 1.63 0.00
-5.73 1.98 -4.84 1.53 0.00
-5.69 1.97 -4.78 1.54 0.00
-5.66 1.94 -4.79 1.46 0.00
-5.60 1.93 -4.87 1.25 0.00
-5.58 1.91 -4.73 1.38 0.00
-5.54 1.89 -4.77 1.25 0.00
-5.52 1.87 -4.71 1.28 0.00
-5.48 1.85 -4.83 1.10 0.00
-5.44 1.83 -4.80 1.06 0.00
-5.41 1.80 -4.81 1.00 0.00
-5.38 1.76 -4.77 0.98 0.00
-5.34 1.73 -4.76 0.92 0.00
-5.30 1.69 -4.76 0.85 0.00
-5.29 1.64 -4.76 0.80 0.00
-5.26 1.63 -4.65 0.84 0.00
-5.23 1.62 -4.55 0.89 0.00
-5.16 1.55 -4.73 0.65 0.00
-5.14 1.52 -4.81 0.57 0.00
-5.12 1.46 -4.73 0.55 0.00
-5.11 1.44 -4.69 0.53 0.00
-5.08 1.40 -4.68 0.49 0.00
-5.07 1.39 -4.57 0.52 0.00
-5.01 1.32 -4.68 0.38 0.00
-4.99 1.26 -4.73 0.30 0.00
-5.01 1.25 -4.73 0.29 0.00
-4.99 1.21 -4.69 0.25 0.00
-4.99 1.17 -4.75 0.20 0.00
-4.98 1.12 -4.72 0.15 0.00
-4.97 1.08 -4.72 0.11 0.00
-4.95 1.04 -4.69 0.08 0.00
-4.93 1.00 -4.67 0.03 0.00
-4.93 0.95 -4.71 -0.03 0.00
-4.92 0.91 -4.67 -0.06 0.00
-4.89 0.88 -4.66 -0.09 0.00
-4.89 0.83 -4.66 -0.15 0.00
-4.87 0.78 -4.64 -0.19 0.00
-4.86 0.76 -4.61 -0.21 0.00
-4.85 0.71 -4.53 -0.23 0.00
-4.85 0.65 -4.50 -0.29 0.00
-4.84 0.61 -4.38 -0.28 0.00
-4.82 0.58 -4.30 -0.28 0.00
-4.81 0.54 -4.25 -0.29 0.00
-4.80 0.49 -4.19 -0.30 0.00
-4.79 0.44 -4.11 -0.29 0.00
-4.76 0.41 -4.07 -0.32 0.00
-4.73 0.39 -4.05 -0.34 0.00
-4.70 0.34 -4.04 -0.40 0.00
-4.67 0.32 -4.08 -0.49 0.00
-4.64 0.29 -4.05 -0.52 0.00
-4.61 0.26 -3.95 -0.49 0.00
-4.59 0.22 -3.96 -0.55 0.00
-4.56 0.20 -3.86 -0.51 0.00
-4.54 0.15 -3.90 -0.61 0.00
-4.50 0.12 -3.83 -0.63 0.00
-4.47 0.09 -3.76 -0.60 0.00
-4.46 0.06 -3.81 -0.69 0.00
-4.44 0.03 -3.77 -0.72 0.00
-4.42 -0.00 -3.75 -0.75 0.00
-4.39 -0.03 -3.72 -0.77 0.00
-4.36 -0.07 -3.68 -0.79 0.00
-4.34 -0.10 -3.63 -0.80 0.00
-4.31 -0.13 -3.57 -0.80 0.00
-4.28 -0.16 -3.53 -0.81 0.00
-4.26 -0.19 -3.47 -0.81 0.00
-4.23 -0.21 -3.42 -0.81 0.00
-4.20 -0.24 -3.37 -0.79 0.00
-4.17 -0.26 -3.35 -0.84 0.00
-4.13 -0.29 -3.31 -0.85 0.00
-4.10 -0.31 -3.27 -0.87 0.00
-4.07 -0.33 -3.24 -0.89 0.00
-4.04 -0.36 -3.19 -0.89 0.00
-4.01 -0.38 -3.17 -0.93 0.00
-3.98 -0.40 -3.11 -0.90 0.00
-3.94 -0.42 -3.08 -0.93 0.00
-3.90 -0.44 -3.07 -0.98 0.00
-3.88 -0.44 -3.13 -1.10 0.00
-3.85 -0.47 -2.92 -0.82 0.00
-3.79 -0.50 -2.99 -1.10 0.00
-3.79 -0.53 -2.91 -1.02 0.00
-3.73 -0.56 -2.88 -1.09 0.00
-3.70 -0.57 -2.81 -1.02 0.00
-3.66 -0.60 -2.83 -1.15 0.00
-3.63 -0.62 -2.77 -1.14 0.00
-3.60 -0.63 -2.69 -1.06 0.00
-3.56 -0.64 -2.70 -1.15 0.00
-3.51 -0.65 -2.66 -1.17 0.00
-3.49 -0.69 -2.63 -1.20 0.00
-3.46 -0.71 -2.58 -1.19 0.00
-3.42 -0.72 -2.56 -1.23 0.00
-3.39 -0.75 -2.54 -1.27 0.00
-3.36 -0.77 -2.48 -1.25 0.00
-3.36 -0.77 -2.43 -1.12 0.00
-3.31 -0.78 -2.37 -1.11 0.00
-3.26 -0.82 -2.32 -1.17 0.00
-3.22 -0.84 -2.25 -1.10 0.00
-3.19 -0.87 -2.21 -1.06 0.00
-3.15 -0.89 -2.16 -0.99 0.00
-3.12 -0.90 -2.13 -1.06 0.00
-3.08 -0.91 -2.09 -1.06 0.00
-3.04 -0.91 -2.05 -1.02 0.00
-3.00 -0.91 -2.00 -0.96 0.00
-2.96 -0.92 -1.96 -0.93 0.00
-2.93 -0.91 -1.93 -0.84 0.00
-2.87 -0.89 -1.88 -0.73 0.00
-2.85 -0.91 -1.86 -0.76 0.00
-2.81 -0.90 -1.82 -0.72 0.00
-2.77 -0.93 -1.78 -0.82 0.00
-2.74 -0.92 -1.75 -0.79 0.00
-2.70 -0.92 -1.71 -0.78 0.00
-2.66 -0.91 -1.69 -0.68 0.00
-2.63 -0.91 -1.69 -0.57 0.00
-2.58 -0.91 -1.70 -0.43 0.00
-2.55 -0.91 -1.79 -0.26 0.00
-2.51 -0.89 -1.73 -0.27 0.00
-2.49 -0.86 -1.75 -0.18 0.00
-2.45 -0.83 -1.70 -0.17 0.00
-2.43 -0.81 -1.68 -0.14 0.00
-2.41 -0.78 -1.69 -0.08 0.00
-2.35 -0.72 -1.63 -0.03 0.00
-2.33 -0.74 -1.68 0.02 0.00
-2.30 -0.72 -1.79 0.14 0.00
-2.27 -0.67 -1.88 0.25 0.00
-2.24 -0.63 -1.99 0.34 0.00
-2.20 -0.58 -1.90 0.38 0.00
-2.14 -0.58 -1.81 0.36 0.00
-2.16 -0.56 -2.01 0.43 0.00
-2.16 -0.52 -2.00 0.47 0.00
-2.15 -0.48 -1.99 0.51 0.00
-2.14 -0.44 -2.03 0.55 0.00
-2.14 -0.40 -2.02 0.59 0.00
-2.13 -0.36 -2.04 0.63 0.00
-2.13 -0.32 -2.19 0.68 0.00
-2.12 -0.28 -2.33 0.70 0.00
-2.12 -0.24 -2.48 0.69 0.00
-2.12 -0.20 -2.62 0.66 0.00
-2.11 -0.16 -2.72 0.63 0.00
-2.10 -0.12 -2.81 0.59 0.00
-2.11 -0.09 -2.88 0.55 0.00
-2.14 -0.06 -2.91 0.58 0.00
-2.18 -0.03 -2.94 0.61 0.00
-2.21 -0.00 -2.98 0.64 0.00
-2.24 0.03 -3.03 0.64 0.00
-2.28 0.05 -3.08 0.65 0.00
-2.30 0.08 -3.15 0.60 0.00
-2.33 0.09 -3.19 0.59 0.00
-2.32 0.08 -2.58 1.05 1.00
-2.32 0.08 -1.82 0.94 1.00
-2.31 0.08 -1.84 0.96 0.00
-2.21 0.15 -1.96 1.12 0.00
-2.25 0.17 -1.80 1.06 0.00
-2.18 0.20 -1.76 1.10 0.00
-2.17 0.29 -1.93 1.26 0.00
-2.18 0.30 -1.95 1.28 0.00
-2.14 0.31 -1.85 1.26 0.00
-2.12 0.36 -1.92 1.34 0.00
-2.12 0.37 -1.81 1.32 0.00
-2.11 0.40 -1.99 1.39 0.00
-2.10 0.44 -2.14 1.44 0.00
-2.06 0.48 -2.21 1.47 0.00
-2.07 0.52 -2.22 1.50 0.00
-2.03 0.51 -2.15 1.50 0.00
-2.06 0.63 -2.17 1.62 0.00
-2.03 0.68 -2.54 1.54 0.00
-2.01 0.73 -2.57 1.55 0.00
-2.09 0.74 -2.50 1.66 0.00
-2.09 0.81 -2.62 1.66 0.00
-2.12 0.84 -2.63 1.69 0.00
-2.17 0.89 -2.83 1.64 0.00
-2.18 0.93 -2.99 1.52 0.00
-2.23 0.94 -3.18 1.24 0.00
-2.22 1.00 -3.05 1.56 0.00
-2.24 1.03 -3.13 1.48 0.00
-2.29 1.06 -3.27 1.25 0.00
-2.27 1.12 -3.25 1.31 0.00
-2.29 1.13 -3.28 1.18 0.00
-2.35 1.12 -3.33 1.34 0.00
-2.41 1.13 -3.40 1.25 0.00
-2.46 1.15 -3.46 1.23 0.00
-2.48 1.15 -3.47 1.28 0.00
-2.48 1.16 -3.07 1.96 1.00
-2.50 1.19 -3.13 1.97 0.00
-2.53 1.22 -3.23 1.94 0.00
-2.54 1.27 -3.21 2.01 0.00
-2.55 1.31 -3.23 2.05 0.00
-2.61 1.34 -3.19 2.15 0.00
-2.62 1.37 -3.21 2.17 0.00
-2.65 1.39 -3.29 2.16 0.00
-2.67 1.42 -3.34 2.16 0.00
-2.69 1.45 -3.36 2.18 0.00
-2.72 1.49 -3.45 2.17 0.00
-2.76 1.52 -3.51 2.17 0.00
-2.75 1.52 -3.25 2.39 0.00
-2.81 1.57 -3.70 2.03 0.00
-2.82 1.67 -3.71 2.11 0.00
-2.87 1.64 -3.79 2.04 0.00
-2.88 1.71 -3.77 2.18 0.00
-2.87 1.72 -3.22 2.66 1.00
-2.88 1.76 -3.24 2.69 0.00
-2.90 1.80 -3.27 2.73 0.00
-2.92 1.84 -3.33 2.75 0.00
-2.93 1.88 -3.37 2.77 0.00
-2.94 1.92 -3.40 2.81 0.00
-2.96 1.95 -3.45 2.82 0.00
-2.97 1.99 -3.47 2.86 0.00
-2.99 2.03 -3.51 2.89 0.00
-3.00 2.06 -3.54 2.91 0.00
-3.02 2.10 -3.53 2.96 0.00
-3.05 2.13 -3.62 2.96 0.00
-3.07 2.15 -3.65 2.96 0.00
-3.08 2.18 -3.72 2.95 0.00
-3.12 2.22 -3.87 2.88 0.00
-3.15 2.29 -3.91 2.94 0.00
-3.16 2.31 -3.96 2.91 0.00
-3.16 2.31 -3.30 3.30 1.00
-3.17 2.31 -2.56 3.10 1.00
-3.18 2.32 -2.19 2.46 1.00
-3.17 2.32 -2.37 1.72 1.00
-3.12 2.29 -2.32 1.68 0.00
-3.11 2.27 -2.35 1.61 0.00
-3.07 2.25 -2.31 1.60 0.00
-3.05 2.23 -2.29 1.58 0.00
-3.01 2.17 -2.25 1.52 0.00
-2.97 2.18 -2.26 1.47 0.00
-2.94 2.14 -2.28 1.39 0.00
-2.92 2.11 -2.29 1.34 0.00
-2.88 2.10 -2.31 1.28 0.00
-2.85 2.07 -2.34 1.21 0.00
-2.82 2.03 -2.37 1.14 0.00
-2.79 2.00 -2.40 1.08 0.00
-2.77 1.97 -2.42 1.03 0.00
-2.76 1.93 -2.44 0.99 0.00
-2.76 1.90 -2.39 0.97 0.00
-2.75 1.84 -2.65 0.85 0.00
-2.78 1.84 -3.40 1.06 1.00
-2.79 1.84 -3.79 1.76 1.00
-2.80 1.85 -3.55 2.50 1.00
-2.80 1.85 -2.86 2.85 1.00
-2.80 1.85 -2.13 2.59 1.00
-2.77 1.88 -2.06 2.59 0.00
-2.76 1.91 -2.07 2.64 0.00
-2.72 1.94 -2.02 2.66 0.00
-2.74 2.00 -1.85 2.46 0.00
-2.68 2.03 -1.81 2.52 0.00
-2.69 2.04 -1.94 2.71 0.00
-2.63 2.05 -1.83 2.65 0.00
-2.60 2.09 -1.78 2.67 0.00
-2.56 2.09 -1.84 2.79 0.00
-2.53 2.15 -1.82 2.86 0.00
-2.49 2.17 -1.73 2.81 0.00
-2.44 2.22 -1.76 2.95 0.00
-2.44 2.25 -1.78 3.00 0.00
-2.42 2.23 -1.76 2.98 0.00
-2.38 2.25 -1.76 3.03 0.00
-2.36 2.29 -1.83 3.14 0.00
-2.35 2.28 -1.39 2.56 1.00
-2.34 2.27 -1.45 1.80 1.00
-2.30 2.25 -1.41 1.79 0.00
-2.25 2.23 -1.37 1.76 0.00
-2.22 2.22 -1.36 1.71 0.00
-2.17 2.19 -1.39 1.57 0.00
-2.15 2.18 -1.41 1.52 0.00
-2.12 2.16 -1.45 1.42 0.00
-2.08 2.14 -1.49 1.33 0.00
-2.05 2.12 -1.54 1.26 0.00
-2.01 2.10 -1.56 1.20 0.00
-1.98 2.07 -1.57 1.15 0.00
-1.96 2.03 -1.58 1.10 0.00
-1.95 1.99 -1.54 1.07 0.00
-1.93 1.95 -1.55 1.02 0.00
-1.91 1.90 -1.60 0.95 0.00
-1.89 1.86 -1.66 0.89 0.00
-1.87 1.82 -1.69 0.84 0.00
-1.86 1.78 -1.65 0.80 0.00
-1.85 1.74 -1.64 0.76 0.00
-1.85 1.70 -1.63 0.72 0.00
-1.83 1.66 -1.63 0.68 0.00
-1.83 1.62 -1.61 0.64 0.00
-1.82 1.58 -1.62 0.60 0.00
-1.81 1.54 -1.67 0.55 0.00
-1.80 1.50 -1.73 0.50 0.00
-1.79 1.46 -1.78 0.46 0.00
-1.78 1.41 -1.84 0.42 0.00
-1.77 1.37 -1.88 0.38 0.00
-1.76 1.33 -1.93 0.35 0.00
-1.76 1.29 -1.97 0.31 0.00
-1.77 1.25 -1.99 0.28 0.00
-1.78 1.21 -2.01 0.24 0.00
-1.79 1.17 -2.02 0.20 0.00
-1.80 1.13 -2.02 0.15 0.00
-1.81 1.09 -2.02 0.11 0.00
-1.82 1.05 -2.02 0.07 0.00
-1.83 1.01 -2.03 0.03 0.00
-1.84 0.97 -2.09 0.00 0.00
-1.85 0.93 -2.21 0.00 0.00
-1.85 0.89 -2.27 -0.02 0.00
-1.86 0.85 -2.36 -0.02 0.00
-1.87 0.81 -2.44 -0.01 0.00
-1.88 0.76 -2.49 -0.03 0.00
-1.88 0.72 -2.58 0.01 0.00
-1.91 0.70 -2.63 -0.00 0.00
-1.94 0.67 -2.66 -0.02 0.00
-1.97 0.64 -2.70 -0.05 0.00
-2.00 0.61 -2.73 -0.07 0.00
-2.01 0.59 -2.67 -0.17 0.00
-2.03 0.56 -2.74 -0.15 0.00
-2.06 0.53 -2.80 -0.14 0.00
-2.08 0.48 -2.88 -0.12 0.00
-2.05 0.52 -2.37 -0.42 0.00
-2.10 0.46 -2.55 -0.43 0.00
-2.09 0.47 -2.18 -0.53 0.00
-2.21 0.38 -2.96 -0.28 0.00
-2.25 0.36 -3.05 -0.24 0.00
-2.28 0.34 -3.12 -0.21 0.00
-2.31 0.31 -3.16 -0.22 0.00
-2.35 0.29 -3.17 -0.28 0.00
-2.36 0.26 -3.26 -0.19 0.00
