-5.91 0.00 -6.17 0.97 0.00
-5.93 0.05 -6.07 1.04 0.00
-5.92 0.10 -5.97 1.09 0.00
-5.94 0.13 -5.85 1.12 0.00
-5.95 0.16 -5.72 1.13 0.00
-5.95 0.19 -5.60 1.13 0.00
-5.96 0.23 -5.50 1.12 0.00
-5.97 0.27 -5.46 1.13 0.00
-5.96 0.29 -5.41 1.13 0.00
-5.92 0.33 -5.37 1.17 0.00
-5.91 0.35 -5.37 1.19 0.00
-5.88 0.39 -5.35 1.24 0.00
-5.85 0.43 -5.29 1.26 0.00
-5.84 0.46 -5.32 1.30 0.00
-5.82 0.50 -5.25 1.32 0.00
-5.80 0.54 -5.23 1.36 0.00
-5.78 0.56 -5.18 1.36 0.00
-5.75 0.61 -5.10 1.38 0.00
-5.73 0.63 -4.99 1.29 0.00
-5.70 0.67 -4.86 1.21 0.00
-5.68 0.71 -4.80 1.17 0.00
-5.66 0.74 -4.74 1.14 0.00
-5.62 0.77 -4.66 1.02 0.00
-5.61 0.79 -4.62 0.96 0.00
-5.58 0.80 -4.59 0.92 0.00
-5.53 0.81 -4.54 0.95 0.00
-5.48 0.82 -4.49 0.96 0.00
-5.43 0.82 -4.43 0.95 0.00
-5.38 0.84 -4.39 0.98 0.00
-5.33 0.83 -4.34 0.93 0.00
-5.29 0.84 -4.29 0.94 0.00
-5.24 0.85 -4.25 0.98 0.00
-5.18 0.86 -4.18 0.88 0.00
-5.14 0.87 -4.14 0.86 0.00
-5.09 0.88 -4.09 0.85 0.00
-5.05 0.86 -4.05 0.83 0.00
-5.01 0.88 -4.01 0.82 0.00
-4.97 0.87 -3.97 0.82 0.00
-4.93 0.87 -3.93 0.77 0.00
-4.89 0.87 -3.89 0.80 0.00
-4.85 0.86 -3.85 0.79 0.00
-4.81 0.85 -3.81 0.81 0.00
-4.78 0.85 -3.78 0.76 0.00
-4.73 0.86 -3.73 0.76 0.00
-4.69 0.84 -3.69 0.75 0.00
-4.65 0.85 -3.65 0.79 0.00
-4.60 0.85 -3.61 0.77 0.00
-4.57 0.84 -3.57 0.79 0.00
-4.53 0.84 -3.53 0.81 0.00
-4.49 0.85 -3.49 0.79 0.00
-4.46 0.85 -3.47 0.68 0.00
-4.44 0.85 -3.48 0.57 0.00
-4.41 0.84 -3.44 0.59 0.00
-4.34 0.82 -3.42 0.42 0.00
-4.29 0.83 -3.34 0.53 0.00
-4.26 0.81 -3.26 0.69 0.00
-4.23 0.80 -3.31 0.39 0.00
-4.19 0.78 -3.24 0.47 0.00
-4.14 0.78 -3.17 0.54 0.00
-4.10 0.76 -3.14 0.49 0.00
-4.02 0.75 -3.02 0.76 0.00
-3.99 0.69 -3.04 0.37 0.00
-3.95 0.71 -3.00 0.42 0.00
-3.94 0.71 -2.97 0.45 0.00
-3.90 0.70 -2.94 0.45 0.00
-3.90 0.70 -3.40 -0.16 1.00
-3.90 0.70 -4.16 -0.27 1.00
-3.91 0.66 -4.18 -0.30 0.00
-3.92 0.63 -4.12 -0.36 0.00
-3.93 0.60 -3.99 -0.39 0.00
-3.93 0.60 -4.03 -0.40 0.00
-3.96 0.51 -3.85 -0.48 0.00
-3.97 0.48 -3.75 -0.49 0.00
-3.97 0.42 -3.67 -0.53 0.00
-3.99 0.38 -3.59 -0.54 0.00
-3.98 0.38 -3.55 -0.53 0.00
-3.95 0.32 -3.51 -0.58 0.00
-3.93 0.27 -3.57 -0.66 0.00
-3.95 0.25 -3.43 -0.60 0.00
-3.92 0.20 -3.49 -0.70 0.00
-3.90 0.12 -3.43 -0.77 0.00
-3.90 0.08 -3.52 -0.85 0.00
-3.86 0.08 -3.11 -0.58 0.00
-3.83 0.05 -3.07 -0.61 0.00
-3.79 0.02 -2.99 -0.57 0.00
-3.76 -0.01 -2.90 -0.52 0.00
-3.72 -0.04 -2.83 -0.48 0.00
-3.69 -0.07 -2.75 -0.43 0.00
-3.66 -0.10 -2.69 -0.36 0.00
-3.62 -0.13 -2.63 -0.28 0.00
-3.58 -0.16 -2.59 -0.25 0.00
-3.54 -0.16 -2.54 -0.20 0.00
-3.51 -0.16 -2.51 -0.17 0.00
-3.46 -0.17 -2.46 -0.22 0.00
-3.42 -0.17 -2.42 -0.20 0.00
-3.38 -0.17 -2.38 -0.17 0.00
-3.34 -0.17 -2.34 -0.16 0.00
-3.30 -0.18 -2.30 -0.15 0.00
-3.26 -0.18 -2.27 -0.13 0.00
-3.22 -0.18 -2.22 -0.13 0.00
-3.18 -0.18 -2.18 -0.12 0.00
-3.14 -0.17 -2.14 -0.15 0.00
-3.10 -0.17 -2.10 -0.18 0.00
-3.06 -0.17 -2.06 -0.19 0.00
-3.02 -0.17 -2.03 -0.27 0.00
-2.98 -0.16 -1.99 -0.32 0.00
-2.94 -0.16 -1.96 -0.36 0.00
-2.90 -0.16 -1.92 -0.38 0.00
-2.86 -0.17 -1.89 -0.42 0.00
-2.81 -0.17 -1.85 -0.44 0.00
