-6.89 1.91 -5.93 2.18 0.00
-6.84 1.93 -5.86 2.12 0.00
-6.81 1.95 -5.82 2.11 0.00
-6.77 1.96 -5.77 1.98 0.00
-6.73 1.96 -5.74 1.85 0.00
-6.70 1.97 -5.72 1.75 0.00
-6.66 1.98 -5.70 1.71 0.00
-6.63 1.98 -5.69 1.63 0.00
-6.58 1.97 -5.65 1.62 0.00
-6.53 1.96 -5.60 1.59 0.00
-6.49 1.94 -5.54 1.61 0.00
-6.44 1.92 -5.52 1.52 0.00
-6.40 1.91 -5.50 1.48 0.00
-6.36 1.89 -5.41 1.58 0.00
-6.31 1.87 -5.40 1.45 0.00
-6.26 1.85 -5.36 1.43 0.00
-6.22 1.83 -5.31 1.42 0.00
-6.19 1.83 -5.33 1.30 0.00
-6.18 1.84 -5.38 1.24 0.00
-6.08 1.87 -5.44 1.10 0.00
-6.05 1.80 -5.36 1.07 0.00
-6.02 1.74 -5.36 0.99 0.00
-5.96 1.71 -5.21 1.04 0.00
-5.91 1.67 -5.19 0.99 0.00
-5.88 1.64 -5.14 0.96 0.00
-5.84 1.61 -5.06 0.98 0.00
-5.79 1.57 -5.02 0.94 0.00
-5.75 1.52 -4.95 0.92 0.00
-5.73 1.46 -4.94 0.84 0.00
-5.67 1.44 -4.89 0.82 0.00
-5.64 1.39 -4.82 0.82 0.00
-5.59 1.36 -4.65 1.03 0.00
-5.55 1.34 -4.78 0.70 0.00
-5.53 1.31 -4.82 0.61 0.00
-5.50 1.27 -4.79 0.57 0.00
-5.46 1.28 -4.69 0.63 0.00
-5.42 1.26 -4.65 0.62 0.00
-5.38 1.20 -4.64 0.53 0.00
-5.37 1.19 -4.63 0.53 0.00
-5.30 1.15 -4.68 0.37 0.00
-5.27 1.13 -4.61 0.38 0.00
-5.25 1.08 -4.54 0.37 0.00
-5.21 1.04 -4.49 0.36 0.00
-5.18 1.01 -4.42 0.37 0.00
-5.15 0.98 -4.36 0.37 0.00
-5.12 0.93 -4.30 0.37 0.00
-5.09 0.91 -4.24 0.38 0.00
-5.06 0.87 -4.18 0.39 0.00
-5.01 0.84 -4.12 0.39 0.00
-4.97 0.83 -4.11 0.31 0.00
-4.92 0.83 -4.11 0.24 0.00
-4.88 0.82 -4.10 0.20 0.00
-4.85 0.80 -4.06 0.18 0.00
-4.82 0.77 -4.03 0.14 0.00
-4.78 0.73 -3.99 0.12 0.00
-4.73 0.71 -3.94 0.11 0.00
-4.71 0.67 -3.89 0.10 0.00
-4.67 0.65 -3.81 0.14 0.00
-4.64 0.61 -3.76 0.14 0.00
-4.60 0.59 -3.70 0.16 0.00
-4.56 0.57 -3.61 0.24 0.00
-4.53 0.54 -3.58 0.24 0.00
-4.50 0.50 -3.54 0.21 0.00
-4.45 0.50 -3.47 0.27 0.00
-4.41 0.49 -3.45 0.23 0.00
-4.38 0.51 -3.44 0.17 0.00
-4.31 0.51 -3.42 0.07 0.00
-4.29 0.42 -3.30 0.27 0.00
-4.24 0.41 -3.27 0.17 0.00
-4.19 0.40 -3.20 0.22 0.00
-4.16 0.41 -3.17 0.23 0.00
-4.10 0.40 -3.13 0.16 0.00
-4.08 0.39 -3.13 0.07 0.00
-4.03 0.39 -3.08 0.08 0.00
-3.97 0.39 -3.00 0.15 0.00
-3.94 0.39 -2.98 0.12 0.00
-3.90 0.38 -2.93 0.11 0.00
-3.83 0.37 -2.93 -0.06 0.00
-3.81 0.36 -2.88 0.01 0.00
-3.77 0.35 -2.84 -0.03 0.00
-3.73 0.34 -2.80 -0.03 0.00
-3.73 0.35 -3.35 -0.57 1.00
-3.73 0.36 -4.10 -0.57 1.00
-3.73 0.33 -4.09 -0.60 0.00
-3.77 0.28 -3.94 -0.71 0.00
-3.78 0.24 -3.86 -0.76 0.00
-3.77 0.21 -3.59 -0.78 0.00
-3.81 0.12 -3.76 -0.88 0.00
-3.88 0.09 -4.07 -0.89 0.00
-3.85 0.07 -3.68 -0.91 0.00
-3.85 0.05 -3.45 -0.87 0.00
-3.84 0.04 -3.37 -0.85 0.00
-3.83 0.00 -3.34 -0.87 0.00
-3.81 -0.04 -3.35 -0.92 0.00
-3.80 -0.07 -3.33 -0.95 0.00
-3.78 -0.10 -3.21 -0.93 0.00
-3.76 -0.13 -3.13 -0.91 0.00
-3.74 -0.16 -3.06 -0.89 0.00
-3.72 -0.20 -2.98 -0.86 0.00
-3.68 -0.23 -2.92 -0.88 0.00
-3.64 -0.27 -2.83 -0.85 0.00
-3.60 -0.30 -2.75 -0.83 0.00
-3.56 -0.34 -2.67 -0.80 0.00
-3.52 -0.38 -2.60 -0.76 0.00
-3.48 -0.41 -2.52 -0.71 0.00
-3.44 -0.43 -2.46 -0.62 0.00
-3.39 -0.45 -2.40 -0.54 0.00
-3.35 -0.47 -2.37 -0.64 0.00
-3.32 -0.48 -2.33 -0.67 0.00
-3.27 -0.49 -2.28 -0.62 0.00
-3.24 -0.49 -2.24 -0.59 0.00
-3.20 -0.50 -2.20 -0.58 0.00
-3.16 -0.51 -2.16 -0.53 0.00
-3.12 -0.52 -2.12 -0.51 0.00
-3.08 -0.52 -2.08 -0.47 0.00
-3.04 -0.53 -2.04 -0.41 0.00
-2.99 -0.54 -2.01 -0.38 0.00
-2.95 -0.53 -1.96 -0.41 0.00
-2.91 -0.51 -1.93 -0.34 0.00
-2.87 -0.51 -1.88 -0.36 0.00
-2.84 -0.50 -1.84 -0.40 0.00
-2.80 -0.50 -1.82 -0.28 0.00
-2.76 -0.49 -1.78 -0.29 0.00
-2.72 -0.48 -1.73 -0.30 0.00
-2.68 -0.47 -1.68 -0.37 0.00
-2.64 -0.46 -1.65 -0.38 0.00
-2.60 -0.46 -1.61 -0.40 0.00
-2.56 -0.45 -1.56 -0.42 0.00
-2.52 -0.44 -1.52 -0.48 0.00
-2.48 -0.43 -1.49 -0.49 0.00
-2.44 -0.43 -1.44 -0.50 0.00
-2.40 -0.44 -1.40 -0.45 0.00
-2.37 -0.44 -1.37 -0.34 0.00
-2.32 -0.46 -1.32 -0.35 0.00
-2.28 -0.46 -1.28 -0.34 0.00
-2.24 -0.46 -1.24 -0.33 0.00
-2.19 -0.45 -1.20 -0.33 0.00
-2.16 -0.45 -1.16 -0.32 0.00
-2.12 -0.44 -1.12 -0.32 0.00
-2.08 -0.44 -1.08 -0.33 0.00
-2.04 -0.43 -1.04 -0.40 0.00
-2.00 -0.43 -1.00 -0.42 0.00
-1.96 -0.42 -0.96 -0.45 0.00
-1.92 -0.42 -0.92 -0.47 0.00
-1.88 -0.41 -0.89 -0.55 0.00
-1.84 -0.41 -0.86 -0.61 0.00
-1.80 -0.41 -0.83 -0.65 0.00
-1.76 -0.42 -0.79 -0.65 0.00
-1.72 -0.43 -0.75 -0.67 0.00
-1.69 -0.44 -0.72 -0.68 0.00
-1.65 -0.45 -0.69 -0.74 0.00
-1.61 -0.46 -0.66 -0.78 0.00
-1.57 -0.47 -0.63 -0.82 0.00
-1.53 -0.48 -0.61 -0.88 0.00
-1.49 -0.48 -0.58 -0.92 0.00
-1.45 -0.50 -0.55 -0.94 0.00
-1.41 -0.51 -0.52 -0.97 0.00
-1.37 -0.53 -0.50 -1.01 0.00
-1.33 -0.55 -0.47 -1.05 0.00
-1.30 -0.57 -0.44 -1.08 0.00
-1.26 -0.59 -0.43 -1.15 0.00
-1.22 -0.61 -0.46 -1.25 0.00
-1.18 -0.63 -0.49 -1.35 0.00
-1.15 -0.65 -0.55 -1.45 0.00
-1.13 -0.69 -0.55 -1.50 0.00
-1.10 -0.72 -0.60 -1.59 0.00
-1.07 -0.75 -0.64 -1.65 0.00
-1.04 -0.77 -0.69 -1.71 0.00
-1.01 -0.80 -0.73 -1.76 0.00
-0.99 -0.83 -0.78 -1.81 0.00
-0.98 -0.87 -0.77 -1.85 0.00
-0.97 -0.91 -0.75 -1.88 0.00
-0.96 -0.95 -0.74 -1.93 0.00
-0.96 -0.99 -0.73 -1.96 0.00
-0.95 -1.02 -0.75 -2.00 0.00
-0.94 -1.07 -0.80 -2.06 0.00
-0.94 -1.10 -0.93 -2.10 0.00
-0.94 -1.14 -0.92 -2.14 0.00
-0.93 -1.20 -1.05 -2.19 0.00
-0.94 -1.26 -1.04 -2.25 0.00
-0.94 -1.27 -1.17 -2.24 0.00
-0.94 -1.31 -1.26 -2.26 0.00
-0.95 -1.35 -1.34 -2.27 0.00
-0.95 -1.39 -1.40 -2.29 0.00
-0.97 -1.44 -1.42 -2.33 0.00
-0.96 -1.46 -1.50 -2.30 0.00
-0.99 -1.49 -1.52 -2.34 0.00
-1.01 -1.52 -1.48 -2.40 0.00
-1.03 -1.55 -1.56 -2.40 0.00
-1.04 -1.58 -1.62 -2.39 0.00
-1.06 -1.61 -1.66 -2.41 0.00
-1.08 -1.64 -1.72 -2.40 0.00
-1.10 -1.67 -1.84 -2.34 0.00
-1.12 -1.70 -1.91 -2.30 0.00
-1.12 -1.72 -1.98 -2.24 0.00
-1.15 -1.72 -2.02 -2.21 0.00
-1.18 -1.72 -2.13 -2.02 0.00
-1.21 -1.77 -2.19 -1.95 0.00
-1.24 -1.77 -2.22 -1.95 0.00
-1.28 -1.83 -2.22 -2.17 0.00
-1.30 -1.83 -2.30 -1.90 0.00
-1.36 -1.87 -2.35 -2.02 0.00
-1.39 -1.88 -2.36 -2.10 0.00
-1.43 -1.87 -2.42 -2.04 0.00
-1.46 -1.87 -2.46 -1.95 0.00
-1.50 -1.87 -2.49 -2.04 0.00
-1.55 -1.87 -2.55 -1.92 0.00
-1.59 -1.88 -2.59 -1.80 0.00
-1.61 -1.87 -2.61 -1.78 0.00
-1.66 -1.90 -2.62 -1.62 0.00
-1.69 -1.91 -2.57 -1.45 0.00
-1.73 -1.89 -2.62 -1.44 0.00
-1.74 -1.94 -2.50 -1.28 0.00
-1.81 -1.83 -2.51 -1.12 0.00
-1.67 -1.71 -1.38 -0.76 0.00
-1.85 -1.74 -1.90 -0.74 0.00
-1.91 -1.73 -2.20 -0.78 0.00
-1.87 -1.74 -1.80 -0.75 0.00
-1.98 -1.74 -2.23 -0.78 0.00
-2.00 -1.74 -2.21 -0.76 0.00
-2.01 -1.70 -2.22 -0.72 0.00
-2.01 -1.66 -2.23 -0.68 0.00
-2.02 -1.62 -2.23 -0.64 0.00
-2.03 -1.58 -2.24 -0.60 0.00
-2.04 -1.54 -2.24 -0.56 0.00
-2.05 -1.50 -2.24 -0.52 0.00
-2.06 -1.47 -2.24 -0.48 0.00
-2.06 -1.47 -1.49 -0.64 1.00
-2.06 -1.47 -1.07 -1.28 1.00
-2.02 -1.46 -1.03 -1.28 0.00
-1.98 -1.45 -1.00 -1.27 0.00
-1.94 -1.45 -0.96 -1.26 0.00
-1.90 -1.44 -0.92 -1.24 0.00
-1.86 -1.43 -0.88 -1.23 0.00
-1.82 -1.42 -0.84 -1.19 0.00
-1.78 -1.41 -0.83 -1.11 0.00
-1.74 -1.41 -0.82 -1.04 0.00
-1.70 -1.40 -0.81 -0.95 0.00
-1.67 -1.39 -0.82 -0.86 0.00
-1.63 -1.39 -0.83 -0.78 0.00
-1.59 -1.38 -0.84 -0.72 0.00
-1.55 -1.36 -0.85 -0.65 0.00
-1.52 -1.33 -0.81 -0.63 0.00
-1.49 -1.30 -0.81 -0.56 0.00
-1.45 -1.27 -0.75 -0.55 0.00
-1.41 -1.24 -0.78 -0.47 0.00
-1.38 -1.21 -0.83 -0.38 0.00
-1.35 -1.18 -0.84 -0.32 0.00
-1.32 -1.15 -0.86 -0.26 0.00
-1.29 -1.12 -0.86 -0.22 0.00
-1.28 -1.09 -0.85 -0.18 0.00
-1.26 -1.05 -0.83 -0.14 0.00
