2.40 -0.10 2.70 0.85 0.00
2.41 -0.06 2.69 0.90 0.00
2.42 -0.03 2.64 0.95 0.00
2.44 0.01 2.59 1.00 0.00
2.45 0.02 2.51 1.02 0.00
2.43 0.08 2.41 1.08 0.00
2.45 0.13 2.61 1.11 0.00
2.51 0.20 2.56 1.20 0.00
2.49 0.23 2.48 1.23 0.00
2.50 0.24 2.41 1.24 0.00
2.48 0.28 2.37 1.27 0.00
2.48 0.33 2.32 1.31 0.00
2.48 0.38 2.28 1.36 0.00
2.48 0.40 2.11 1.33 0.00
2.48 0.45 1.97 1.31 0.00
2.47 0.48 2.01 1.36 0.00
2.47 0.53 1.88 1.34 0.00
2.45 0.56 1.77 1.30 0.00
2.41 0.62 1.69 1.31 0.00
2.38 0.64 1.74 1.40 0.00
2.34 0.70 1.52 1.27 0.00
2.31 0.73 1.51 1.33 0.00
2.28 0.78 1.42 1.29 0.00
2.24 0.88 1.51 1.57 0.00
2.21 0.85 1.37 1.38 0.00
2.20 0.92 1.53 1.66 0.00
2.10 0.89 1.14 1.18 0.00
2.10 0.90 1.21 1.35 0.00
2.05 0.90 1.21 1.45 0.00
2.03 0.92 1.18 1.45 0.00
1.94 0.99 1.09 1.52 0.00
1.91 1.01 0.92 0.86 0.00
1.89 0.97 0.96 1.32 0.00
1.85 1.00 0.98 1.49 0.00
1.81 1.01 0.87 1.36 0.00
1.75 1.03 0.76 1.11 0.00
1.71 1.05 0.71 0.97 0.00
1.65 1.07 0.67 0.88 0.00
1.60 1.07 0.62 0.89 0.00
1.57 1.07 0.61 0.79 0.00
1.52 1.07 0.61 0.66 0.00
1.51 1.03 0.52 0.87 0.00
1.46 1.05 0.51 0.74 0.00
1.41 1.04 0.49 0.67 0.00
1.38 1.00 0.42 0.73 0.00
1.36 1.00 0.41 0.70 0.00
1.30 1.02 0.39 0.59 0.00
1.27 0.97 0.30 0.73 0.00
1.22 0.98 0.26 0.69 0.00
1.17 0.96 0.21 0.67 0.00
1.13 0.95 0.20 0.59 0.00
1.08 0.94 0.17 0.52 0.00
1.04 0.92 0.16 0.44 0.00
0.98 0.91 0.11 0.43 0.00
0.95 0.90 0.10 0.37 0.00
0.91 0.88 0.06 0.34 0.00
0.83 0.85 0.13 0.14 0.00
0.83 0.84 0.04 0.22 0.00
0.78 0.85 -0.20 0.65 0.00
0.72 0.78 -0.00 0.09 0.00
0.70 0.74 -0.12 0.17 0.00
0.66 0.72 -0.16 0.14 0.00
0.61 0.69 -0.19 0.09 0.00
0.58 0.66 -0.25 0.09 0.00
0.53 0.63 -0.29 0.06 0.00
0.49 0.61 -0.32 0.02 0.00
0.45 0.58 -0.35 -0.02 0.00
0.41 0.55 -0.38 -0.06 0.00
0.37 0.52 -0.41 -0.10 0.00
0.32 0.50 -0.47 -0.12 0.00
0.29 0.46 -0.53 -0.11 0.00
0.25 0.44 -0.55 -0.15 0.00
0.21 0.40 -0.63 -0.15 0.00
0.17 0.37 -0.68 -0.17 0.00
0.12 0.34 -0.73 -0.18 0.00
0.08 0.31 -0.79 -0.18 0.00
0.04 0.28 -0.86 -0.16 0.00
-0.00 0.25 -0.92 -0.15 0.00
-0.05 0.23 -0.97 -0.15 0.00
-0.09 0.21 -1.04 -0.11 0.00
-0.13 0.18 -1.10 -0.08 0.00
-0.16 0.18 -1.13 -0.07 0.00
-0.21 0.16 -1.17 -0.10 0.00
-0.25 0.15 -1.21 -0.12 0.00
-0.28 0.14 -1.25 -0.12 0.00
-0.32 0.13 -1.27 -0.18 0.00
-0.37 0.12 -1.33 -0.15 0.00
-0.40 0.11 -1.36 -0.16 0.00
-0.41 0.11 -1.35 -0.22 0.00
-0.45 0.05 -1.44 -0.04 0.00
-0.49 0.11 -1.30 -0.48 0.00
-0.51 0.08 -1.47 -0.22 0.00
-0.60 0.01 -1.60 -0.07 0.00
-0.68 -0.03 -1.67 0.04 0.00
-0.73 -0.03 -1.73 0.09 0.00
-0.76 -0.02 -1.76 -0.00 0.00
-0.78 -0.01 -1.78 -0.01 0.00
-0.82 -0.01 -1.82 -0.03 0.00
-0.86 -0.00 -1.86 -0.02 0.00
-0.88 -0.00 -1.88 -0.00 0.00
-0.94 -0.01 -1.94 -0.03 0.00
-0.98 -0.01 -1.98 -0.03 0.00
-1.02 -0.01 -2.02 -0.04 0.00
-1.06 -0.01 -2.06 -0.02 0.00
-1.10 -0.01 -2.10 -0.08 0.00
-1.14 -0.01 -2.14 -0.03 0.00
-1.19 -0.01 -2.19 -0.05 0.00
-1.23 -0.01 -2.23 -0.04 0.00
-1.26 -0.02 -2.26 -0.03 0.00
-1.30 -0.02 -2.30 -0.02 0.00
-1.34 -0.02 -2.33 -0.08 0.00
-1.39 -0.02 -2.39 -0.08 0.00
-1.42 -0.02 -2.42 -0.05 0.00
-1.46 -0.02 -2.46 -0.05 0.00
-1.50 -0.02 -2.50 -0.04 0.00
-1.54 -0.02 -2.54 -0.05 0.00
-1.58 -0.02 -2.58 -0.05 0.00
-1.62 -0.02 -2.62 -0.04 0.00
-1.66 -0.02 -2.66 -0.05 0.00
-1.70 -0.02 -2.70 -0.06 0.00
-1.74 -0.03 -2.74 -0.04 0.00
-1.78 -0.03 -2.78 -0.07 0.00
-1.82 -0.03 -2.82 -0.04 0.00
-1.86 -0.03 -2.86 -0.04 0.00
-1.90 -0.03 -2.90 -0.03 0.00
-1.94 -0.03 -2.94 -0.04 0.00
-1.98 -0.03 -2.98 -0.05 0.00
-2.02 -0.03 -3.02 -0.05 0.00
-2.06 -0.03 -3.06 -0.05 0.00
-2.10 -0.03 -3.10 -0.01 0.00
-2.14 -0.03 -3.14 -0.03 0.00
-2.18 -0.03 -3.18 -0.03 0.00
-2.22 -0.03 -3.22 -0.05 0.00
-2.26 -0.03 -3.26 -0.02 0.00
-2.30 -0.03 -3.30 -0.04 0.00
-2.34 -0.03 -3.34 -0.04 0.00
-2.38 -0.03 -3.38 -0.04 0.00
-2.42 -0.03 -3.42 -0.02 0.00
-2.46 -0.03 -3.46 -0.04 0.00
-2.50 -0.03 -3.50 -0.04 0.00
-2.54 -0.03 -3.54 -0.05 0.00
-2.58 -0.03 -3.58 -0.04 0.00
-2.62 -0.03 -3.62 -0.05 0.00
-2.66 -0.03 -3.66 -0.03 0.00
-2.70 -0.03 -3.70 -0.02 0.00
-2.74 -0.03 -3.74 0.01 0.00
-2.78 -0.03 -3.78 -0.01 0.00
-2.82 -0.04 -3.82 0.03 0.00
-2.86 -0.03 -3.86 0.02 0.00
-2.90 -0.03 -3.90 0.01 0.00
-2.94 -0.03 -3.94 0.04 0.00
-2.98 -0.03 -3.98 0.03 0.00
-3.02 -0.03 -4.02 0.03 0.00
-3.06 -0.02 -4.06 -0.00 0.00
-3.10 -0.02 -4.10 0.06 0.00
-3.15 -0.02 -4.14 0.02 0.00
-3.18 -0.02 -4.18 0.06 0.00
-3.22 -0.02 -4.22 0.06 0.00
-3.26 -0.01 -4.26 0.05 0.00
-3.30 -0.01 -4.30 0.06 0.00
-3.34 -0.01 -4.34 0.03 0.00
-3.38 -0.01 -4.38 0.02 0.00
-3.42 -0.01 -4.42 0.03 0.00
-3.46 -0.01 -4.46 0.02 0.00
-3.50 -0.01 -4.50 0.02 0.00
-3.54 -0.00 -4.54 0.01 0.00
-3.58 -0.00 -4.58 0.06 0.00
-3.62 -0.00 -4.62 0.05 0.00
-3.66 0.00 -4.66 0.07 0.00
-3.70 0.00 -4.70 0.07 0.00
-3.74 0.00 -4.74 0.07 0.00
-3.78 0.01 -4.78 0.08 0.00
-3.82 0.01 -4.82 0.08 0.00
-3.87 0.01 -4.86 0.07 0.00
-3.90 0.01 -4.90 0.07 0.00
-3.94 0.02 -4.94 0.06 0.00
-3.99 0.02 -4.99 0.01 0.00
-4.03 0.02 -5.02 -0.00 0.00
-4.06 0.02 -5.06 -0.01 0.00
-4.10 0.02 -5.10 0.02 0.00
-4.14 0.02 -5.14 0.00 0.00
-4.19 0.02 -5.19 -0.01 0.00
-4.23 0.01 -5.23 -0.02 0.00
-4.27 0.01 -5.27 -0.01 0.00
-4.31 0.01 -5.31 0.00 0.00
-4.35 0.01 -5.34 -0.04 0.00
-4.39 0.01 -5.38 -0.04 0.00
-4.42 0.01 -5.42 -0.06 0.00
-4.46 0.01 -5.46 -0.07 0.00
-4.49 0.02 -5.48 -0.13 0.00
-4.55 0.01 -5.54 -0.15 0.00
-4.58 0.01 -5.56 -0.20 0.00
-4.62 0.01 -5.58 -0.27 0.00
-4.66 -0.00 -5.61 -0.30 0.00
-4.70 0.00 -5.60 -0.42 0.00
-4.74 -0.02 -5.60 -0.54 0.00
-4.78 -0.03 -5.59 -0.62 0.00
-4.80 -0.04 -5.51 -0.74 0.00
-4.85 -0.06 -5.42 -0.88 0.00
-4.89 -0.06 -5.37 -0.93 0.00
-4.94 -0.09 -5.29 -1.03 0.00
-4.94 -0.11 -5.33 -1.03 0.00
-4.96 -0.16 -5.31 -1.09 0.00
-4.98 -0.19 -5.35 -1.12 0.00
-4.98 -0.24 -5.30 -1.19 0.00
-5.00 -0.26 -5.28 -1.22 0.00
-5.02 -0.31 -5.27 -1.28 0.00
-5.03 -0.35 -5.25 -1.32 0.00
-5.05 -0.38 -5.21 -1.37 0.00
-5.06 -0.42 -5.22 -1.41 0.00
-5.07 -0.46 -5.24 -1.45 0.00
-5.07 -0.50 -5.24 -1.49 0.00
-5.08 -0.54 -5.27 -1.52 0.00
-5.09 -0.58 -5.28 -1.56 0.00
-5.09 -0.59 -5.28 -1.57 0.00
-5.07 -0.66 -5.53 -1.55 0.00
-5.10 -0.72 -5.42 -1.67 0.00
-5.11 -0.72 -5.37 -1.69 0.00
-5.12 -0.77 -5.23 -1.77 0.00
-5.12 -0.79 -5.32 -1.77 0.00
-5.13 -0.82 -5.30 -1.80 0.00
-5.13 -0.86 -5.24 -1.85 0.00
-5.15 -0.90 -5.17 -1.90 0.00
-5.15 -0.92 -5.21 -1.92 0.00
-5.17 -0.99 -5.18 -1.99 0.00
-5.17 -0.97 -5.89 -1.66 1.00
-5.19 -0.96 -6.15 -0.66 1.00
-5.22 -0.92 -6.04 -0.34 0.00
-5.26 -0.94 -6.03 -0.30 0.00
-5.32 -0.93 -5.98 -0.18 0.00
-5.34 -0.91 -5.97 -0.14 0.00
-5.37 -0.89 -5.92 -0.05 0.00
-5.41 -0.90 -5.89 -0.02 0.00
-5.43 -0.86 -5.91 0.02 0.00
-5.45 -0.83 -5.94 0.04 0.00
-5.48 -0.80 -6.01 0.05 0.00
-5.49 -0.76 -5.86 0.17 0.00
-5.51 -0.73 -5.66 0.26 0.00
-5.49 -0.62 -5.77 0.35 0.00
-5.54 -0.63 -5.99 0.27 0.00
-5.58 -0.59 -6.06 0.28 0.00
-5.59 -0.58 -6.10 0.29 0.00
-5.62 -0.54 -6.10 0.34 0.00
-5.64 -0.50 -6.10 0.38 0.00
-5.66 -0.47 -6.06 0.45 0.00
-5.68 -0.43 -6.02 0.51 0.00
-5.69 -0.40 -5.98 0.56 0.00
-5.71 -0.37 -5.91 0.61 0.00
-5.73 -0.33 -5.87 0.66 0.00
-5.74 -0.30 -5.80 0.70 0.00
-5.77 -0.26 -5.82 0.74 0.00
-5.77 -0.21 -5.79 0.79 0.00
-5.77 -0.19 -5.79 0.81 0.00
-5.76 -0.14 -5.83 0.86 0.00
-5.78 -0.08 -5.82 0.92 0.00
-5.76 -0.06 -5.80 0.93 0.00
-5.78 -0.02 -5.76 0.98 0.00
-5.77 0.01 -5.80 1.01 0.00
-5.76 0.05 -5.82 1.05 0.00
-5.77 0.11 -5.79 1.11 0.00
-5.77 0.14 -5.80 1.14 0.00
-5.77 0.18 -5.69 1.17 0.00
-5.77 0.23 -5.63 1.22 0.00
-5.76 0.28 -5.50 1.24 0.00
-5.76 0.30 -5.43 1.24 0.00
-5.78 0.33 -5.38 1.25 0.00
-5.78 0.37 -5.34 1.27 0.00
-5.76 0.41 -5.34 1.32 0.00
-5.74 0.45 -5.29 1.34 0.00
-5.71 0.49 -5.31 1.41 0.00
-5.69 0.53 -5.25 1.43 0.00
-5.68 0.56 -5.25 1.46 0.00
-5.65 0.60 -5.22 1.50 0.00
-5.64 0.64 -5.22 1.54 0.00
-5.62 0.68 -5.18 1.58 0.00
-5.59 0.73 -5.14 1.63 0.00
-5.58 0.77 -5.06 1.63 0.00
-5.56 0.80 -5.02 1.64 0.00
-5.54 0.84 -4.98 1.67 0.00
-5.51 0.88 -4.92 1.69 0.00
-5.51 0.90 -4.89 1.69 0.00
-5.49 0.95 -4.84 1.71 0.00
-5.46 0.98 -4.80 1.73 0.00
-5.43 1.00 -4.78 1.76 0.00
-5.41 1.03 -4.74 1.78 0.00
-5.38 1.07 -4.74 1.84 0.00
-5.36 1.10 -4.71 1.86 0.00
-5.32 1.14 -4.62 1.85 0.00
-5.30 1.15 -4.67 1.93 0.00
-5.28 1.19 -4.70 2.00 0.00
-5.27 1.23 -4.76 2.09 0.00
-5.19 1.26 -4.93 2.23 0.00
-5.23 1.28 -4.65 2.10 0.00
-5.19 1.34 -4.74 2.23 0.00
-5.18 1.37 -4.52 2.12 0.00
-5.18 1.42 -4.63 2.26 0.00
-5.16 1.43 -4.59 2.26 0.00
-5.10 1.50 -4.41 2.22 0.00
-5.04 1.50 -4.19 2.03 0.00
-5.02 1.53 -4.19 2.09 0.00
-5.02 1.57 -4.36 2.33 0.00
-5.00 1.63 -4.24 2.28 0.00
-4.98 1.63 -4.33 2.39 0.00
-4.95 1.67 -4.31 2.44 0.00
-4.93 1.69 -4.29 2.46 0.00
-4.90 1.75 -4.31 2.55 0.00
-4.88 1.76 -4.31 2.58 0.00
-4.85 1.79 -4.32 2.64 0.00
-4.81 1.82 -4.14 2.57 0.00
-4.80 1.86 -4.11 2.58 0.00
-4.79 1.89 -4.03 2.55 0.00
-4.76 1.91 -3.94 2.48 0.00
-4.69 1.97 -3.84 2.50 0.00
-4.68 2.01 -3.80 2.46 0.00
-4.65 2.02 -3.82 2.58 0.00
-4.65 2.04 -3.84 2.63 0.00
-4.62 2.06 -3.82 2.67 0.00
-4.58 2.09 -3.79 2.70 0.00
-4.55 2.12 -3.78 2.75 0.00
-4.52 2.15 -3.74 2.78 0.00
-4.48 2.15 -3.71 2.79 0.00
-4.45 2.18 -3.70 2.84 0.00
-4.44 2.18 -3.69 2.85 0.00
-4.44 2.18 -3.44 2.12 1.00
-4.44 2.18 -3.78 1.43 1.00
-4.44 2.17 -4.51 1.17 1.00
-4.44 2.13 -4.56 1.13 0.00
-4.44 2.09 -4.56 1.10 0.00
-4.45 2.05 -4.64 1.07 0.00
-4.46 2.00 -4.63 1.02 0.00
-4.46 1.96 -4.67 0.98 0.00
-4.46 1.92 -4.75 0.97 0.00
-4.47 1.88 -4.73 0.91 0.00
-4.47 1.84 -4.77 0.89 0.00
-4.49 1.80 -4.75 0.84 0.00
-4.50 1.76 -4.77 0.80 0.00
-4.51 1.73 -4.73 0.75 0.00
-4.52 1.68 -4.75 0.71 0.00
-4.52 1.64 -4.71 0.66 0.00
-4.54 1.60 -4.72 0.61 0.00
-4.55 1.56 -4.70 0.57 0.00
-4.56 1.52 -4.63 0.52 0.00
-4.56 1.48 -4.63 0.49 0.00
-4.56 1.45 -4.67 0.45 0.00
-4.57 1.41 -4.68 0.41 0.00
-4.57 1.38 -4.71 0.39 0.00
-4.57 1.32 -4.73 0.33 0.00
-4.59 1.28 -4.72 0.29 0.00
-4.59 1.25 -4.72 0.26 0.00
-4.59 1.20 -4.73 0.21 0.00
-4.60 1.16 -4.72 0.17 0.00
-4.61 1.12 -4.72 0.13 0.00
-4.61 1.09 -4.68 0.09 0.00
-4.62 1.04 -4.66 0.04 0.00
-4.61 1.01 -4.58 0.01 0.00
-4.63 0.95 -4.62 -0.05 0.00
-4.62 0.93 -4.55 -0.07 0.00
-4.64 0.88 -4.52 -0.11 0.00
-4.62 0.86 -4.51 -0.14 0.00
-4.61 0.80 -4.55 -0.20 0.00
-4.61 0.78 -4.52 -0.22 0.00
-4.60 0.73 -4.53 -0.27 0.00
-4.61 0.67 -4.52 -0.32 0.00
-4.60 0.63 -4.49 -0.36 0.00
-4.60 0.59 -4.43 -0.39 0.00
-4.60 0.55 -4.39 -0.43 0.00
-4.59 0.52 -4.24 -0.42 0.00
-4.58 0.47 -4.25 -0.47 0.00
-4.58 0.43 -4.10 -0.45 0.00
-4.58 0.38 -4.15 -0.53 0.00
-4.56 0.35 -4.06 -0.52 0.00
-4.54 0.31 -4.00 -0.54 0.00
-4.51 0.27 -3.96 -0.57 0.00
-4.50 0.22 -3.98 -0.63 0.00
-4.45 0.20 -3.88 -0.62 0.00
-4.46 0.16 -4.02 -0.74 0.00
-4.42 0.12 -4.04 -0.80 0.00
-4.41 0.09 -4.03 -0.83 0.00
-4.39 0.06 -4.03 -0.88 0.00
-4.37 0.02 -4.05 -0.93 0.00
-4.35 -0.02 -4.03 -0.96 0.00
-4.34 -0.05 -4.05 -1.00 0.00
-4.33 -0.09 -4.01 -1.03 0.00
-4.32 -0.13 -4.05 -1.09 0.00
-4.31 -0.16 -4.01 -1.12 0.00
-4.29 -0.21 -3.99 -1.16 0.00
-4.28 -0.25 -3.99 -1.20 0.00
-4.27 -0.28 -3.96 -1.23 0.00
-4.26 -0.32 -3.91 -1.26 0.00
-4.25 -0.37 -3.93 -1.31 0.00
-4.25 -0.37 -4.69 -1.26 1.00
-4.26 -0.40 -4.81 -1.24 0.00
-4.28 -0.42 -4.87 -1.23 0.00
-4.29 -0.46 -4.85 -1.29 0.00
-4.30 -0.50 -5.04 -1.17 0.00
-4.34 -0.54 -5.11 -1.17 0.00
-4.36 -0.58 -5.07 -1.29 0.00
-4.37 -0.61 -5.17 -1.21 0.00
-4.43 -0.62 -5.29 -1.12 0.00
-4.43 -0.64 -5.25 -1.22 0.00
-4.46 -0.67 -5.29 -1.23 0.00
-4.49 -0.69 -5.28 -1.29 0.00
-4.52 -0.72 -5.34 -1.28 0.00
-4.57 -0.73 -5.32 -1.39 0.00
-4.58 -0.75 -5.33 -1.42 0.00
-4.63 -0.78 -5.41 -1.42 0.00
-4.65 -0.80 -5.41 -1.46 0.00
-4.66 -0.80 -5.63 -0.57 1.00
-4.70 -0.79 -5.67 -0.53 0.00
-4.74 -0.79 -5.67 -0.42 0.00
-4.78 -0.79 -5.68 -0.36 0.00
-4.82 -0.77 -5.70 -0.30 0.00
-4.83 -0.78 -5.70 -0.29 0.00
-4.89 -0.75 -5.58 -0.03 0.00
-4.92 -0.74 -5.64 -0.04 0.00
-4.96 -0.72 -5.60 0.05 0.00
-4.98 -0.70 -5.73 -0.04 0.00
-5.03 -0.65 -5.55 0.21 0.00
-5.03 -0.59 -5.63 0.21 0.00
-5.08 -0.59 -5.90 -0.02 0.00
-5.09 -0.58 -5.90 0.01 0.00
-5.13 -0.59 -5.89 0.06 0.00
-5.15 -0.54 -5.98 0.02 0.00
-5.18 -0.52 -6.01 0.05 0.00
-5.22 -0.50 -6.04 0.07 0.00
-5.24 -0.47 -6.05 0.11 0.00
-5.28 -0.45 -6.07 0.17 0.00
-5.31 -0.43 -6.07 0.23 0.00
-5.35 -0.40 -6.07 0.29 0.00
-5.38 -0.39 -6.07 0.34 0.00
-5.41 -0.36 -6.06 0.40 0.00
-5.46 -0.34 -6.09 0.43 0.00
-5.46 -0.31 -6.05 0.50 0.00
-5.49 -0.29 -6.11 0.50 0.00
-5.51 -0.26 -6.14 0.52 0.00
-5.52 -0.21 -6.15 0.56 0.00
-5.55 -0.19 -6.20 0.57 0.00
-5.58 -0.17 -6.23 0.59 0.00
-5.61 -0.14 -6.27 0.61 0.00
-5.64 -0.10 -6.32 0.63 0.00
-5.66 -0.04 -6.31 0.71 0.00
-5.69 -0.03 -6.26 0.79 0.00
-5.73 0.01 -6.23 0.88 0.00
-5.75 0.03 -6.16 0.94 0.00
-5.77 0.06 -6.08 1.01 0.00
-5.80 0.08 -6.07 1.05 0.00
-5.82 0.12 -6.08 1.08 0.00
-5.84 0.15 -6.03 1.14 0.00
-5.84 0.17 -6.08 1.14 0.00
-5.85 0.22 -6.08 1.20 0.00
-5.85 0.26 -6.11 1.22 0.00
-5.85 0.29 -6.12 1.25 0.00
-5.87 0.33 -6.15 1.29 0.00
-5.87 0.37 -6.18 1.32 0.00
-5.89 0.40 -6.21 1.35 0.00
-5.90 0.43 -6.22 1.38 0.00
-5.91 0.47 -6.20 1.43 0.00
-5.91 0.52 -6.10 1.50 0.00
-5.94 0.55 -6.11 1.54 0.00
-5.95 0.59 -6.05 1.59 0.00
-5.96 0.63 -5.96 1.63 0.00
-5.98 0.66 -5.90 1.65 0.00
-5.99 0.69 -5.84 1.68 0.00
-6.00 0.72 -5.83 1.71 0.00
-5.99 0.77 -5.84 1.75 0.00
-5.97 0.81 -5.80 1.79 0.00
-5.97 0.85 -5.83 1.84 0.00
-5.97 0.89 -5.81 1.88 0.00
-5.96 0.93 -5.81 1.92 0.00
-5.95 0.97 -5.78 1.96 0.00
-5.94 1.01 -5.75 2.00 0.00
-5.94 1.04 -5.77 2.03 0.00
-5.93 1.09 -5.72 2.07 0.00
-5.92 1.14 -5.66 2.11 0.00
-5.92 1.18 -5.62 2.13 0.00
-5.90 1.22 -5.60 2.17 0.00
-5.90 1.25 -5.55 2.19 0.00
-5.89 1.28 -5.49 2.20 0.00
-5.88 1.35 -5.44 2.24 0.00
-5.87 1.37 -5.44 2.28 0.00
-5.84 1.40 -5.43 2.31 0.00
-5.83 1.43 -5.38 2.33 0.00
-5.81 1.48 -5.39 2.39 0.00
-5.81 1.53 -5.39 2.44 0.00
-5.79 1.57 -5.47 2.52 0.00
-5.78 1.58 -5.34 2.47 0.00
-5.74 1.62 -5.32 2.53 0.00
-5.73 1.62 -5.06 2.37 0.00
-5.67 1.68 -4.79 2.15 0.00
-5.65 1.68 -4.78 2.17 0.00
-5.65 1.72 -4.86 2.33 0.00
-5.62 1.75 -4.80 2.33 0.00
-5.59 1.78 -4.73 2.28 0.00
-5.55 1.82 -4.70 2.36 0.00
-5.53 1.83 -4.61 2.23 0.00
-5.45 1.92 -4.87 2.73 0.00
-5.45 1.87 -4.54 2.29 0.00
-5.37 1.90 -4.55 2.46 0.00
-5.34 1.89 -4.49 2.42 0.00
-5.27 1.98 -4.61 2.74 0.00
-5.24 1.96 -4.42 2.53 0.00
-5.24 1.99 -4.32 2.37 0.00
-5.22 1.98 -4.32 2.43 0.00
-5.16 2.04 -4.20 2.29 0.00
-5.12 2.05 -4.14 2.25 0.00
-5.09 2.06 -4.09 2.14 0.00
-5.03 2.07 -4.04 2.22 0.00
-5.00 2.07 -4.00 2.16 0.00
-4.96 2.09 -3.96 2.09 0.00
-4.91 2.10 -3.92 2.13 0.00
-4.85 2.11 -3.86 2.01 0.00
-4.81 2.13 -3.81 2.22 0.00
-4.77 2.13 -3.78 2.02 0.00
-4.71 2.12 -3.71 2.05 0.00
-4.68 2.10 -3.68 2.10 0.00
-4.66 2.10 -3.66 2.10 0.00
-4.62 2.10 -3.63 2.00 0.00
-4.58 2.09 -3.58 2.03 0.00
-4.54 2.09 -3.54 2.05 0.00
-4.50 2.09 -3.50 2.06 0.00
-4.50 2.09 -3.81 1.36 1.00
-4.50 2.09 -4.53 1.09 1.00
-4.50 2.05 -4.61 1.05 0.00
-4.50 2.00 -4.63 1.01 0.00
-4.50 1.96 -4.66 0.98 0.00
-4.51 1.92 -4.68 0.94 0.00
-4.51 1.88 -4.70 0.90 0.00
-4.52 1.84 -4.71 0.86 0.00
-4.51 1.80 -4.76 0.83 0.00
-4.53 1.76 -4.75 0.78 0.00
-4.53 1.73 -4.76 0.76 0.00
-4.54 1.68 -4.76 0.71 0.00
-4.56 1.64 -4.72 0.66 0.00
-4.56 1.60 -4.69 0.61 0.00
-4.57 1.56 -4.67 0.56 0.00
-4.58 1.52 -4.64 0.52 0.00
-4.59 1.49 -4.57 0.49 0.00
-4.59 1.44 -4.57 0.44 0.00
-4.58 1.41 -4.60 0.41 0.00
-4.59 1.37 -4.61 0.37 0.00
-4.58 1.33 -4.60 0.33 0.00
-4.59 1.29 -4.63 0.29 0.00
-4.59 1.25 -4.60 0.25 0.00
-4.59 1.20 -4.68 0.20 0.00
-4.59 1.16 -4.70 0.16 0.00
-4.59 1.13 -4.65 0.13 0.00
-4.59 1.08 -4.69 0.09 0.00
-4.59 1.05 -4.67 0.05 0.00
-4.61 1.00 -4.71 0.01 0.00
-4.61 0.96 -4.69 -0.04 0.00
-4.61 0.92 -4.70 -0.08 0.00
-4.61 0.89 -4.65 -0.11 0.00
-4.61 0.85 -4.67 -0.15 0.00
-4.62 0.80 -4.68 -0.20 0.00
-4.62 0.76 -4.67 -0.24 0.00
-4.61 0.73 -4.62 -0.27 0.00
-4.63 0.67 -4.64 -0.33 0.00
-4.62 0.64 -4.65 -0.36 0.00
-4.63 0.60 -4.58 -0.40 0.00
-4.63 0.55 -4.55 -0.44 0.00
-4.64 0.54 -4.48 -0.45 0.00
-4.62 0.48 -4.48 -0.51 0.00
-4.63 0.43 -4.49 -0.56 0.00
-4.63 0.40 -4.46 -0.59 0.00
-4.62 0.36 -4.42 -0.62 0.00
-4.62 0.30 -4.40 -0.67 0.00
-4.61 0.26 -4.38 -0.71 0.00
-4.61 0.23 -4.33 -0.73 0.00
-4.60 0.18 -4.28 -0.76 0.00
-4.58 0.15 -4.17 -0.76 0.00
-4.56 0.11 -4.12 -0.78 0.00
-4.54 0.07 -4.03 -0.79 0.00
-4.51 0.02 -3.94 -0.80 0.00
-4.50 -0.02 -3.89 -0.81 0.00
-4.48 -0.05 -3.81 -0.79 0.00
-4.46 -0.10 -3.74 -0.80 0.00
-4.45 -0.13 -3.76 -0.86 0.00
-4.41 -0.16 -3.68 -0.84 0.00
-4.40 -0.19 -3.70 -0.91 0.00
-4.37 -0.22 -3.67 -0.93 0.00
-4.34 -0.25 -3.63 -0.96 0.00
-4.31 -0.28 -3.57 -0.96 0.00
-4.29 -0.31 -3.52 -0.96 0.00
-4.26 -0.34 -3.48 -0.96 0.00
-4.24 -0.36 -3.43 -0.95 0.00
-4.21 -0.40 -3.41 -0.99 0.00
-4.21 -0.40 -4.07 -1.39 1.00
-4.21 -0.40 -4.81 -1.20 1.00
-4.24 -0.43 -4.90 -1.18 0.00
-4.26 -0.46 -4.95 -1.18 0.00
-4.27 -0.45 -4.91 -1.22 0.00
-4.27 -0.50 -5.15 -0.97 0.00
