0.20 7.30 0.35 8.29 0.00
0.20 7.34 0.37 8.33 0.00
0.21 7.38 0.40 8.36 0.00
0.21 7.42 0.45 8.39 0.00
0.22 7.46 0.49 8.42 0.00
0.23 7.50 0.53 8.45 0.00
0.23 7.54 0.56 8.48 0.00
0.24 7.58 0.59 8.52 0.00
0.25 7.62 0.61 8.55 0.00
0.26 7.65 0.62 8.59 0.00
0.28 7.69 0.64 8.62 0.00
0.29 7.72 0.68 8.64 0.00
0.31 7.76 0.73 8.66 0.00
0.32 7.79 0.80 8.67 0.00
0.33 7.82 0.83 8.69 0.00
0.34 7.86 0.88 8.71 0.00
0.36 7.89 0.94 8.70 0.00
0.38 7.93 1.00 8.71 0.00
0.40 7.96 1.08 8.69 0.00
0.43 7.99 1.16 8.68 0.00
0.45 8.03 1.22 8.67 0.00
0.48 8.06 1.29 8.64 0.00
0.50 8.09 1.35 8.62 0.00
0.53 8.12 1.40 8.62 0.00
0.56 8.15 1.44 8.62 0.00
0.59 8.17 1.46 8.67 0.00
0.63 8.18 1.49 8.69 0.00
0.67 8.20 1.54 8.68 0.00
0.70 8.22 1.61 8.64 0.00
0.73 8.24 1.68 8.58 0.00
0.77 8.26 1.73 8.51 0.00
0.80 8.28 1.79 8.42 0.00
0.82 8.30 1.82 8.34 0.00
0.86 8.31 1.85 8.17 0.00
0.90 8.31 1.87 8.04 0.00
0.94 8.32 1.88 7.96 0.00
0.98 8.32 1.86 7.85 0.00
1.02 8.33 1.86 7.78 0.00
1.06 8.33 1.87 7.73 0.00
1.10 8.30 1.90 7.70 0.00
1.13 8.27 1.93 7.67 0.00
1.17 8.25 1.97 7.65 0.00
1.20 8.22 1.97 7.58 0.00
1.24 8.19 1.99 7.52 0.00
1.28 8.16 1.96 7.43 0.00
1.31 8.14 1.98 7.39 0.00
1.35 8.11 1.92 7.30 0.00
1.38 8.09 1.89 7.23 0.00
1.42 8.06 1.86 7.17 0.00
1.43 8.03 1.80 7.10 0.00
1.46 7.99 1.82 7.06 0.00
1.47 7.95 1.80 7.01 0.00
1.49 7.92 1.77 6.96 0.00
1.51 7.88 1.73 6.91 0.00
1.52 7.84 1.71 6.86 0.00
1.54 7.80 1.72 6.82 0.00
1.55 7.77 1.65 6.77 0.00
1.56 7.73 1.63 6.73 0.00
1.56 7.69 1.61 6.69 0.00
1.57 7.65 1.60 6.65 0.00
1.57 7.61 1.59 6.61 0.00
1.58 7.57 1.58 6.57 0.00
1.58 7.53 1.57 6.53 0.00
1.58 7.50 1.56 6.50 0.00
1.58 7.46 1.55 6.46 0.00
1.58 7.46 0.85 6.78 1.00
1.58 7.46 0.58 7.49 1.00
1.54 7.46 0.54 7.46 0.00
1.49 7.46 0.50 7.40 0.00
1.45 7.46 0.46 7.33 0.00
1.41 7.47 0.43 7.28 0.00
1.37 7.47 0.40 7.21 0.00
1.32 7.47 0.37 7.16 0.00
1.28 7.47 0.35 7.11 0.00
1.24 7.45 0.32 7.07 0.00
1.21 7.45 0.29 7.06 0.00
1.17 7.43 0.24 7.05 0.00
1.13 7.41 0.23 6.97 0.00
1.09 7.40 0.23 6.89 0.00
1.05 7.38 0.22 6.83 0.00
1.01 7.37 0.23 6.75 0.00
0.97 7.36 0.24 6.67 0.00
0.93 7.34 0.24 6.62 0.00
0.93 7.34 -0.07 7.31 1.00
0.89 7.34 -0.09 7.17 0.00
0.85 7.34 -0.12 7.08 0.00
0.81 7.34 -0.13 6.99 0.00
0.76 7.33 -0.16 6.93 0.00
0.72 7.33 -0.16 6.86 0.00
0.68 7.33 -0.18 6.80 0.00
0.64 7.32 -0.19 6.77 0.00
0.61 7.29 -0.22 6.73 0.00
0.56 7.27 -0.27 6.71 0.00
0.53 7.24 -0.31 6.69 0.00
0.48 7.23 -0.35 6.67 0.00
0.45 7.22 -0.38 6.66 0.00
0.43 7.20 -0.39 6.64 0.00
0.38 7.14 -0.40 6.51 0.00
0.35 7.11 -0.43 6.48 0.00
0.30 7.09 -0.44 6.41 0.00
0.27 7.04 -0.36 6.27 0.00
0.23 7.02 -0.29 6.17 0.00
0.21 7.00 -0.44 6.24 0.00
0.18 6.98 -0.25 6.08 0.00
0.13 6.94 -0.34 6.06 0.00
0.10 6.91 -0.42 6.05 0.00
0.07 6.86 -0.43 5.99 0.00
0.03 6.78 -0.34 5.85 0.00
0.05 6.79 -0.46 5.93 0.00
0.03 6.78 -0.47 5.91 0.00
0.03 6.74 -0.55 5.93 0.00
-0.02 6.67 -0.45 5.77 0.00
-0.05 6.62 -0.38 5.68 0.00
-0.12 6.61 -0.47 5.67 0.00
-0.11 6.57 -0.38 5.61 0.00
-0.12 6.52 -0.43 5.57 0.00
-0.16 6.47 -0.41 5.50 0.00
-0.15 6.42 -0.38 5.45 0.00
-0.16 6.39 -0.39 5.42 0.00
-0.17 6.35 -0.38 5.37 0.00
-0.18 6.31 -0.36 5.33 0.00
-0.20 6.27 -0.34 5.28 0.00
-0.21 6.23 -0.33 5.24 0.00
-0.22 6.19 -0.29 5.19 0.00
-0.25 6.17 -0.34 5.17 0.00
-0.23 6.10 -0.30 5.11 0.00
-0.26 6.05 -0.32 5.05 0.00
-0.24 6.02 -0.29 5.02 0.00
-0.24 6.00 -0.24 5.00 0.00
-0.25 5.94 -0.34 4.94 0.00
-0.25 5.90 -0.30 4.90 0.00
-0.23 5.86 -0.32 4.87 0.00
-0.24 5.83 -0.33 4.83 0.00
-0.25 5.77 -0.29 4.77 0.00
-0.25 5.74 -0.27 4.74 0.00
-0.25 5.70 -0.26 4.70 0.00
-0.25 5.66 -0.25 4.66 0.00
-0.26 5.62 -0.25 4.62 0.00
-0.25 5.58 -0.23 4.58 0.00
-0.25 5.54 -0.23 4.54 0.00
-0.25 5.50 -0.22 4.50 0.00
-0.24 5.46 -0.22 4.46 0.00
-0.24 5.41 -0.19 4.42 0.00
-0.24 5.39 -0.18 4.39 0.00
-0.25 5.33 -0.22 4.33 0.00
-0.25 5.29 -0.22 4.29 0.00
-0.25 5.25 -0.22 4.25 0.00
-0.24 5.21 -0.22 4.21 0.00
-0.24 5.18 -0.18 4.18 0.00
-0.24 5.13 -0.16 4.13 0.00
-0.24 5.09 -0.13 4.10 0.00
-0.24 5.05 -0.11 4.06 0.00
-0.24 5.01 -0.10 4.02 0.00
-0.23 4.98 -0.08 4.00 0.00
-0.24 4.94 -0.09 3.95 0.00
-0.22 4.89 -0.06 3.91 0.00
-0.22 4.85 -0.05 3.87 0.00
-0.21 4.81 -0.03 3.83 0.00
-0.20 4.77 -0.02 3.79 0.00
-0.20 4.73 -0.01 3.75 0.00
-0.19 4.69 0.00 3.71 0.00
-0.18 4.65 0.01 3.67 0.00
-0.18 4.61 0.02 3.63 0.00
-0.17 4.57 0.03 3.59 0.00
-0.16 4.53 0.04 3.55 0.00
-0.15 4.50 0.05 3.52 0.00
-0.15 4.46 -0.02 3.47 0.00
-0.14 4.41 0.01 3.42 0.00
-0.13 4.38 0.01 3.38 0.00
-0.12 4.35 0.02 3.35 0.00
-0.11 4.29 0.01 3.29 0.00
-0.11 4.26 -0.01 3.26 0.00
-0.10 4.20 -0.01 3.21 0.00
-0.09 4.18 0.01 3.19 0.00
-0.09 4.18 -0.03 3.18 0.00
-0.10 4.10 0.07 3.12 0.00
-0.08 4.05 -0.02 3.05 0.00
-0.08 4.00 -0.03 3.01 0.00
-0.08 3.95 -0.04 2.95 0.00
-0.07 3.93 -0.05 2.93 0.00
-0.08 3.95 -0.79 3.25 1.00
-0.08 3.94 -1.08 3.92 1.00
-0.08 3.94 -0.82 4.62 1.00
-0.11 3.96 -0.91 4.57 0.00
-0.13 3.97 -0.95 4.53 0.00
-0.15 4.02 -0.93 4.64 0.00
-0.19 4.07 -1.04 4.59 0.00
-0.24 4.07 -1.17 4.44 0.00
-0.27 4.11 -1.19 4.49 0.00
-0.32 4.18 -1.27 4.50 0.00
-0.36 4.17 -1.31 4.46 0.00
-0.37 4.17 -1.31 4.50 0.00
-0.41 4.16 -1.37 4.44 0.00
-0.45 4.18 -1.42 4.42 0.00
-0.49 4.20 -1.48 4.32 0.00
-0.53 4.22 -1.53 4.27 0.00
-0.55 4.23 -1.55 4.23 0.00
-0.59 4.25 -1.57 4.09 0.00
-0.64 4.27 -1.59 3.97 0.00
-0.69 4.27 -1.58 3.81 0.00
-0.73 4.25 -1.48 3.59 0.00
-0.76 4.23 -1.49 3.54 0.00
-0.82 4.21 -1.45 3.43 0.00
-0.87 4.19 -1.31 3.30 0.00
-0.92 4.19 -1.23 3.24 0.00
-0.94 4.15 -1.28 3.21 0.00
-0.94 4.10 -1.30 3.16 0.00
-0.96 4.05 -1.21 3.08 0.00
-0.97 4.02 -1.30 3.08 0.00
-0.98 3.97 -1.32 3.03 0.00
-1.02 3.93 -1.33 2.98 0.00
-1.02 3.88 -1.29 2.91 0.00
-1.02 3.85 -1.15 2.86 0.00
-1.05 3.82 -1.14 2.82 0.00
-1.09 3.70 -1.04 2.70 0.00
-1.09 3.65 -1.78 2.94 1.00
-1.09 3.65 -2.09 3.64 1.00
-1.09 3.65 -1.80 4.35 1.00
-1.09 3.65 -1.10 4.65 1.00
-1.09 3.67 -1.08 4.67 0.00
-1.12 3.65 -0.43 4.37 0.00
-1.10 3.75 -1.13 4.75 0.00
-1.10 3.81 -0.92 4.80 0.00
-1.09 3.84 -1.08 4.84 0.00
-1.09 3.86 -1.05 4.86 0.00
-1.09 3.93 -0.93 4.91 0.00
-1.09 3.95 -0.97 4.95 0.00
-1.08 4.01 -0.91 4.99 0.00
-1.09 4.03 -0.90 5.01 0.00
-1.08 4.09 -0.91 5.07 0.00
-1.07 4.11 -0.86 5.09 0.00
-1.04 4.15 -0.87 5.14 0.00
-1.04 4.18 -0.85 5.16 0.00
-1.05 4.22 -0.84 5.19 0.00
-1.04 4.26 -0.84 5.24 0.00
-1.03 4.29 -0.77 5.26 0.00
-1.02 4.33 -0.57 5.22 0.00
-1.01 4.35 -0.51 5.22 0.00
-1.00 4.41 -0.56 5.31 0.00
-1.00 4.45 -0.54 5.34 0.00
-0.97 4.51 -0.45 5.37 0.00
-0.97 4.57 -0.47 5.44 0.00
-0.95 4.58 -0.42 5.43 0.00
-0.93 4.61 -0.45 5.48 0.00
-0.93 4.64 -0.45 5.52 0.00
-0.92 4.68 -0.35 5.50 0.00
-0.87 4.71 -0.23 5.48 0.00
-0.85 4.73 -0.19 5.48 0.00
-0.83 4.76 -0.10 5.44 0.00
-0.80 4.80 -0.01 5.42 0.00
-0.80 4.83 0.04 5.38 0.00
-0.77 4.85 0.12 5.32 0.00
-0.73 4.87 0.18 5.28 0.00
-0.70 4.90 0.25 5.23 0.00
-0.66 4.92 0.30 5.20 0.00
-0.63 4.94 0.35 5.14 0.00
-0.60 4.96 0.39 5.10 0.00
-0.56 4.98 0.44 5.05 0.00
-0.52 4.99 0.48 5.05 0.00
-0.49 5.00 0.50 5.13 0.00
-0.43 4.99 0.56 5.06 0.00
-0.40 5.01 0.60 5.10 0.00
-0.34 5.00 0.66 5.06 0.00
-0.31 5.00 0.69 5.01 0.00
-0.27 5.00 0.73 5.00 0.00
-0.23 5.00 0.77 4.98 0.00
-0.20 5.01 0.80 5.01 0.00
-0.16 5.02 0.83 4.88 0.00
-0.12 5.01 0.86 4.80 0.00
-0.08 5.02 0.88 4.73 0.00
-0.03 5.02 0.90 4.65 0.00
0.01 5.02 0.92 4.60 0.00
0.04 5.01 0.91 4.52 0.00
0.08 5.00 0.94 4.48 0.00
0.12 4.98 0.98 4.45 0.00
0.16 4.95 1.03 4.46 0.00
0.20 4.94 1.05 4.41 0.00
0.24 4.90 1.08 4.36 0.00
0.29 4.88 1.12 4.32 0.00
0.32 4.85 1.13 4.27 0.00
0.36 4.83 1.16 4.24 0.00
0.40 4.81 1.17 4.18 0.00
0.43 4.79 1.21 4.15 0.00
0.47 4.76 1.20 4.08 0.00
0.52 4.73 1.26 4.06 0.00
0.54 4.70 1.39 4.17 0.00
0.58 4.67 1.34 4.02 0.00
0.59 4.67 1.30 3.97 0.00
0.66 4.62 1.27 3.83 0.00
0.69 4.56 1.28 3.75 0.00
0.72 4.54 1.37 3.77 0.00
0.74 4.46 1.47 3.77 0.00
0.80 4.44 1.45 3.67 0.00
0.84 4.38 1.53 3.66 0.00
0.87 4.36 1.42 3.52 0.00
0.91 4.33 1.36 3.43 0.00
0.95 4.30 1.33 3.37 0.00
0.99 4.24 1.19 3.26 0.00
1.04 4.20 1.12 3.21 0.00
1.06 4.21 0.29 3.58 1.00
1.08 4.22 0.12 4.47 1.00
1.05 4.23 0.08 4.46 0.00
1.01 4.24 0.02 4.39 0.00
0.95 4.25 -0.05 4.24 0.00
0.91 4.26 -0.09 4.17 0.00
0.88 4.28 -0.09 4.03 0.00
0.83 4.29 -0.12 3.98 0.00
0.80 4.29 -0.12 3.89 0.00
0.77 4.29 -0.16 3.91 0.00
0.72 4.25 -0.22 3.91 0.00
0.68 4.24 -0.27 3.92 0.00
0.64 4.24 -0.25 3.80 0.00
0.60 4.20 -0.28 3.71 0.00
0.58 4.20 -0.28 3.70 0.00
0.52 4.17 -0.32 3.64 0.00
0.48 4.16 -0.20 3.43 0.00
0.46 4.15 -0.28 3.48 0.00
0.47 4.16 -0.53 4.19 1.00
0.46 4.18 -0.54 4.15 0.00
0.40 4.23 -0.59 4.08 0.00
0.35 4.20 -0.64 4.04 0.00
0.32 4.19 -0.67 4.06 0.00
0.26 4.17 -0.71 3.93 0.00
0.22 4.16 -0.74 3.88 0.00
0.20 4.17 -0.71 3.75 0.00
0.13 4.15 -0.77 3.71 0.00
0.10 4.14 -0.78 3.66 0.00
0.06 4.15 -0.80 3.64 0.00
0.02 4.15 -0.76 3.52 0.00
-0.03 4.10 -0.75 3.40 0.00
-0.07 4.10 -0.67 3.29 0.00
-0.09 4.05 -0.71 3.26 0.00
-0.13 4.01 -0.77 3.25 0.00
-0.17 3.97 -0.68 3.11 0.00
-0.16 3.95 -1.14 3.74 1.00
-0.21 3.94 -1.14 3.59 0.00
-0.23 3.93 -1.20 3.67 0.00
-0.28 3.93 -1.23 3.61 0.00
-0.32 3.92 -1.24 3.53 0.00
-0.35 3.91 -1.10 3.25 0.00
-0.37 3.90 -1.19 3.33 0.00
-0.38 3.92 -1.12 3.24 0.00
-0.39 3.91 -0.77 2.98 0.00
-0.52 3.85 -1.37 3.33 0.00
-0.57 3.83 -1.42 3.31 0.00
-0.59 3.81 -1.44 3.29 0.00
-0.62 3.80 -1.42 3.20 0.00
-0.61 3.75 -1.08 2.87 0.00
-0.67 3.74 -1.48 3.16 0.00
-0.73 3.67 -1.43 2.95 0.00
-0.74 3.62 -1.51 2.98 0.00
-0.74 3.62 -1.74 3.72 1.00
-0.74 3.62 -1.38 4.39 1.00
-0.74 3.62 -0.64 4.61 1.00
-0.74 3.66 -0.62 4.65 0.00
-0.74 3.62 -0.60 4.61 0.00
-0.72 3.70 -0.71 4.70 0.00
-0.71 3.77 -0.60 4.77 0.00
-0.72 3.82 -0.53 4.80 0.00
-0.73 3.86 -0.57 4.85 0.00
-0.71 3.88 -0.42 4.84 0.00
-0.70 3.92 -0.42 4.89 0.00
-0.69 3.97 -0.30 4.89 0.00
-0.68 4.01 -0.36 4.95 0.00
-0.67 4.03 -0.36 4.99 0.00
-0.65 4.11 -0.41 5.08 0.00
-0.66 4.13 -0.48 5.11 0.00
-0.65 4.15 -0.47 5.14 0.00
-0.64 4.18 -0.33 5.13 0.00
-0.60 4.26 -0.20 5.17 0.00
-0.58 4.29 -0.11 5.17 0.00
-0.56 4.33 -0.08 5.21 0.00
-0.55 4.37 0.05 5.17 0.00
-0.54 4.41 0.12 5.16 0.00
-0.51 4.46 0.20 5.16 0.00
-0.50 4.48 0.25 5.14 0.00
-0.48 4.52 0.31 5.13 0.00
-0.44 4.55 0.35 5.16 0.00
-0.42 4.57 0.36 5.18 0.00
-0.39 4.59 0.40 5.20 0.00
-0.36 4.61 0.45 5.20 0.00
-0.33 4.64 0.51 5.18 0.00
-0.31 4.66 0.55 5.19 0.00
-0.27 4.68 0.61 5.14 0.00
-0.24 4.71 0.67 5.11 0.00
-0.22 4.73 0.72 5.09 0.00
-0.18 4.74 0.78 5.03 0.00
-0.14 4.76 0.83 4.99 0.00
-0.11 4.78 0.88 4.94 0.00
-0.07 4.79 0.93 4.90 0.00
-0.03 4.81 0.97 4.86 0.00
0.00 4.82 1.00 4.83 0.00
0.04 4.82 1.04 4.81 0.00
0.09 4.82 1.09 4.81 0.00
0.14 4.84 1.14 4.81 0.00
0.17 4.82 1.17 4.80 0.00
0.21 4.82 1.21 4.80 0.00
0.25 4.82 1.25 4.80 0.00
0.29 4.82 1.29 4.79 0.00
0.33 4.82 1.33 4.79 0.00
0.37 4.82 1.37 4.79 0.00
0.41 4.82 1.41 4.77 0.00
0.45 4.82 1.45 4.75 0.00
0.49 4.82 1.49 4.69 0.00
0.53 4.83 1.51 4.64 0.00
0.55 4.83 1.52 4.56 0.00
0.62 4.82 1.46 4.29 0.00
0.66 4.82 1.51 4.30 0.00
0.70 4.80 1.51 4.22 0.00
0.74 4.82 1.47 4.14 0.00
0.77 4.78 1.56 4.17 0.00
0.81 4.75 1.57 4.10 0.00
0.83 4.74 1.63 4.13 0.00
0.86 4.70 1.81 4.39 0.00
0.94 4.67 1.68 4.00 0.00
0.97 4.63 1.70 3.95 0.00
1.03 4.62 1.67 3.86 0.00
1.06 4.58 1.68 3.80 0.00
1.07 4.55 1.58 3.69 0.00
1.13 4.50 1.77 3.73 0.00
1.15 4.45 1.75 3.65 0.00
1.17 4.42 1.80 3.65 0.00
1.21 4.36 1.66 3.47 0.00
1.28 4.33 1.81 3.48 0.00
1.28 4.33 1.38 3.33 0.00
1.32 4.25 1.40 3.26 0.00
1.35 4.23 1.33 3.23 0.00
1.40 4.20 1.21 3.21 0.00
1.38 4.13 1.18 3.15 0.00
1.39 4.12 1.17 3.14 0.00
1.37 4.07 1.13 3.10 0.00
1.39 4.04 1.17 3.07 0.00
1.36 3.99 1.17 3.01 0.00
1.33 3.91 1.17 2.92 0.00
1.32 3.92 0.50 3.35 1.00
1.31 3.91 0.33 4.06 1.00
1.27 3.90 0.27 3.89 0.00
1.25 3.90 0.25 3.92 0.00
1.19 3.93 0.19 3.87 0.00
1.15 3.93 0.16 3.80 0.00
1.11 3.93 0.16 3.63 0.00
1.06 3.94 0.10 3.65 0.00
1.02 3.95 0.10 3.56 0.00
0.98 3.95 0.10 3.47 0.00
0.95 3.91 0.05 3.49 0.00
0.91 3.90 0.00 3.48 0.00
0.87 3.87 -0.08 3.56 0.00
0.82 3.86 -0.01 3.31 0.00
0.79 3.82 0.03 3.17 0.00
0.73 3.81 -0.09 3.23 0.00
0.73 3.79 0.09 3.02 0.00
0.69 3.80 0.09 3.00 0.00
0.70 3.76 -0.30 3.63 1.00
0.68 3.74 0.01 4.49 1.00
0.63 3.81 -0.12 4.46 0.00
0.61 3.76 0.13 4.64 0.00
0.60 3.81 -0.07 4.56 0.00
0.58 3.87 -0.19 4.51 0.00
0.54 3.88 0.04 4.74 0.00
0.51 3.92 -0.14 4.68 0.00
0.49 3.94 -0.30 4.55 0.00
0.47 3.99 -0.31 4.60 0.00
0.43 4.01 -0.33 4.66 0.00
0.45 4.05 -0.22 4.80 0.00
0.37 4.07 -0.45 4.64 0.00
0.35 4.10 -0.44 4.71 0.00
0.31 4.12 -0.54 4.65 0.00
0.34 4.13 -0.38 4.82 0.00
0.26 4.16 -0.61 4.65 0.00
0.24 4.20 -0.64 4.68 0.00
0.19 4.22 -0.73 4.60 0.00
0.18 4.24 -0.76 4.59 0.00
0.12 4.27 -0.87 4.42 0.00
0.09 4.28 -0.90 4.43 0.00
0.05 4.30 -0.94 4.37 0.00
0.01 4.33 -0.99 4.29 0.00
-0.03 4.34 -1.02 4.25 0.00
-0.06 4.34 -1.05 4.22 0.00
-0.09 4.34 -1.09 4.26 0.00
-0.14 4.35 -1.14 4.29 0.00
-0.18 4.33 -1.17 4.18 0.00
-0.23 4.32 -1.21 4.10 0.00
-0.28 4.31 -1.23 4.02 0.00
-0.32 4.31 -1.24 3.93 0.00
-0.36 4.30 -1.26 3.86 0.00
-0.40 4.29 -1.24 3.75 0.00
-0.43 4.26 -1.27 3.71 0.00
-0.48 4.23 -1.28 3.63 0.00
-0.52 4.22 -1.28 3.57 0.00
-0.53 4.21 -1.23 3.49 0.00
-0.59 4.18 -1.23 3.41 0.00
-0.65 4.14 -1.20 3.31 0.00
-0.70 4.11 -1.12 3.20 0.00
-0.72 4.07 -1.17 3.18 0.00
-0.73 4.05 -1.21 3.17 0.00
-0.76 4.01 -1.22 3.12 0.00
-0.77 3.98 -1.26 3.11 0.00
-0.78 3.94 -1.23 3.05 0.00
-0.81 3.91 -1.28 3.03 0.00
-0.83 3.87 -1.29 2.99 0.00
-0.84 3.85 -1.15 2.90 0.00
-0.83 3.80 -0.80 2.80 0.00
-0.82 3.79 -1.44 3.00 1.00
-0.84 3.77 -1.84 3.85 1.00
-0.84 3.76 -1.48 4.53 1.00
-0.86 3.78 -1.53 4.53 0.00
-0.89 3.82 -1.56 4.57 0.00
-0.92 3.86 -1.58 4.60 0.00
-0.94 3.89 -1.61 4.63 0.00
-0.96 3.92 -1.60 4.68 0.00
-0.96 3.93 -1.43 4.81 0.00
-0.98 3.95 -1.57 4.76 0.00
-1.05 4.00 -1.77 4.69 0.00
