2.60 -0.40 1.75 -0.93 0.00
2.56 -0.40 1.75 -0.99 0.00
2.53 -0.43 1.72 -1.01 0.00
2.50 -0.45 1.71 -1.07 0.00
2.47 -0.49 1.64 -1.05 0.00
2.42 -0.50 1.64 -1.12 0.00
2.40 -0.52 1.66 -1.19 0.00
2.33 -0.55 1.57 -1.20 0.00
2.30 -0.58 1.58 -1.27 0.00
2.28 -0.59 1.56 -1.29 0.00
2.25 -0.63 1.60 -1.40 0.00
2.20 -0.67 1.30 -1.12 0.00
2.20 -0.70 1.46 -1.37 0.00
2.14 -0.75 1.45 -1.48 0.00
2.11 -0.79 1.48 -1.57 0.00
2.08 -0.79 1.43 -1.55 0.00
2.05 -0.84 1.48 -1.66 0.00
2.02 -0.84 1.40 -1.63 0.00
1.97 -0.94 1.65 -1.88 0.00
1.97 -0.95 1.36 -1.74 0.00
1.93 -0.96 1.49 -1.86 0.00
1.85 -1.06 1.89 -2.06 0.00
1.84 -1.10 1.85 -2.10 0.00
1.82 -1.12 1.69 -2.11 0.00
1.78 -1.13 1.59 -2.11 0.00
1.78 -1.13 1.52 -2.10 0.00
1.80 -1.18 1.38 -2.09 0.00
1.78 -1.22 1.70 -2.22 0.00
1.77 -1.25 1.46 -2.20 0.00
1.78 -1.31 1.42 -2.24 0.00
1.76 -1.37 1.61 -2.36 0.00
1.76 -1.42 1.58 -2.40 0.00
1.75 -1.45 1.56 -2.44 0.00
1.74 -1.51 1.50 -2.48 0.00
1.76 -1.53 1.42 -2.47 0.00
1.74 -1.58 1.40 -2.52 0.00
1.73 -1.62 1.37 -2.55 0.00
1.71 -1.66 1.35 -2.59 0.00
1.70 -1.69 1.35 -2.63 0.00
1.69 -1.73 1.35 -2.66 0.00
1.67 -1.77 1.32 -2.70 0.00
1.66 -1.81 1.31 -2.74 0.00
1.64 -1.84 1.31 -2.78 0.00
1.63 -1.88 1.30 -2.82 0.00
1.61 -1.92 1.31 -2.87 0.00
1.60 -1.96 1.29 -2.91 0.00
1.59 -1.99 1.29 -2.95 0.00
1.58 -2.03 1.26 -2.98 0.00
1.57 -2.07 1.25 -3.01 0.00
1.56 -2.10 1.24 -3.05 0.00
1.54 -2.14 1.17 -3.07 0.00
1.52 -2.17 1.16 -3.10 0.00
1.50 -2.21 1.14 -3.14 0.00
1.49 -2.26 1.14 -3.19 0.00
1.49 -2.29 1.08 -3.21 0.00
1.46 -2.33 1.05 -3.24 0.00
1.46 -2.34 0.91 -3.18 0.00
1.40 -2.39 1.11 -3.35 0.00
1.45 -2.43 0.85 -3.23 0.00
1.42 -2.49 0.90 -3.35 0.00
1.40 -2.51 0.93 -3.39 0.00
1.37 -2.55 0.88 -3.42 0.00
1.36 -2.58 0.93 -3.49 0.00
1.35 -2.62 0.95 -3.54 0.00
1.32 -2.65 0.99 -3.59 0.00
1.30 -2.66 0.43 -3.16 1.00
1.30 -2.67 0.34 -2.37 1.00
1.26 -2.65 0.30 -2.39 0.00
1.23 -2.63 0.32 -2.23 0.00
1.19 -2.63 0.23 -2.34 0.00
1.15 -2.62 0.25 -2.21 0.00
1.12 -2.59 0.20 -2.20 0.00
1.06 -2.57 0.12 -2.22 0.00
1.07 -2.58 0.14 -2.20 0.00
0.97 -2.57 0.09 -2.10 0.00
0.96 -2.56 0.12 -2.03 0.00
0.93 -2.56 0.10 -2.00 0.00
0.88 -2.53 0.07 -1.95 0.00
0.83 -2.50 -0.06 -2.04 0.00
0.83 -2.48 -0.01 -1.93 0.00
0.76 -2.45 -0.05 -1.87 0.00
0.78 -2.44 -0.00 -1.81 0.00
0.72 -2.42 -0.02 -1.74 0.00
0.69 -2.37 -0.06 -1.71 0.00
0.61 -2.31 -0.32 -1.95 0.00
0.59 -2.30 -0.24 -1.75 0.00
0.59 -2.28 -0.25 -1.73 0.00
0.56 -2.26 -0.27 -1.71 0.00
0.53 -2.24 -0.29 -1.66 0.00
0.50 -2.22 -0.31 -1.63 0.00
0.46 -2.19 -0.35 -1.61 0.00
0.43 -2.17 -0.38 -1.59 0.00
0.40 -2.14 -0.41 -1.56 0.00
0.37 -2.12 -0.45 -1.54 0.00
0.33 -2.10 -0.48 -1.52 0.00
0.30 -2.07 -0.52 -1.50 0.00
0.27 -2.05 -0.56 -1.49 0.00
0.23 -2.03 -0.59 -1.46 0.00
0.20 -2.01 -0.63 -1.45 0.00
0.17 -1.98 -0.64 -1.40 0.00
0.13 -1.96 -0.64 -1.33 0.00
0.10 -1.94 -0.65 -1.28 0.00
0.07 -1.92 -0.66 -1.22 0.00
0.03 -1.89 -0.66 -1.17 0.00
0.00 -1.87 -0.66 -1.12 0.00
-0.03 -1.83 -0.68 -1.07 0.00
-0.06 -1.82 -0.66 -1.02 0.00
-0.08 -1.79 -0.69 -0.99 0.00
-0.11 -1.75 -0.71 -0.95 0.00
-0.13 -1.72 -0.73 -0.92 0.00
-0.16 -1.69 -0.74 -0.88 0.00
-0.18 -1.66 -0.77 -0.85 0.00
-0.21 -1.63 -0.78 -0.81 0.00
-0.21 -1.61 -0.75 -0.77 0.00
-0.21 -1.57 -0.82 -0.78 0.00
-0.21 -1.56 -0.12 -0.57 1.00
-0.21 -1.57 0.56 -0.92 1.00
-0.16 -1.56 0.63 -0.95 0.00
-0.13 -1.51 0.74 -1.01 0.00
-0.10 -1.50 0.82 -1.11 0.00
-0.07 -1.46 0.86 -1.10 0.00
-0.03 -1.42 0.95 -1.21 0.00
0.02 -1.39 1.01 -1.30 0.00
0.04 -1.35 1.04 -1.33 0.00
0.09 -1.36 1.08 -1.27 0.00
0.17 -1.35 1.17 -1.34 0.00
0.18 -1.35 1.18 -1.35 0.00
0.24 -1.35 1.24 -1.35 0.00
0.25 -1.35 1.25 -1.39 0.00
0.28 -1.35 1.28 -1.38 0.00
0.36 -1.33 1.35 -1.48 0.00
0.38 -1.35 1.37 -1.45 0.00
0.41 -1.35 1.40 -1.46 0.00
0.46 -1.37 1.41 -1.66 0.00
0.51 -1.38 1.43 -1.77 0.00
0.54 -1.37 1.48 -1.69 0.00
0.57 -1.37 1.45 -1.84 0.00
0.62 -1.37 1.44 -1.95 0.00
0.67 -1.37 1.42 -2.03 0.00
0.72 -1.41 1.49 -2.05 0.00
0.73 -1.45 1.56 -2.02 0.00
0.76 -1.47 1.53 -2.11 0.00
0.80 -1.49 1.56 -2.14 0.00
0.83 -1.52 1.57 -2.19 0.00
0.88 -1.57 1.62 -2.24 0.00
0.90 -1.58 1.62 -2.27 0.00
0.93 -1.60 1.62 -2.32 0.00
0.96 -1.63 1.63 -2.36 0.00
1.00 -1.65 1.65 -2.41 0.00
1.05 -1.69 1.58 -2.54 0.00
1.07 -1.71 1.57 -2.57 0.00
1.10 -1.74 1.55 -2.63 0.00
1.14 -1.78 1.55 -2.69 0.00
1.14 -1.81 1.54 -2.73 0.00
1.16 -1.85 1.56 -2.76 0.00
1.18 -1.88 1.58 -2.80 0.00
1.19 -1.92 1.60 -2.83 0.00
1.21 -1.96 1.63 -2.87 0.00
1.22 -1.99 1.63 -2.91 0.00
1.24 -2.03 1.65 -2.94 0.00
1.26 -2.07 1.67 -2.98 0.00
1.27 -2.10 1.68 -3.02 0.00
1.29 -2.14 1.68 -3.06 0.00
1.31 -2.18 1.71 -3.09 0.00
1.32 -2.21 1.72 -3.13 0.00
1.35 -2.25 1.64 -3.21 0.00
1.39 -2.29 1.62 -3.26 0.00
1.42 -2.33 1.57 -3.32 0.00
1.40 -2.33 1.38 -3.32 0.00
1.39 -2.40 1.54 -3.39 0.00
1.42 -2.44 1.46 -3.43 0.00
1.42 -2.48 1.56 -3.47 0.00
1.44 -2.52 1.58 -3.51 0.00
1.45 -2.53 1.65 -3.51 0.00
1.46 -2.60 1.69 -3.57 0.00
1.46 -2.62 1.64 -3.61 0.00
1.46 -2.65 1.66 -3.63 0.00
1.46 -2.71 1.63 -3.69 0.00
1.47 -2.76 1.66 -3.74 0.00
1.46 -2.79 1.57 -3.78 0.00
1.47 -2.82 1.74 -3.79 0.00
1.46 -2.82 0.98 -3.70 1.00
1.46 -2.82 0.53 -3.19 1.00
1.38 -2.83 0.70 -2.10 1.00
1.32 -2.77 0.57 -2.11 0.00
1.31 -2.77 0.61 -2.06 0.00
1.30 -2.71 0.43 -2.21 0.00
1.28 -2.67 0.38 -2.23 0.00
1.23 -2.65 0.32 -2.25 0.00
1.20 -2.63 0.30 -2.19 0.00
1.18 -2.63 0.28 -2.19 0.00
1.12 -2.58 0.23 -2.13 0.00
1.09 -2.56 0.22 -2.05 0.00
1.08 -2.55 0.21 -2.05 0.00
1.01 -2.55 0.15 -2.03 0.00
0.97 -2.54 0.15 -1.96 0.00
0.94 -2.54 0.13 -1.95 0.00
0.90 -2.50 0.07 -1.93 0.00
0.87 -2.48 0.05 -1.91 0.00
0.79 -2.44 -0.11 -2.01 0.00
0.75 -2.41 -0.18 -2.03 0.00
0.72 -2.38 -0.15 -1.88 0.00
0.69 -2.37 -0.25 -2.01 0.00
0.60 -2.36 -0.30 -1.93 0.00
0.59 -2.35 -0.37 -2.07 0.00
0.56 -2.33 -0.39 -2.01 0.00
0.53 -2.31 -0.39 -1.93 0.00
0.49 -2.30 -0.43 -1.90 0.00
0.46 -2.28 -0.46 -1.89 0.00
0.42 -2.27 -0.50 -1.87 0.00
0.38 -2.25 -0.53 -1.85 0.00
0.34 -2.24 -0.57 -1.83 0.00
0.31 -2.22 -0.61 -1.82 0.00
0.27 -2.20 -0.65 -1.82 0.00
0.23 -2.19 -0.70 -1.83 0.00
0.20 -2.17 -0.75 -1.85 0.00
0.16 -2.16 -0.77 -1.79 0.00
0.12 -2.15 -0.81 -1.78 0.00
0.08 -2.13 -0.85 -1.76 0.00
0.04 -2.12 -0.88 -1.74 0.00
0.01 -2.10 -0.91 -1.70 0.00
-0.02 -2.09 -0.94 -1.69 0.00
-0.07 -2.07 -0.97 -1.64 0.00
-0.11 -2.06 -1.00 -1.60 0.00
-0.14 -2.04 -1.02 -1.57 0.00
-0.18 -2.03 -1.04 -1.51 0.00
-0.22 -2.01 -1.08 -1.50 0.00
-0.24 -1.99 -1.10 -1.47 0.00
-0.28 -1.97 -1.14 -1.46 0.00
-0.31 -1.95 -1.18 -1.45 0.00
-0.34 -1.94 -1.23 -1.50 0.00
-0.38 -1.92 -1.28 -1.49 0.00
-0.37 -1.93 -0.76 -1.01 1.00
-0.39 -1.90 -0.76 -0.97 0.00
-0.37 -1.87 -0.70 -0.92 0.00
-0.43 -1.81 -0.69 -0.84 0.00
-0.45 -1.76 -0.72 -0.80 0.00
-0.45 -1.74 -0.64 -0.76 0.00
-0.47 -1.71 -0.64 -0.73 0.00
-0.47 -1.74 -0.51 -0.74 0.00
-0.49 -1.67 -0.52 -0.67 0.00
-0.49 -1.57 -0.55 -0.57 0.00
-0.48 -1.56 -0.38 -0.57 0.00
-0.49 -1.49 -0.57 -0.49 0.00
-0.49 -1.48 -0.29 -0.50 0.00
-0.49 -1.46 -0.37 -0.47 0.00
-0.51 -1.37 -0.66 -0.39 0.00
-0.50 -1.32 -0.52 -0.33 0.00
-0.50 -1.26 -0.66 -0.27 0.00
-0.48 -1.25 0.18 -0.51 1.00
-0.45 -1.24 0.54 -1.37 1.00
-0.34 -1.27 0.60 -1.61 0.00
-0.35 -1.23 0.60 -1.54 0.00
-0.31 -1.25 0.63 -1.60 0.00
-0.30 -1.24 0.70 -1.37 0.00
-0.22 -1.26 0.63 -1.79 0.00
-0.22 -1.28 0.69 -1.71 0.00
-0.15 -1.24 0.68 -1.81 0.00
-0.12 -1.32 0.70 -1.88 0.00
-0.07 -1.32 0.61 -2.05 0.00
-0.05 -1.34 0.79 -1.89 0.00
-0.01 -1.36 0.84 -1.88 0.00
0.01 -1.38 0.80 -1.99 0.00
0.06 -1.41 0.92 -1.91 0.00
0.08 -1.43 0.96 -1.90 0.00
0.13 -1.46 0.99 -1.97 0.00
0.16 -1.47 1.02 -1.99 0.00
0.20 -1.49 1.02 -2.06 0.00
0.24 -1.52 1.03 -2.13 0.00
0.27 -1.53 1.07 -2.13 0.00
0.30 -1.56 1.08 -2.18 0.00
0.33 -1.58 1.14 -2.17 0.00
0.36 -1.62 1.19 -2.18 0.00
0.40 -1.63 1.23 -2.19 0.00
0.43 -1.67 1.27 -2.21 0.00
0.46 -1.68 1.32 -2.19 0.00
0.49 -1.70 1.37 -2.17 0.00
0.52 -1.72 1.39 -2.22 0.00
0.56 -1.74 1.44 -2.20 0.00
0.61 -1.76 1.50 -2.20 0.00
0.63 -1.78 1.52 -2.24 0.00
0.67 -1.79 1.55 -2.27 0.00
0.70 -1.81 1.58 -2.29 0.00
0.74 -1.83 1.57 -2.40 0.00
0.79 -1.84 1.57 -2.47 0.00
0.83 -1.86 1.58 -2.51 0.00
0.86 -1.88 1.61 -2.54 0.00
0.88 -1.91 1.65 -2.55 0.00
0.92 -1.92 1.64 -2.61 0.00
0.94 -1.96 1.72 -2.59 0.00
0.98 -1.99 1.75 -2.61 0.00
1.01 -2.01 1.78 -2.64 0.00
1.03 -2.04 1.83 -2.64 0.00
1.07 -2.06 1.85 -2.68 0.00
1.10 -2.09 1.88 -2.71 0.00
1.14 -2.12 1.92 -2.74 0.00
1.16 -2.14 1.94 -2.76 0.00
1.19 -2.16 1.95 -2.81 0.00
1.22 -2.19 2.01 -2.81 0.00
1.28 -2.20 2.07 -2.82 0.00
1.35 -2.23 1.78 -3.13 0.00
1.35 -2.24 1.97 -3.03 0.00
1.37 -2.25 2.19 -2.81 0.00
1.40 -2.32 2.01 -3.11 0.00
1.41 -2.33 2.06 -3.09 0.00
1.44 -2.36 2.09 -3.12 0.00
1.47 -2.42 2.09 -3.20 0.00
1.54 -2.50 2.14 -3.30 0.00
1.53 -2.48 2.15 -3.27 0.00
1.54 -2.50 2.20 -3.25 0.00
1.57 -2.52 2.23 -3.27 0.00
1.63 -2.55 2.27 -3.31 0.00
1.62 -2.59 2.26 -3.35 0.00
1.66 -2.63 2.30 -3.40 0.00
1.68 -2.66 2.34 -3.41 0.00
1.71 -2.69 2.36 -3.45 0.00
1.73 -2.72 2.36 -3.49 0.00
1.77 -2.76 2.43 -3.52 0.00
1.79 -2.77 2.33 -3.61 0.00
1.85 -2.80 2.62 -3.44 0.00
1.83 -2.83 2.48 -3.59 0.00
1.94 -3.02 2.93 -3.11 0.00
1.88 -3.01 2.52 -3.78 0.00
1.91 -2.99 2.55 -3.76 0.00
1.93 -2.98 2.58 -3.74 0.00
1.96 -3.00 2.60 -3.76 0.00
1.98 -3.03 2.63 -3.79 0.00
2.01 -3.06 2.66 -3.82 0.00
2.03 -3.09 2.69 -3.84 0.00
2.06 -3.12 2.72 -3.87 0.00
2.07 -3.15 2.75 -3.88 0.00
2.06 -3.18 2.71 -3.94 0.00
2.06 -3.25 2.86 -3.84 0.00
2.15 -3.19 2.54 -4.11 0.00
2.17 -3.26 2.80 -4.04 0.00
2.19 -3.31 2.79 -4.11 0.00
2.23 -3.34 2.81 -4.15 0.00
2.22 -3.37 2.84 -4.16 0.00
2.25 -3.40 2.72 -4.28 0.00
2.28 -3.40 2.79 -4.26 0.00
2.33 -3.46 2.79 -4.34 0.00
2.38 -3.46 3.06 -4.19 0.00
2.39 -3.54 3.05 -4.29 0.00
2.39 -3.54 3.15 -4.20 0.00
2.42 -3.58 3.17 -4.25 0.00
2.43 -3.61 3.22 -4.23 0.00
2.46 -3.66 3.29 -4.22 0.00
2.50 -3.68 3.30 -4.28 0.00
2.53 -3.70 3.30 -4.34 0.00
2.56 -3.72 3.32 -4.38 0.00
2.60 -3.75 3.33 -4.42 0.00
2.63 -3.77 3.35 -4.46 0.00
2.66 -3.80 3.37 -4.50 0.00
2.69 -3.82 3.39 -4.53 0.00
2.71 -3.85 3.44 -4.54 0.00
2.75 -3.88 3.44 -4.60 0.00
2.77 -3.90 3.49 -4.60 0.00
2.80 -3.93 3.53 -4.61 0.00
2.83 -3.96 3.56 -4.65 0.00
2.86 -3.99 3.58 -4.68 0.00
2.88 -4.02 3.62 -4.69 0.00
2.92 -4.04 3.68 -4.70 0.00
2.94 -4.07 3.69 -4.72 0.00
2.96 -4.10 3.72 -4.75 0.00
2.99 -4.12 3.74 -4.78 0.00
3.02 -4.15 3.77 -4.81 0.00
3.05 -4.17 3.79 -4.84 0.00
3.08 -4.20 3.81 -4.88 0.00
3.11 -4.21 3.87 -4.86 0.00
3.12 -4.21 3.98 -4.72 0.00
3.15 -4.25 4.01 -4.77 0.00
3.18 -4.32 4.00 -4.89 0.00
3.21 -4.35 4.07 -4.85 0.00
3.23 -4.35 4.09 -4.87 0.00
3.28 -4.40 4.19 -4.82 0.00
3.31 -4.41 4.23 -4.81 0.00
3.33 -4.44 4.30 -4.68 0.00
3.36 -4.49 4.22 -4.99 0.00
3.39 -4.52 4.36 -4.75 0.00
3.42 -4.59 4.39 -4.83 0.00
3.51 -4.57 4.50 -4.67 0.00
3.58 -4.61 4.51 -4.97 0.00
3.49 -4.59 4.37 -5.08 0.00
3.52 -4.63 4.52 -4.73 0.00
3.65 -4.61 4.57 -4.99 0.00
3.70 -4.63 4.69 -4.78 0.00
3.76 -4.63 4.62 -5.14 0.00
3.74 -4.63 4.71 -4.91 0.00
3.74 -4.61 4.70 -4.89 0.00
3.84 -4.70 4.82 -4.89 0.00
3.87 -4.63 4.86 -4.77 0.00
3.95 -4.69 4.94 -4.53 0.00
3.96 -4.68 4.95 -4.52 0.00
3.94 -4.64 4.88 -4.32 0.00
3.98 -4.64 4.83 -4.10 0.00
4.04 -4.62 4.88 -4.08 0.00
4.02 -4.57 4.83 -3.99 0.00
4.07 -4.52 4.86 -3.91 0.00
4.13 -4.55 4.87 -3.89 0.00
4.16 -4.54 4.97 -3.96 0.00
4.18 -4.53 4.98 -3.92 0.00
4.23 -4.50 5.03 -3.91 0.00
4.27 -4.46 4.99 -3.76 0.00
4.28 -4.43 4.97 -3.72 0.00
4.31 -4.42 4.98 -3.68 0.00
4.33 -4.39 4.91 -3.58 0.00
4.36 -4.31 4.50 -3.32 0.00
4.40 -4.31 4.68 -3.35 0.00
4.43 -4.30 4.68 -3.33 0.00
4.44 -4.20 4.58 -3.21 0.00
4.46 -4.20 4.46 -3.20 0.00
4.46 -4.14 4.32 -3.15 0.00
4.46 -4.11 4.20 -3.15 0.00
4.46 -4.07 4.11 -3.13 0.00
4.46 -4.03 4.04 -3.12 0.00
4.46 -3.99 3.97 -3.12 0.00
4.46 -3.95 3.90 -3.12 0.00
4.44 -3.91 3.86 -3.09 0.00
4.41 -3.87 3.84 -3.04 0.00
4.38 -3.83 3.81 -3.01 0.00
4.35 -3.79 3.78 -2.97 0.00
4.33 -3.75 3.71 -2.96 0.00
4.30 -3.70 3.65 -2.95 0.00
4.27 -3.66 3.57 -2.95 0.00
4.24 -3.62 3.50 -2.95 0.00
4.22 -3.58 3.44 -2.95 0.00
4.19 -3.54 3.38 -2.95 0.00
4.15 -3.51 3.34 -2.93 0.00
4.11 -3.49 3.27 -2.95 0.00
4.08 -3.46 3.20 -2.99 0.00
4.04 -3.43 3.13 -3.02 0.00
4.01 -3.41 3.07 -3.07 0.00
3.97 -3.38 3.00 -3.13 0.00
3.94 -3.35 2.95 -3.18 0.00
3.90 -3.33 2.90 -3.22 0.00
3.86 -3.32 2.86 -3.21 0.00
3.83 -3.32 2.84 -3.20 0.00
3.79 -3.31 2.80 -3.19 0.00
3.78 -3.31 2.79 -3.20 0.00
3.71 -3.30 2.74 -3.08 0.00
3.64 -3.30 2.65 -3.15 0.00
3.62 -3.29 2.63 -3.16 0.00
3.55 -3.31 2.56 -3.15 0.00
3.49 -3.29 2.49 -3.39 0.00
3.46 -3.28 2.47 -3.21 0.00
3.43 -3.28 2.43 -3.20 0.00
3.37 -3.28 2.38 -3.17 0.00
3.33 -3.29 2.34 -3.24 0.00
3.27 -3.27 2.28 -3.17 0.00
3.25 -3.25 2.25 -3.32 0.00
3.22 -3.26 2.22 -3.26 0.00
3.19 -3.25 2.19 -3.36 0.00
3.12 -3.26 2.12 -3.29 0.00
3.10 -3.25 2.10 -3.28 0.00
3.06 -3.25 2.06 -3.29 0.00
3.02 -3.26 2.04 -3.07 0.00
2.97 -3.26 1.97 -3.28 0.00
2.93 -3.26 1.93 -3.30 0.00
2.91 -3.19 2.04 -2.71 0.00
2.87 -3.16 1.96 -2.75 0.00
2.81 -3.11 1.85 -2.81 0.00
2.80 -3.08 1.84 -2.80 0.00
2.76 -3.08 1.80 -2.81 0.00
2.72 -3.07 1.75 -2.80 0.00
2.68 -3.06 1.72 -2.79 0.00
2.64 -3.05 1.68 -2.78 0.00
2.60 -3.04 1.64 -2.77 0.00
2.57 -3.03 1.61 -2.75 0.00
2.53 -3.02 1.57 -2.73 0.00
2.49 -3.01 1.53 -2.72 0.00
2.46 -3.00 1.50 -2.72 0.00
2.45 -2.99 1.51 -2.65 0.00
2.35 -2.98 1.39 -2.67 0.00
2.34 -2.98 1.43 -2.55 0.00
2.28 -2.96 1.37 -2.55 0.00
2.23 -2.93 1.25 -2.73 0.00
2.20 -2.92 1.23 -2.69 0.00
2.18 -2.89 1.19 -2.75 0.00
2.15 -2.86 1.15 -2.89 0.00
2.09 -2.85 1.09 -2.87 0.00
2.04 -2.84 1.04 -2.83 0.00
2.00 -2.84 1.00 -2.82 0.00
1.97 -2.84 0.98 -2.78 0.00
1.94 -2.84 0.94 -2.83 0.00
1.91 -2.85 0.92 -2.92 0.00
1.86 -2.84 0.86 -2.77 0.00
1.82 -2.81 0.83 -2.65 0.00
1.76 -2.83 0.76 -2.77 0.00
1.76 -2.84 0.79 -2.63 0.00
1.69 -2.83 0.70 -2.75 0.00
1.64 -2.82 0.66 -2.60 0.00
1.60 -2.79 0.61 -2.65 0.00
1.57 -2.77 0.57 -2.68 0.00
1.52 -2.75 0.52 -2.74 0.00
1.47 -2.75 0.47 -2.75 0.00
1.44 -2.78 0.45 -2.91 0.00
1.40 -2.77 0.40 -2.78 0.00
1.36 -2.78 0.37 -2.62 0.00
1.30 -2.76 0.31 -2.70 0.00
1.26 -2.78 0.31 -2.47 0.00
1.24 -2.77 0.24 -2.66 0.00
1.20 -2.75 0.26 -2.41 0.00
1.15 -2.76 0.18 -2.49 0.00
1.11 -2.74 0.14 -2.48 0.00
1.08 -2.75 0.14 -2.41 0.00
1.03 -2.71 0.06 -2.48 0.00
1.01 -2.71 0.07 -2.37 0.00
0.97 -2.69 0.03 -2.37 0.00
0.92 -2.65 -0.06 -2.44 0.00
0.88 -2.62 -0.11 -2.49 0.00
0.85 -2.63 -0.14 -2.49 0.00
0.81 -2.62 -0.17 -2.43 0.00
0.75 -2.61 -0.24 -2.47 0.00
0.74 -2.60 -0.22 -2.32 0.00
