3.40 8.50 4.39 8.37 0.00
3.45 8.49 4.42 8.25 0.00
3.50 8.49 4.44 8.16 0.00
3.54 8.48 4.44 8.06 0.00
3.58 8.48 4.44 7.96 0.00
3.63 8.47 4.45 7.90 0.00
3.67 8.45 4.39 7.76 0.00
3.69 8.44 4.37 7.70 0.00
3.73 8.38 4.30 7.56 0.00
3.78 8.37 4.46 7.64 0.00
3.81 8.36 4.52 7.66 0.00
3.84 8.33 4.51 7.59 0.00
3.87 8.31 4.55 7.58 0.00
3.90 8.28 4.50 7.48 0.00
3.92 8.25 4.46 7.41 0.00
3.96 8.23 4.45 7.36 0.00
3.98 8.20 4.43 7.31 0.00
4.01 8.16 4.33 7.22 0.00
4.03 8.12 4.29 7.16 0.00
4.05 8.09 4.24 7.11 0.00
4.07 8.05 4.20 7.06 0.00
4.09 8.01 4.14 7.01 0.00
4.10 7.97 4.18 6.97 0.00
4.10 7.92 4.15 6.92 0.00
4.10 7.89 4.19 6.89 0.00
4.11 7.85 4.19 6.85 0.00
4.11 7.81 4.14 6.81 0.00
4.11 7.77 4.15 6.77 0.00
4.11 7.72 4.11 6.72 0.00
4.12 7.69 4.08 6.69 0.00
4.12 7.65 4.06 6.65 0.00
4.13 7.61 4.03 6.61 0.00
4.13 7.57 4.01 6.57 0.00
4.13 7.53 3.96 6.54 0.00
4.13 7.49 3.93 6.51 0.00
4.12 7.45 3.92 6.47 0.00
4.12 7.41 3.91 6.43 0.00
4.11 7.37 3.89 6.39 0.00
4.10 7.33 3.87 6.35 0.00
4.09 7.29 3.86 6.31 0.00
4.09 7.25 3.82 6.29 0.00
4.07 7.21 3.84 6.24 0.00
4.07 7.19 3.81 6.22 0.00
4.06 7.14 3.83 6.17 0.00
4.05 7.09 3.79 6.13 0.00
4.05 7.05 3.79 6.08 0.00
4.04 7.01 3.72 6.06 0.00
4.01 6.95 3.74 5.99 0.00
4.00 6.93 3.71 5.98 0.00
4.01 6.92 3.13 6.44 1.00
4.01 6.89 3.06 7.20 1.00
3.98 6.90 2.99 7.09 0.00
3.91 6.92 2.92 6.83 0.00
3.89 6.92 2.89 6.95 0.00
3.87 6.93 2.88 7.09 0.00
3.84 6.94 2.85 6.89 0.00
3.78 6.97 2.78 6.88 0.00
3.74 6.94 2.76 6.71 0.00
3.70 6.94 2.73 6.70 0.00
3.65 6.94 2.67 6.74 0.00
3.63 6.91 2.63 6.78 0.00
3.57 6.90 2.59 6.68 0.00
3.52 6.91 2.58 6.57 0.00
3.48 6.91 2.54 6.56 0.00
3.45 6.89 2.54 6.48 0.00
3.41 6.87 2.52 6.41 0.00
3.36 6.88 2.50 6.37 0.00
3.32 6.84 2.62 6.13 0.00
3.27 6.84 2.51 6.19 0.00
3.25 6.81 2.48 6.17 0.00
3.15 6.81 2.33 6.24 0.00
3.15 6.75 2.40 6.09 0.00
3.10 6.74 2.44 5.98 0.00
3.06 6.73 2.36 6.01 0.00
3.04 6.65 2.36 5.91 0.00
2.99 6.61 2.33 5.86 0.00
2.96 6.57 2.38 5.76 0.00
2.91 6.53 2.41 5.67 0.00
2.89 6.49 2.49 5.58 0.00
2.86 6.45 2.57 5.50 0.00
2.82 6.41 2.66 5.43 0.00
2.79 6.38 2.75 5.38 0.00
2.77 6.34 2.81 5.34 0.00
2.77 6.29 2.78 5.29 0.00
2.77 6.26 2.81 5.26 0.00
2.78 6.22 2.82 5.22 0.00
2.78 6.18 2.78 5.18 0.00
2.78 6.14 2.74 5.15 0.00
2.78 6.11 2.71 5.11 0.00
2.78 6.07 2.67 5.07 0.00
2.78 6.03 2.64 5.04 0.00
2.79 6.00 2.63 5.01 0.00
2.79 5.96 2.59 4.97 0.00
2.79 5.93 2.75 4.93 0.00
2.76 5.87 2.54 4.89 0.00
2.76 5.83 2.60 4.85 0.00
2.75 5.80 2.58 4.81 0.00
2.74 5.75 2.58 4.77 0.00
2.73 5.70 2.52 4.73 0.00
2.72 5.67 2.55 4.68 0.00
2.71 5.62 2.54 4.64 0.00
2.70 5.58 2.52 4.60 0.00
2.70 5.54 2.53 4.55 0.00
2.69 5.50 2.54 4.51 0.00
2.68 5.45 2.56 4.46 0.00
2.67 5.41 2.59 4.42 0.00
2.66 5.37 2.60 4.38 0.00
2.67 5.33 2.61 4.33 0.00
2.65 5.28 2.63 4.28 0.00
2.65 5.24 2.64 4.24 0.00
2.64 5.20 2.64 4.20 0.00
2.64 5.16 2.65 4.16 0.00
2.64 5.12 2.64 4.12 0.00
2.65 5.08 2.64 4.08 0.00
2.65 5.04 2.63 4.04 0.00
2.65 5.00 2.50 4.01 0.00
2.65 4.96 2.43 3.99 0.00
2.64 4.93 2.37 3.97 0.00
2.65 4.88 2.32 3.94 0.00
2.65 4.84 2.26 3.92 0.00
2.64 4.80 2.23 3.89 0.00
2.63 4.76 2.21 3.85 0.00
2.60 4.72 2.20 3.81 0.00
2.58 4.68 2.19 3.76 0.00
2.57 4.65 2.20 3.72 0.00
2.55 4.60 2.15 3.68 0.00
2.53 4.56 2.13 3.64 0.00
2.51 4.51 2.11 3.60 0.00
2.49 4.48 2.05 3.58 0.00
2.48 4.44 2.08 3.52 0.00
2.46 4.39 2.05 3.48 0.00
2.45 4.36 2.22 3.38 0.00
2.41 4.30 2.26 3.31 0.00
2.39 4.27 2.37 3.27 0.00
2.36 4.21 2.48 3.22 0.00
2.34 4.17 2.60 3.21 0.00
2.34 4.14 2.63 3.18 0.00
2.35 4.09 2.62 3.13 0.00
2.36 4.06 2.64 3.10 0.00
2.38 4.03 2.64 3.06 0.00
2.39 3.98 2.60 3.01 0.00
2.40 3.94 2.61 2.96 0.00
2.41 3.91 2.59 2.92 0.00
2.42 3.87 2.58 2.88 0.00
2.43 3.83 2.58 2.84 0.00
2.44 3.80 2.59 2.81 0.00
2.44 3.76 2.56 2.77 0.00
2.47 3.72 2.48 2.72 0.00
2.47 3.69 2.48 2.69 0.00
2.47 3.65 2.47 2.65 0.00
2.47 3.61 2.45 2.61 0.00
2.48 3.57 2.49 2.57 0.00
2.47 3.53 2.42 2.53 0.00
2.47 3.49 2.39 2.49 0.00
2.47 3.45 2.37 2.45 0.00
2.47 3.41 2.37 2.42 0.00
2.47 3.37 2.33 2.38 0.00
2.47 3.33 2.31 2.34 0.00
2.47 3.29 2.33 2.31 0.00
2.46 3.24 2.29 2.26 0.00
2.45 3.20 2.29 2.22 0.00
2.45 3.16 2.28 2.17 0.00
2.45 3.13 2.29 2.14 0.00
2.44 3.09 2.26 2.11 0.00
2.43 3.05 2.22 2.07 0.00
2.43 3.01 2.20 2.04 0.00
2.42 2.97 2.17 2.00 0.00
2.42 2.93 2.15 1.97 0.00
2.41 2.90 2.12 1.94 0.00
2.39 2.87 2.13 1.90 0.00
2.39 2.83 2.10 1.87 0.00
2.38 2.78 2.10 1.81 0.00
2.37 2.75 2.08 1.79 0.00
2.35 2.69 2.10 1.73 0.00
2.34 2.66 2.11 1.69 0.00
2.34 2.63 2.18 1.64 0.00
2.35 2.59 2.15 1.61 0.00
2.35 2.55 2.10 1.58 0.00
2.30 2.50 2.15 1.51 0.00
2.28 2.47 2.34 1.47 0.00
2.29 2.38 2.36 1.38 0.00
2.27 2.35 2.20 1.35 0.00
2.26 2.34 2.22 1.34 0.00
2.26 2.29 2.23 1.29 0.00
2.26 2.27 2.32 1.27 0.00
2.26 2.25 2.38 1.26 0.00
2.29 2.21 2.28 1.21 0.00
2.25 2.17 2.14 1.17 0.00
2.25 2.11 2.14 1.11 0.00
2.25 2.07 2.26 1.07 0.00
2.24 2.06 2.14 1.06 0.00
2.27 1.95 2.15 0.96 0.00
2.27 1.92 2.21 0.92 0.00
2.26 1.89 2.20 0.89 0.00
2.25 1.88 2.22 0.88 0.00
2.26 1.88 2.23 0.88 0.00
2.22 1.79 2.21 0.79 0.00
2.26 1.74 2.18 0.74 0.00
2.23 1.73 2.21 0.73 0.00
2.23 1.69 2.21 0.69 0.00
2.26 1.65 2.26 0.65 0.00
2.26 1.60 2.35 0.60 0.00
2.24 1.55 2.21 0.55 0.00
2.24 1.53 2.19 0.53 0.00
2.23 1.52 2.26 0.52 0.00
2.24 1.44 2.14 0.44 0.00
2.24 1.38 2.16 0.39 0.00
2.23 1.36 2.18 0.36 0.00
2.23 1.33 2.19 0.33 0.00
2.23 1.33 2.26 0.33 0.00
2.24 1.26 2.28 0.26 0.00
2.28 1.18 2.19 0.19 0.00
2.26 1.19 2.30 0.19 0.00
2.26 1.14 2.26 0.14 0.00
2.28 1.13 2.34 0.13 0.00
2.29 1.10 2.37 0.10 0.00
2.24 0.99 2.14 -0.00 0.00
2.25 0.95 2.10 -0.04 0.00
2.24 0.95 2.17 -0.05 0.00
2.31 0.94 2.56 -0.03 0.00
2.28 0.89 2.36 -0.11 0.00
2.25 0.83 2.17 -0.17 0.00
2.25 0.77 2.15 -0.22 0.00
2.24 0.74 2.12 -0.25 0.00
2.23 0.71 2.20 -0.29 0.00
2.27 0.65 2.01 -0.32 0.00
2.24 0.62 2.22 -0.38 0.00
2.30 0.60 2.33 -0.40 0.00
2.24 0.54 2.20 -0.46 0.00
2.24 0.52 2.22 -0.48 0.00
2.25 0.45 2.19 -0.55 0.00
2.25 0.41 2.29 -0.59 0.00
2.26 0.34 2.17 -0.65 0.00
2.26 0.33 2.21 -0.67 0.00
2.23 0.31 2.15 -0.69 0.00
2.23 0.27 2.19 -0.73 0.00
2.23 0.22 2.15 -0.78 0.00
2.23 0.18 2.07 -0.81 0.00
2.23 0.16 2.08 -0.83 0.00
2.22 0.11 2.15 -0.89 0.00
2.21 0.06 2.14 -0.94 0.00
2.21 0.02 2.09 -0.98 0.00
2.21 -0.02 2.18 -1.01 0.00
2.21 -0.05 2.17 -1.05 0.00
2.20 -0.09 1.98 -1.06 0.00
2.21 -0.14 2.16 -1.14 0.00
2.21 -0.18 2.09 -1.17 0.00
2.19 -0.21 1.94 -1.18 0.00
2.21 -0.23 1.75 -1.12 0.00
2.19 -0.29 1.87 -1.24 0.00
2.20 -0.31 1.71 -1.18 0.00
2.19 -0.32 1.58 -1.11 0.00
2.19 -0.42 2.05 -1.41 0.00
2.18 -0.45 2.02 -1.44 0.00
2.20 -0.50 2.04 -1.48 0.00
2.18 -0.54 2.08 -1.53 0.00
2.19 -0.58 2.01 -1.56 0.00
2.16 -0.64 2.11 -1.64 0.00
2.16 -0.65 2.02 -1.64 0.00
2.15 -0.70 2.00 -1.68 0.00
2.14 -0.75 2.05 -1.74 0.00
2.16 -0.78 1.96 -1.76 0.00
2.13 -0.81 1.94 -1.80 0.00
2.13 -0.85 1.94 -1.83 0.00
2.13 -0.89 1.92 -1.87 0.00
2.11 -0.92 1.91 -1.90 0.00
2.10 -0.98 1.86 -1.95 0.00
2.10 -1.02 1.87 -1.99 0.00
2.09 -1.06 1.87 -2.03 0.00
2.09 -1.09 1.84 -2.06 0.00
2.08 -1.14 1.82 -2.10 0.00
2.06 -1.16 1.80 -2.12 0.00
2.06 -1.20 1.83 -2.17 0.00
2.04 -1.24 1.88 -2.23 0.00
2.02 -1.29 1.75 -2.25 0.00
2.00 -1.33 1.69 -2.28 0.00
2.00 -1.36 1.70 -2.32 0.00
1.99 -1.41 1.70 -2.36 0.00
1.98 -1.44 1.77 -2.42 0.00
1.98 -1.48 1.77 -2.46 0.00
1.97 -1.50 1.60 -2.43 0.00
1.94 -1.59 1.65 -2.55 0.00
1.90 -1.61 1.32 -2.43 0.00
1.91 -1.64 1.43 -2.52 0.00
1.91 -1.69 1.41 -2.55 0.00
1.90 -1.72 1.39 -2.58 0.00
1.88 -1.76 1.36 -2.62 0.00
1.86 -1.80 1.33 -2.65 0.00
1.83 -1.85 1.30 -2.69 0.00
1.81 -1.89 1.26 -2.73 0.00
1.78 -1.93 1.22 -2.76 0.00
1.76 -1.97 1.17 -2.78 0.00
1.73 -2.01 1.15 -2.83 0.00
1.69 -2.06 1.11 -2.87 0.00
1.67 -2.07 1.09 -2.89 0.00
1.63 -2.14 1.14 -3.01 0.00
1.60 -2.18 1.10 -3.04 0.00
1.56 -2.23 1.12 -3.13 0.00
1.51 -2.29 1.14 -3.22 0.00
1.49 -2.27 0.89 -3.07 0.00
1.47 -2.36 1.14 -3.31 0.00
1.43 -2.40 1.21 -3.38 0.00
1.44 -2.45 1.16 -3.41 0.00
1.43 -2.49 1.15 -3.45 0.00
1.42 -2.55 1.10 -3.50 0.00
1.40 -2.56 1.10 -3.52 0.00
1.39 -2.61 1.18 -3.59 0.00
1.37 -2.62 0.61 -3.27 1.00
1.36 -2.61 0.36 -2.63 1.00
1.36 -2.62 0.72 -1.85 1.00
1.35 -2.60 0.60 -1.93 0.00
1.31 -2.54 0.46 -2.02 0.00
1.29 -2.50 0.41 -2.01 0.00
1.26 -2.45 0.29 -2.19 0.00
1.24 -2.43 0.26 -2.23 0.00
1.20 -2.41 0.21 -2.24 0.00
1.17 -2.41 0.17 -2.37 0.00
1.13 -2.39 0.14 -2.20 0.00
1.09 -2.40 0.10 -2.23 0.00
1.05 -2.40 0.06 -2.23 0.00
1.00 -2.36 0.00 -2.47 0.00
0.99 -2.39 -0.01 -2.34 0.00
0.91 -2.38 -0.05 -2.65 0.00
0.89 -2.37 -0.10 -2.49 0.00
0.85 -2.38 -0.14 -2.55 0.00
0.81 -2.37 -0.17 -2.58 0.00
0.76 -2.37 -0.20 -2.65 0.00
0.69 -2.37 -0.29 -2.53 0.00
0.67 -2.35 -0.30 -2.58 0.00
0.62 -2.39 -0.22 -2.93 0.00
0.60 -2.39 -0.18 -3.02 0.00
0.57 -2.42 -0.21 -3.05 0.00
0.53 -2.45 -0.24 -3.08 0.00
0.50 -2.48 -0.27 -3.12 0.00
0.47 -2.50 -0.26 -3.18 0.00
0.43 -2.53 -0.27 -3.24 0.00
0.39 -2.55 -0.25 -3.32 0.00
0.35 -2.57 -0.23 -3.39 0.00
0.30 -2.60 -0.21 -3.46 0.00
0.27 -2.62 -0.17 -3.52 0.00
0.25 -2.68 -0.24 -3.55 0.00
0.22 -2.71 -0.19 -3.62 0.00
0.19 -2.73 -0.10 -3.69 0.00
0.18 -2.79 -0.23 -3.70 0.00
0.16 -2.82 -0.17 -3.76 0.00
0.15 -2.86 -0.17 -3.81 0.00
0.13 -2.90 -0.15 -3.86 0.00
0.12 -2.93 -0.13 -3.90 0.00
0.10 -2.97 -0.12 -3.95 0.00
0.09 -3.01 -0.07 -3.99 0.00
0.08 -3.04 -0.05 -4.04 0.00
0.06 -3.08 -0.04 -4.08 0.00
0.06 -3.12 -0.03 -4.12 0.00
0.05 -3.16 -0.04 -4.16 0.00
0.05 -3.21 -0.05 -4.20 0.00
0.05 -3.24 -0.05 -4.24 0.00
0.04 -3.28 -0.06 -4.28 0.00
0.04 -3.32 -0.05 -4.32 0.00
0.04 -3.36 -0.12 -4.34 0.00
0.04 -3.40 -0.14 -4.39 0.00
0.04 -3.44 -0.18 -4.42 0.00
0.04 -3.48 -0.20 -4.46 0.00
0.03 -3.53 -0.21 -4.50 0.00
0.02 -3.56 -0.21 -4.54 0.00
0.01 -3.60 -0.21 -4.58 0.00
-0.00 -3.64 -0.19 -4.63 0.00
-0.01 -3.68 -0.18 -4.67 0.00
-0.02 -3.72 -0.15 -4.71 0.00
-0.03 -3.76 -0.14 -4.76 0.00
-0.04 -3.80 -0.12 -4.80 0.00
-0.05 -3.84 -0.10 -4.84 0.00
-0.05 -3.88 -0.09 -4.88 0.00
-0.06 -3.92 -0.09 -4.92 0.00
-0.06 -3.96 -0.09 -4.96 0.00
-0.06 -4.00 -0.09 -5.00 0.00
-0.06 -4.04 -0.09 -5.04 0.00
-0.06 -4.08 -0.09 -5.08 0.00
-0.06 -4.12 -0.09 -5.12 0.00
-0.06 -4.16 -0.12 -5.15 0.00
-0.07 -4.20 -0.09 -5.20 0.00
-0.07 -4.24 -0.09 -5.24 0.00
-0.07 -4.28 -0.08 -5.28 0.00
-0.07 -4.32 -0.08 -5.32 0.00
-0.07 -4.36 -0.08 -5.36 0.00
-0.07 -4.40 -0.08 -5.40 0.00
-0.07 -4.44 -0.07 -5.44 0.00
-0.07 -4.48 -0.08 -5.48 0.00
-0.07 -4.52 -0.08 -5.52 0.00
-0.07 -4.56 -0.08 -5.56 0.00
-0.07 -4.60 -0.08 -5.60 0.00
-0.07 -4.63 -0.07 -5.63 0.00
-0.07 -4.68 -0.09 -5.68 0.00
-0.07 -4.72 -0.09 -5.72 0.00
-0.07 -4.75 -0.09 -5.75 0.00
-0.07 -4.80 -0.09 -5.80 0.00
-0.07 -4.83 -0.09 -5.83 0.00
-0.08 -4.88 -0.09 -5.88 0.00
-0.08 -4.91 -0.08 -5.91 0.00
-0.08 -4.95 -0.07 -5.95 0.00
-0.08 -4.99 -0.08 -5.99 0.00
-0.08 -5.03 -0.08 -6.03 0.00
-0.08 -5.07 -0.08 -6.07 0.00
-0.08 -5.11 -0.07 -6.11 0.00
-0.08 -5.15 -0.07 -6.15 0.00
-0.08 -5.19 -0.07 -6.19 0.00
-0.08 -5.23 -0.06 -6.23 0.00
-0.08 -5.27 -0.04 -6.27 0.00
-0.08 -5.32 -0.07 -6.32 0.00
-0.08 -5.35 -0.07 -6.35 0.00
-0.08 -5.39 -0.06 -6.39 0.00
-0.08 -5.43 -0.03 -6.43 0.00
-0.08 -5.47 -0.03 -6.47 0.00
-0.08 -5.51 -0.04 -6.51 0.00
-0.08 -5.55 -0.06 -6.55 0.00
-0.08 -5.59 -0.04 -6.59 0.00
-0.07 -5.63 -0.03 -6.63 0.00
-0.07 -5.67 -0.05 -6.67 0.00
-0.07 -5.71 -0.03 -6.71 0.00
-0.07 -5.75 -0.02 -6.75 0.00
-0.07 -5.79 -0.01 -6.79 0.00
-0.07 -5.83 0.01 -6.83 0.00
-0.07 -5.87 0.04 -6.87 0.00
-0.05 -5.91 -0.02 -6.91 0.00
-0.04 -5.95 -0.05 -6.95 0.00
-0.04 -5.99 -0.06 -6.99 0.00
-0.04 -6.03 -0.06 -7.03 0.00
-0.04 -6.07 -0.05 -7.07 0.00
-0.04 -6.11 -0.05 -7.11 0.00
-0.04 -6.15 -0.05 -7.15 0.00
-0.05 -6.19 -0.04 -7.19 0.00
-0.05 -6.23 -0.04 -7.23 0.00
-0.05 -6.27 -0.03 -7.27 0.00
-0.05 -6.31 -0.03 -7.31 0.00
-0.05 -6.35 -0.02 -7.35 0.00
-0.05 -6.39 -0.02 -7.39 0.00
-0.04 -6.43 -0.02 -7.43 0.00
-0.04 -6.47 -0.02 -7.47 0.00
-0.04 -6.51 -0.00 -7.51 0.00
-0.04 -6.55 -0.00 -7.55 0.00
-0.04 -6.59 -0.00 -7.59 0.00
-0.04 -6.63 -0.00 -7.63 0.00
-0.04 -6.67 -0.00 -7.67 0.00
-0.04 -6.71 -0.00 -7.71 0.00
-0.03 -6.75 -0.00 -7.75 0.00
-0.03 -6.79 -0.01 -7.78 0.00
-0.03 -6.82 -0.01 -7.82 0.00
-0.03 -6.86 -0.01 -7.86 0.00
-0.03 -6.90 -0.01 -7.90 0.00
-0.03 -6.94 -0.02 -7.94 0.00
-0.03 -6.98 -0.02 -7.98 0.00
-0.03 -7.02 -0.03 -8.02 0.00
-0.02 -7.06 -0.04 -8.06 0.00
-0.02 -7.10 -0.06 -8.10 0.00
-0.02 -7.14 -0.07 -8.14 0.00
-0.03 -7.18 -0.07 -8.18 0.00
-0.03 -7.22 -0.07 -8.22 0.00
-0.03 -7.26 -0.08 -8.26 0.00
-0.03 -7.30 -0.08 -8.30 0.00
-0.03 -7.34 -0.09 -8.34 0.00
-0.04 -7.38 -0.10 -8.37 0.00
-0.04 -7.42 -0.11 -8.41 0.00
-0.04 -7.46 -0.13 -8.45 0.00
-0.04 -7.49 -0.14 -8.49 0.00
-0.04 -7.53 -0.17 -8.53 0.00
-0.05 -7.57 -0.19 -8.56 0.00
-0.05 -7.61 -0.22 -8.60 0.00
-0.05 -7.65 -0.25 -8.63 0.00
-0.06 -7.69 -0.29 -8.66 0.00
-0.06 -7.73 -0.33 -8.69 0.00
-0.07 -7.77 -0.38 -8.72 0.00
-0.10 -7.80 -0.35 -8.76 0.00
-0.11 -7.84 -0.37 -8.80 0.00
-0.12 -7.87 -0.39 -8.84 0.00
-0.13 -7.91 -0.42 -8.87 0.00
-0.14 -7.95 -0.45 -8.90 0.00
-0.15 -7.99 -0.48 -8.93 0.00
-0.16 -8.03 -0.52 -8.96 0.00
-0.17 -8.07 -0.55 -8.99 0.00
-0.18 -8.11 -0.59 -9.02 0.00
-0.19 -8.14 -0.63 -9.04 0.00
-0.21 -8.18 -0.65 -9.08 0.00
-0.22 -8.22 -0.68 -9.10 0.00
-0.24 -8.25 -0.71 -9.13 0.00
-0.25 -8.28 -0.71 -9.17 0.00
-0.27 -8.32 -0.66 -9.24 0.00
-0.29 -8.35 -0.60 -9.30 0.00
-0.30 -8.38 -0.62 -9.33 0.00
-0.32 -8.42 -0.63 -9.37 0.00
-0.33 -8.46 -0.62 -9.42 0.00
-0.34 -8.50 -0.61 -9.46 0.00
-0.35 -8.54 -0.59 -9.51 0.00
-0.36 -8.58 -0.57 -9.55 0.00
-0.38 -8.61 -0.55 -9.60 0.00
-0.39 -8.65 -0.53 -9.64 0.00
-0.40 -8.68 -0.51 -9.68 0.00
-0.41 -8.72 -0.50 -9.71 0.00
-0.41 -8.75 -0.49 -9.75 0.00
-0.41 -8.78 -0.49 -9.78 0.00
-0.42 -8.82 -0.46 -9.82 0.00
-0.42 -8.85 -0.39 -9.85 0.00
-0.42 -8.89 -0.31 -9.88 0.00
-0.43 -8.92 -0.22 -9.90 0.00
-0.42 -8.96 -0.14 -9.92 0.00
-0.41 -9.00 -0.03 -9.93 0.00
-0.40 -9.04 0.07 -9.93 0.00
-0.39 -9.08 0.17 -9.90 0.00
-0.34 -9.13 0.16 -9.99 0.00
-0.42 -9.24 0.46 -9.70 0.00
-0.34 -9.22 0.54 -9.70 0.00
-0.39 -9.24 0.59 -9.45 0.00
-0.20 -9.29 0.65 -9.81 0.00
-0.25 -9.30 0.41 -10.05 0.00
-0.23 -9.33 0.55 -9.96 0.00
-0.20 -9.32 0.62 -9.89 0.00
-0.18 -9.32 0.70 -9.81 0.00
-0.16 -9.35 0.79 -9.64 0.00
-0.08 -9.39 0.79 -9.87 0.00
-0.06 -9.45 0.88 -9.79 0.00
-0.04 -9.45 0.95 -9.53 0.00
0.00 -9.47 1.00 -9.52 0.00
0.06 -9.49 1.05 -9.60 0.00
0.10 -9.52 1.09 -9.58 0.00
0.14 -9.51 1.13 -9.55 0.00
0.17 -9.51 1.17 -9.53 0.00
0.22 -9.52 1.22 -9.47 0.00
0.26 -9.53 1.25 -9.47 0.00
0.32 -9.52 1.31 -9.45 0.00
0.36 -9.52 1.36 -9.49 0.00
0.41 -9.51 1.41 -9.40 0.00
0.46 -9.51 1.44 -9.32 0.00
0.52 -9.49 1.51 -9.32 0.00
0.55 -9.50 1.50 -9.18 0.00
0.60 -9.50 1.55 -9.17 0.00
0.66 -9.51 1.51 -8.98 0.00
0.69 -9.47 1.59 -9.03 0.00
0.78 -9.41 1.76 -9.23 0.00
0.79 -9.36 1.78 -9.27 0.00
0.77 -9.41 1.67 -8.99 0.00
0.88 -9.23 1.74 -9.75 0.00
0.89 -9.28 1.88 -9.44 0.00
0.88 -9.28 1.87 -9.15 0.00
0.94 -9.29 1.91 -9.04 0.00
0.96 -9.29 1.83 -8.80 0.00
0.97 -9.30 1.78 -8.72 0.00
1.07 -9.23 2.00 -8.88 0.00
1.07 -9.26 1.90 -8.70 0.00
1.09 -9.22 1.60 -8.35 0.00
1.14 -9.21 1.52 -8.29 0.00
1.17 -9.21 1.49 -8.26 0.00
1.22 -9.19 1.61 -8.26 0.00
1.25 -9.15 1.56 -8.20 0.00
1.27 -9.11 1.57 -8.15 0.00
1.28 -9.07 1.57 -8.12 0.00
1.29 -9.04 1.58 -8.08 0.00
1.30 -9.00 1.59 -8.04 0.00
1.31 -8.96 1.60 -8.00 0.00
1.33 -8.92 1.59 -7.95 0.00
1.34 -8.88 1.52 -7.90 0.00
1.35 -8.84 1.44 -7.85 0.00
1.36 -8.80 1.35 -7.80 0.00
1.37 -8.77 1.28 -7.77 0.00
1.38 -8.73 1.21 -7.74 0.00
1.39 -8.69 1.15 -7.72 0.00
1.40 -8.65 1.09 -7.70 0.00
1.39 -8.60 1.08 -7.65 0.00
1.37 -8.56 1.06 -7.61 0.00
1.37 -8.56 1.82 -7.66 1.00
1.37 -8.56 2.32 -8.24 1.00
1.41 -8.55 2.35 -8.19 0.00
1.45 -8.53 2.38 -8.15 0.00
1.49 -8.52 2.40 -8.09 0.00
1.53 -8.51 2.42 -8.04 0.00
1.57 -8.49 2.43 -7.97 0.00
1.61 -8.48 2.43 -7.90 0.00
1.65 -8.46 2.43 -7.83 0.00
1.69 -8.44 2.43 -7.77 0.00
1.72 -8.42 2.42 -7.71 0.00
1.75 -8.40 2.42 -7.65 0.00
1.79 -8.37 2.41 -7.60 0.00
1.82 -8.35 2.40 -7.54 0.00
1.84 -8.32 2.38 -7.47 0.00
1.87 -8.28 2.38 -7.43 0.00
1.90 -8.25 2.36 -7.37 0.00
1.92 -8.22 2.33 -7.31 0.00
1.94 -8.19 2.20 -7.23 0.00
1.96 -8.17 2.11 -7.18 0.00
2.01 -8.13 2.00 -7.13 0.00
2.04 -8.10 1.95 -7.10 0.00
2.05 -8.03 1.96 -7.03 0.00
2.08 -8.00 1.73 -7.06 0.00
2.06 -7.94 1.90 -6.95 0.00
2.07 -7.80 1.53 -6.96 0.00
2.08 -7.85 1.82 -6.89 0.00
2.08 -7.80 2.06 -6.80 0.00
2.04 -7.74 1.78 -6.78 0.00
2.01 -7.72 1.78 -6.75 0.00
2.01 -7.69 1.77 -6.72 0.00
2.00 -7.64 1.65 -6.70 0.00
2.00 -7.61 1.60 -6.69 0.00
2.00 -7.57 1.55 -6.67 0.00
1.99 -7.52 1.48 -6.66 0.00
1.97 -7.48 1.43 -6.63 0.00
1.95 -7.43 1.40 -6.59 0.00
1.93 -7.39 1.35 -6.57 0.00
1.95 -7.35 1.71 -6.38 0.00
1.95 -7.35 2.19 -6.38 0.00
1.83 -7.24 1.34 -6.37 0.00
1.81 -7.21 1.08 -6.52 0.00
1.78 -7.17 1.14 -6.41 0.00
1.77 -7.10 0.85 -6.71 0.00
1.64 -7.07 0.94 -6.36 0.00
1.61 -7.13 0.77 -7.66 0.00
1.54 -6.98 0.69 -6.45 0.00
1.58 -6.95 0.69 -6.49 0.00
1.59 -6.94 0.67 -6.54 0.00
1.55 -6.92 0.63 -6.54 0.00
1.55 -6.92 1.16 -6.00 1.00
1.55 -6.92 1.93 -5.99 1.00
1.57 -6.88 1.87 -5.93 0.00
1.59 -6.84 1.86 -5.88 0.00
1.59 -6.80 1.84 -5.83 0.00
1.57 -6.75 1.82 -5.79 0.00
1.55 -6.71 1.80 -5.74 0.00
1.60 -6.67 1.89 -5.72 0.00
1.59 -6.64 1.91 -5.69 0.00
1.64 -6.56 1.82 -5.57 0.00
1.63 -6.53 1.98 -5.59 0.00
1.62 -6.49 1.94 -5.54 0.00
1.59 -6.42 2.08 -5.55 0.00
1.69 -6.45 1.62 -5.46 0.00
1.66 -6.38 1.86 -5.40 0.00
1.69 -6.35 1.70 -5.35 0.00
1.69 -6.32 1.67 -5.32 0.00
1.78 -6.32 2.02 -5.35 0.00
1.78 -6.27 1.77 -5.27 0.00
1.80 -6.23 1.88 -5.23 0.00
1.79 -6.17 1.89 -5.18 0.00
1.80 -6.15 1.89 -5.15 0.00
1.84 -6.11 1.91 -5.11 0.00
1.84 -6.07 1.88 -5.07 0.00
1.78 -6.03 1.95 -5.04 0.00
1.84 -6.00 1.92 -5.00 0.00
1.83 -5.95 1.78 -4.95 0.00
1.85 -5.92 1.91 -4.93 0.00
1.86 -5.87 1.82 -4.87 0.00
1.87 -5.84 1.75 -4.84 0.00
1.86 -5.80 1.79 -4.81 0.00
1.87 -5.77 1.70 -4.78 0.00
1.87 -5.73 1.72 -4.74 0.00
1.87 -5.69 1.66 -4.71 0.00
1.86 -5.69 2.31 -4.80 1.00
1.86 -5.70 2.84 -5.48 1.00
1.91 -5.70 2.89 -5.50 0.00
1.95 -5.68 2.93 -5.49 0.00
2.04 -5.67 3.04 -5.60 0.00
2.05 -5.65 3.05 -5.61 0.00
2.08 -5.65 3.07 -5.75 0.00
2.11 -5.64 3.09 -5.83 0.00
2.15 -5.63 3.11 -5.90 0.00
2.19 -5.63 3.14 -5.95 0.00
2.23 -5.64 3.18 -5.96 0.00
2.27 -5.65 3.22 -5.97 0.00
2.31 -5.67 3.26 -5.98 0.00
2.35 -5.68 3.28 -6.04 0.00
2.39 -5.70 3.30 -6.12 0.00
2.43 -5.71 3.30 -6.20 0.00
2.47 -5.72 3.28 -6.31 0.00
2.51 -5.74 3.25 -6.41 0.00
2.54 -5.76 3.16 -6.54 0.00
2.58 -5.78 3.12 -6.62 0.00
2.61 -5.80 3.08 -6.68 0.00
2.65 -5.82 3.02 -6.75 0.00
2.67 -5.86 3.04 -6.79 0.00
2.68 -5.90 3.04 -6.83 0.00
2.70 -5.93 3.05 -6.87 0.00
2.71 -5.97 3.05 -6.91 0.00
2.73 -6.01 3.05 -6.96 0.00
2.74 -6.05 3.03 -7.00 0.00
2.76 -6.08 3.03 -7.04 0.00
2.77 -6.12 3.01 -7.09 0.00
2.78 -6.16 3.00 -7.13 0.00
2.80 -6.19 2.99 -7.18 0.00
2.81 -6.23 2.97 -7.22 0.00
2.81 -6.27 2.97 -7.26 0.00
2.82 -6.31 2.95 -7.30 0.00
2.83 -6.35 2.80 -7.35 0.00
2.83 -6.38 2.63 -7.36 0.00
2.84 -6.41 2.42 -7.32 0.00
2.86 -6.45 2.36 -7.32 0.00
2.87 -6.49 2.19 -7.23 0.00
2.84 -6.52 2.11 -7.20 0.00
2.84 -6.59 2.06 -7.20 0.00
2.79 -6.55 1.93 -7.05 0.00
2.69 -6.63 1.76 -7.00 0.00
2.70 -6.67 1.89 -7.26 0.00
2.69 -6.71 1.83 -7.22 0.00
2.62 -6.73 1.66 -7.03 0.00
2.58 -6.78 1.62 -7.05 0.00
2.57 -6.83 1.64 -7.18 0.00
2.55 -6.87 1.59 -7.13 0.00
2.51 -6.89 1.53 -7.06 0.00
2.48 -6.90 1.49 -7.04 0.00
2.44 -6.91 1.44 -7.02 0.00
2.40 -6.92 1.40 -7.00 0.00
2.36 -6.92 1.36 -6.98 0.00
2.32 -6.93 1.32 -6.96 0.00
2.28 -6.94 1.28 -6.95 0.00
2.24 -6.94 1.24 -6.94 0.00
2.20 -6.94 1.20 -6.93 0.00
2.16 -6.94 1.16 -6.93 0.00
2.12 -6.94 1.12 -6.94 0.00
2.08 -6.94 1.08 -6.94 0.00
2.04 -6.94 1.04 -6.94 0.00
2.00 -6.93 1.01 -7.04 0.00
2.01 -6.91 1.02 -7.05 0.00
1.99 -6.84 1.07 -7.22 0.00
1.99 -6.84 1.07 -6.46 1.00
2.00 -6.84 1.61 -5.92 1.00
1.98 -6.79 1.57 -5.88 0.00
1.98 -6.75 1.45 -5.90 0.00
1.97 -6.69 1.57 -5.77 0.00
2.02 -6.67 1.32 -5.96 0.00
1.99 -6.44 1.01 -6.67 0.00
1.89 -6.58 1.37 -5.72 0.00
1.84 -6.50 1.19 -5.74 0.00
1.84 -6.46 1.05 -5.84 0.00
1.80 -6.45 1.05 -5.79 0.00
1.80 -6.42 1.16 -5.65 0.00
1.78 -6.37 0.99 -5.75 0.00
1.76 -6.35 1.39 -5.42 0.00
1.56 -6.41 0.56 -6.46 0.00
1.58 -6.34 0.67 -5.94 0.00
1.56 -6.23 0.96 -5.43 0.00
1.56 -6.32 0.67 -5.86 0.00
1.56 -6.32 1.26 -5.37 1.00
1.56 -6.32 2.02 -5.44 1.00
1.58 -6.29 1.95 -5.36 0.00
