6.60 8.00 5.64 8.27 0.00
6.56 8.01 5.56 8.15 0.00
6.51 8.03 5.51 8.11 0.00
6.47 8.04 5.47 8.06 0.00
6.43 8.06 5.43 8.03 0.00
6.39 8.06 5.39 7.95 0.00
6.34 8.07 5.35 7.91 0.00
6.30 8.06 5.31 7.92 0.00
6.25 8.06 5.27 7.88 0.00
6.21 8.05 5.23 7.87 0.00
6.17 8.04 5.19 7.85 0.00
6.13 8.04 5.15 7.83 0.00
6.09 8.03 5.11 7.81 0.00
6.04 8.02 5.07 7.79 0.00
6.00 8.01 5.03 7.77 0.00
5.96 8.00 4.99 7.74 0.00
5.92 8.00 4.96 7.71 0.00
5.88 7.98 4.96 7.60 0.00
5.84 7.97 4.96 7.49 0.00
5.80 7.96 4.95 7.43 0.00
5.76 7.94 4.95 7.36 0.00
5.72 7.93 4.96 7.28 0.00
5.68 7.92 4.98 7.21 0.00
5.65 7.90 4.98 7.16 0.00
5.61 7.87 4.96 7.11 0.00
5.58 7.83 4.93 7.08 0.00
5.55 7.80 4.90 7.04 0.00
5.52 7.77 4.87 7.01 0.00
5.49 7.73 4.84 6.97 0.00
5.46 7.70 4.82 6.94 0.00
5.44 7.67 4.80 6.90 0.00
5.41 7.63 4.77 6.86 0.00
5.38 7.60 4.74 6.83 0.00
5.35 7.56 4.70 6.81 0.00
5.32 7.53 4.67 6.77 0.00
5.29 7.49 4.64 6.73 0.00
5.26 7.45 4.61 6.70 0.00
5.23 7.42 4.57 6.66 0.00
5.19 7.38 4.55 6.61 0.00
5.17 7.34 4.55 6.56 0.00
5.14 7.30 4.55 6.49 0.00
5.10 7.27 4.55 6.44 0.00
5.08 7.24 4.54 6.39 0.00
5.04 7.20 4.53 6.34 0.00
5.01 7.16 4.53 6.29 0.00
4.99 7.12 4.51 6.24 0.00
4.97 7.08 4.48 6.21 0.00
4.94 7.03 4.46 6.16 0.00
4.92 6.99 4.44 6.11 0.00
4.89 6.95 4.46 6.05 0.00
4.86 6.92 4.47 6.00 0.00
4.84 6.89 4.45 5.97 0.00
4.82 6.85 4.44 5.92 0.00
4.81 6.81 4.43 5.88 0.00
4.79 6.77 4.42 5.84 0.00
4.78 6.73 4.41 5.80 0.00
4.77 6.69 4.36 5.78 0.00
4.74 6.65 4.37 5.73 0.00
4.73 6.61 4.36 5.69 0.00
4.71 6.58 4.34 5.65 0.00
4.70 6.54 4.31 5.62 0.00
4.69 6.50 4.27 5.59 0.00
4.67 6.46 4.25 5.55 0.00
4.66 6.42 4.23 5.52 0.00
4.64 6.38 4.21 5.48 0.00
4.61 6.35 4.23 5.42 0.00
4.59 6.31 4.20 5.38 0.00
4.58 6.27 4.19 5.35 0.00
4.56 6.23 4.18 5.31 0.00
4.54 6.19 4.17 5.26 0.00
4.53 6.15 4.17 5.22 0.00
4.51 6.11 4.17 5.17 0.00
4.50 6.08 4.18 5.13 0.00
4.48 6.04 4.19 5.08 0.00
4.46 6.00 4.19 5.04 0.00
4.45 5.96 4.19 4.99 0.00
4.45 5.95 4.17 4.99 0.00
4.43 5.88 4.17 4.91 0.00
4.41 5.84 4.17 4.87 0.00
4.40 5.80 4.16 4.83 0.00
4.39 5.76 4.15 4.79 0.00
4.37 5.73 4.17 4.75 0.00
4.37 5.69 4.17 4.71 0.00
4.36 5.65 4.13 4.68 0.00
4.35 5.61 4.04 4.66 0.00
4.34 5.57 3.98 4.64 0.00
4.33 5.53 3.92 4.62 0.00
4.33 5.49 3.81 4.64 0.00
4.32 5.46 3.78 4.61 0.00
4.31 5.42 3.73 4.61 0.00
4.30 5.38 3.69 4.58 0.00
4.27 5.34 3.66 4.55 0.00
4.24 5.30 3.62 4.52 0.00
4.24 5.27 3.64 4.47 0.00
4.17 5.23 3.70 4.35 0.00
4.14 5.19 3.71 4.29 0.00
4.10 5.15 3.67 4.24 0.00
4.10 5.14 3.14 4.86 1.00
4.09 5.14 3.21 5.60 1.00
4.07 5.14 3.73 6.08 1.00
4.05 5.14 4.54 6.01 1.00
4.08 5.21 4.67 6.01 0.00
4.06 5.20 4.75 5.92 0.00
4.12 5.27 4.64 6.12 0.00
4.14 5.29 4.69 6.12 0.00
4.19 5.31 4.95 5.96 0.00
4.21 5.35 4.89 6.07 0.00
4.21 5.39 4.77 6.22 0.00
4.21 5.41 4.80 6.22 0.00
4.23 5.43 4.81 6.25 0.00
4.25 5.47 4.80 6.30 0.00
4.27 5.49 4.81 6.33 0.00
4.29 5.51 4.78 6.39 0.00
4.31 5.54 4.73 6.45 0.00
4.33 5.57 4.69 6.50 0.00
4.35 5.59 4.65 6.55 0.00
4.36 5.61 4.62 6.58 0.00
4.37 5.65 4.64 6.61 0.00
4.38 5.69 4.64 6.65 0.00
4.39 5.72 4.63 6.70 0.00
4.41 5.76 4.63 6.74 0.00
4.42 5.80 4.61 6.78 0.00
4.43 5.84 4.61 6.82 0.00
4.44 5.87 4.61 6.86 0.00
4.45 5.91 4.60 6.90 0.00
4.45 5.95 4.59 6.94 0.00
4.46 5.98 4.59 6.98 0.00
4.46 6.02 4.56 7.02 0.00
4.47 6.06 4.47 7.06 0.00
4.48 6.09 4.37 7.09 0.00
4.48 6.13 4.29 7.11 0.00
4.49 6.17 4.21 7.13 0.00
4.49 6.20 4.12 7.13 0.00
4.48 6.24 3.99 7.12 0.00
4.46 6.28 3.90 7.11 0.00
4.44 6.32 3.82 7.10 0.00
4.43 6.36 3.74 7.08 0.00
4.41 6.39 3.66 7.06 0.00
4.39 6.43 3.60 7.04 0.00
4.37 6.46 3.55 7.03 0.00
4.34 6.49 3.50 7.03 0.00
4.32 6.50 3.54 7.13 0.00
4.28 6.45 3.80 7.33 0.00
4.24 6.55 3.47 7.19 0.00
4.19 6.61 3.37 7.18 0.00
4.16 6.62 3.36 7.21 0.00
4.12 6.64 3.26 7.14 0.00
4.07 6.67 3.21 7.18 0.00
4.03 6.67 3.10 7.04 0.00
3.99 6.70 3.07 7.09 0.00
3.96 6.69 3.01 6.99 0.00
3.89 6.69 2.95 7.02 0.00
3.86 6.72 2.87 6.90 0.00
3.80 6.71 2.88 7.10 0.00
3.81 6.76 2.81 6.80 0.00
3.77 6.77 2.77 6.77 0.00
3.73 6.80 2.73 6.71 0.00
3.68 6.78 2.69 6.67 0.00
3.62 6.79 2.63 6.63 0.00
3.57 6.77 2.57 6.74 0.00
3.53 6.76 2.54 6.71 0.00
3.51 6.77 2.52 6.66 0.00
3.45 6.75 2.49 6.46 0.00
3.42 6.73 2.45 6.47 0.00
3.33 6.75 2.45 6.28 0.00
3.30 6.71 2.46 6.17 0.00
3.23 6.70 2.34 6.24 0.00
3.19 6.68 2.34 6.14 0.00
3.21 6.66 2.39 6.09 0.00
3.02 6.65 2.11 6.23 0.00
3.03 6.59 2.39 5.83 0.00
3.00 6.57 2.42 5.75 0.00
2.98 6.54 2.42 5.71 0.00
2.95 6.49 2.40 5.65 0.00
2.91 6.45 2.36 5.62 0.00
2.90 6.41 2.40 5.54 0.00
2.87 6.38 2.41 5.49 0.00
2.84 6.33 2.47 5.41 0.00
2.82 6.29 2.52 5.34 0.00
2.79 6.25 2.57 5.28 0.00
2.77 6.22 2.63 5.23 0.00
2.76 6.18 2.66 5.18 0.00
2.75 6.14 2.67 5.14 0.00
2.75 6.10 2.68 5.10 0.00
2.74 6.06 2.68 5.06 0.00
2.74 6.02 2.68 5.02 0.00
2.74 5.98 2.68 4.98 0.00
2.72 5.95 2.69 4.95 0.00
2.73 5.88 2.59 4.89 0.00
2.72 5.86 2.66 4.86 0.00
2.73 5.82 2.65 4.82 0.00
2.72 5.78 2.62 4.78 0.00
2.72 5.74 2.61 4.75 0.00
2.72 5.70 2.59 4.71 0.00
2.72 5.67 2.61 4.67 0.00
2.71 5.62 2.55 4.63 0.00
2.70 5.58 2.55 4.59 0.00
2.70 5.54 2.56 4.55 0.00
2.69 5.50 2.56 4.51 0.00
2.69 5.46 2.57 4.47 0.00
2.68 5.42 2.59 4.42 0.00
2.67 5.38 2.62 4.39 0.00
2.67 5.34 2.63 4.34 0.00
2.66 5.30 2.64 4.30 0.00
2.66 5.26 2.66 4.26 0.00
2.65 5.22 2.67 4.22 0.00
2.65 5.19 2.67 4.19 0.00
2.65 5.15 2.66 4.15 0.00
2.65 5.09 2.65 4.09 0.00
2.66 5.06 2.66 4.06 0.00
2.66 5.02 2.65 4.02 0.00
2.66 4.98 2.63 3.98 0.00
2.66 4.95 2.60 3.95 0.00
2.66 4.90 2.49 3.92 0.00
2.66 4.87 2.45 3.89 0.00
2.65 4.83 2.39 3.86 0.00
2.66 4.79 2.34 3.84 0.00
2.66 4.75 2.30 3.82 0.00
2.65 4.71 2.28 3.78 0.00
2.63 4.66 2.28 3.73 0.00
2.61 4.63 2.24 3.70 0.00
2.60 4.60 2.25 3.66 0.00
2.58 4.55 2.22 3.61 0.00
2.56 4.51 2.21 3.57 0.00
2.55 4.47 2.19 3.53 0.00
2.53 4.43 2.17 3.49 0.00
2.52 4.39 2.16 3.46 0.00
2.50 4.35 2.13 3.42 0.00
2.49 4.31 2.11 3.38 0.00
2.46 4.26 2.20 3.30 0.00
2.44 4.22 2.25 3.24 0.00
2.41 4.17 2.32 3.18 0.00
2.39 4.13 2.39 3.13 0.00
2.38 4.08 2.42 3.09 0.00
2.38 4.05 2.42 3.05 0.00
2.38 4.00 2.42 3.00 0.00
2.38 3.96 2.44 2.97 0.00
2.38 3.92 2.44 2.92 0.00
2.38 3.88 2.45 2.89 0.00
2.39 3.85 2.47 2.85 0.00
2.39 3.81 2.46 2.81 0.00
2.39 3.77 2.46 2.77 0.00
2.39 3.73 2.47 2.73 0.00
2.41 3.68 2.47 2.69 0.00
2.40 3.65 2.47 2.65 0.00
2.43 3.62 2.40 2.62 0.00
2.42 3.58 2.37 2.58 0.00
2.42 3.53 2.40 2.53 0.00
2.42 3.50 2.38 2.50 0.00
2.42 3.46 2.41 2.46 0.00
2.42 3.42 2.38 2.42 0.00
2.42 3.38 2.36 2.38 0.00
2.42 3.34 2.35 2.34 0.00
2.42 3.30 2.35 2.30 0.00
2.42 3.26 2.33 2.26 0.00
2.42 3.22 2.32 2.22 0.00
2.41 3.18 2.31 2.18 0.00
2.41 3.14 2.31 2.14 0.00
2.40 3.10 2.30 2.10 0.00
2.40 3.06 2.29 2.06 0.00
2.40 3.02 2.28 2.03 0.00
2.39 2.98 2.29 1.99 0.00
2.39 2.94 2.29 1.95 0.00
2.38 2.90 2.29 1.91 0.00
2.38 2.87 2.28 1.87 0.00
2.38 2.84 2.36 1.84 0.00
2.37 2.78 2.29 1.79 0.00
2.37 2.75 2.33 1.75 0.00
2.36 2.70 2.31 1.70 0.00
2.36 2.66 2.33 1.66 0.00
2.36 2.63 2.33 1.63 0.00
2.35 2.60 2.42 1.60 0.00
2.36 2.54 2.34 1.54 0.00
2.37 2.50 2.40 1.50 0.00
2.36 2.47 2.37 1.47 0.00
2.35 2.42 2.34 1.42 0.00
2.35 2.40 2.39 1.40 0.00
2.37 2.37 2.46 1.38 0.00
2.38 2.36 2.49 1.36 0.00
2.37 2.27 2.42 1.28 0.00
2.36 2.24 2.39 1.24 0.00
2.36 2.21 2.40 1.21 0.00
2.36 2.16 2.39 1.16 0.00
2.36 2.12 2.39 1.12 0.00
2.37 2.05 2.29 1.05 0.00
2.37 2.04 2.39 1.04 0.00
2.37 2.00 2.38 1.00 0.00
2.37 1.96 2.37 0.96 0.00
2.38 1.92 2.39 0.92 0.00
2.38 1.88 2.39 0.88 0.00
2.38 1.84 2.33 0.84 0.00
2.39 1.80 2.34 0.80 0.00
2.38 1.78 2.37 0.78 0.00
2.39 1.75 2.36 0.75 0.00
2.38 1.72 2.47 0.72 0.00
2.38 1.66 2.40 0.66 0.00
2.38 1.62 2.41 0.62 0.00
2.38 1.57 2.34 0.57 0.00
2.38 1.55 2.40 0.55 0.00
2.38 1.50 2.38 0.50 0.00
2.38 1.46 2.40 0.46 0.00
2.38 1.41 2.39 0.41 0.00
2.39 1.36 2.37 0.36 0.00
2.39 1.34 2.41 0.34 0.00
2.39 1.33 2.52 0.34 0.00
2.40 1.28 2.44 0.28 0.00
2.38 1.21 2.40 0.21 0.00
2.38 1.18 2.40 0.18 0.00
2.38 1.16 2.36 0.16 0.00
2.38 1.11 2.38 0.11 0.00
2.38 1.08 2.39 0.08 0.00
2.40 1.04 2.43 0.04 0.00
2.38 0.99 2.37 -0.01 0.00
2.38 0.96 2.39 -0.04 0.00
2.38 0.91 2.38 -0.09 0.00
2.38 0.88 2.38 -0.12 0.00
2.38 0.83 2.37 -0.17 0.00
2.37 0.79 2.34 -0.21 0.00
2.38 0.75 2.38 -0.25 0.00
2.38 0.71 2.36 -0.29 0.00
2.38 0.68 2.35 -0.32 0.00
2.40 0.63 2.36 -0.37 0.00
2.38 0.59 2.35 -0.41 0.00
2.38 0.55 2.38 -0.45 0.00
2.38 0.54 2.44 -0.46 0.00
2.39 0.51 2.42 -0.49 0.00
2.39 0.46 2.37 -0.54 0.00
2.40 0.42 2.39 -0.58 0.00
2.39 0.38 2.39 -0.62 0.00
2.39 0.34 2.39 -0.66 0.00
2.39 0.30 2.38 -0.70 0.00
2.39 0.26 2.39 -0.74 0.00
2.39 0.20 2.33 -0.80 0.00
2.39 0.17 2.34 -0.83 0.00
2.39 0.14 2.41 -0.86 0.00
2.39 0.10 2.43 -0.90 0.00
2.40 0.07 2.44 -0.93 0.00
2.41 0.03 2.46 -0.97 0.00
2.41 -0.01 2.49 -1.01 0.00
2.43 -0.05 2.52 -1.05 0.00
2.43 -0.10 2.50 -1.10 0.00
2.45 -0.12 2.53 -1.12 0.00
2.46 -0.17 2.51 -1.17 0.00
2.47 -0.21 2.45 -1.21 0.00
2.45 -0.26 2.50 -1.25 0.00
2.45 -0.29 2.47 -1.29 0.00
2.45 -0.34 2.52 -1.34 0.00
2.45 -0.38 2.47 -1.37 0.00
2.45 -0.43 2.44 -1.43 0.00
2.46 -0.46 2.51 -1.45 0.00
2.47 -0.51 2.51 -1.51 0.00
2.46 -0.54 2.47 -1.54 0.00
2.45 -0.58 2.48 -1.58 0.00
2.45 -0.61 2.50 -1.61 0.00
2.45 -0.65 2.46 -1.65 0.00
2.47 -0.71 2.54 -1.70 0.00
2.46 -0.74 2.51 -1.74 0.00
2.47 -0.78 2.47 -1.78 0.00
2.47 -0.82 2.48 -1.82 0.00
2.49 -0.85 2.50 -1.85 0.00
2.47 -0.90 2.47 -1.90 0.00
2.47 -0.95 2.47 -1.95 0.00
2.49 -1.01 2.36 -2.00 0.00
2.49 -1.03 2.44 -2.03 0.00
2.49 -1.05 2.51 -2.05 0.00
2.48 -1.10 2.46 -2.10 0.00
2.47 -1.15 2.47 -2.15 0.00
2.47 -1.18 2.43 -2.18 0.00
2.47 -1.22 2.44 -2.22 0.00
2.47 -1.26 2.41 -2.26 0.00
2.48 -1.29 2.46 -2.29 0.00
2.49 -1.36 2.39 -2.35 0.00
2.48 -1.40 2.42 -2.40 0.00
2.49 -1.44 2.36 -2.43 0.00
2.49 -1.48 2.38 -2.48 0.00
2.49 -1.52 2.39 -2.52 0.00
2.48 -1.57 2.36 -2.56 0.00
2.47 -1.61 2.33 -2.60 0.00
2.46 -1.64 2.31 -2.63 0.00
2.46 -1.68 2.28 -2.67 0.00
2.45 -1.72 2.28 -2.71 0.00
2.45 -1.76 2.26 -2.75 0.00
2.44 -1.81 2.25 -2.79 0.00
2.43 -1.85 2.25 -2.83 0.00
2.43 -1.88 2.25 -2.87 0.00
2.42 -1.92 2.26 -2.91 0.00
2.41 -1.96 2.26 -2.95 0.00
2.40 -2.00 2.28 -3.00 0.00
2.40 -2.04 2.31 -3.04 0.00
2.39 -2.08 2.30 -3.08 0.00
2.39 -2.12 2.28 -3.11 0.00
2.38 -2.16 2.29 -3.16 0.00
2.38 -2.20 2.28 -3.20 0.00
2.38 -2.24 2.27 -3.24 0.00
2.37 -2.28 2.26 -3.28 0.00
2.37 -2.32 2.23 -3.31 0.00
2.37 -2.36 2.22 -3.35 0.00
2.36 -2.40 2.19 -3.38 0.00
2.36 -2.44 2.19 -3.43 0.00
2.35 -2.48 2.17 -3.47 0.00
2.35 -2.52 2.16 -3.50 0.00
2.34 -2.56 2.16 -3.55 0.00
2.34 -2.60 2.12 -3.57 0.00
2.33 -2.63 2.14 -3.61 0.00
2.32 -2.67 2.19 -3.66 0.00
2.33 -2.68 2.28 -3.68 0.00
2.37 -2.72 1.95 -3.63 0.00
2.30 -2.78 2.12 -3.77 0.00
2.29 -2.84 2.08 -3.82 0.00
2.29 -2.86 2.11 -3.85 0.00
2.28 -2.91 1.96 -3.86 0.00
2.29 -2.94 1.91 -3.87 0.00
2.26 -2.99 1.63 -3.76 0.00
2.26 -3.00 1.76 -3.86 0.00
2.23 -3.05 1.68 -3.89 0.00
2.25 -3.07 1.59 -3.82 0.00
2.22 -3.11 1.72 -3.97 0.00
2.20 -3.15 2.03 -4.13 0.00
2.18 -3.15 1.95 -4.12 0.00
2.16 -3.23 2.19 -4.23 0.00
2.14 -3.22 2.40 -4.19 0.00
2.12 -3.25 2.10 -4.25 0.00
2.18 -3.30 2.49 -4.25 0.00
2.20 -3.35 2.50 -4.30 0.00
2.21 -3.38 2.52 -4.33 0.00
2.19 -3.41 2.37 -4.39 0.00
2.20 -3.45 2.36 -4.44 0.00
2.20 -3.49 2.29 -4.49 0.00
2.21 -3.54 2.36 -4.53 0.00
2.15 -3.59 2.44 -4.54 0.00
2.20 -3.62 2.32 -4.61 0.00
2.20 -3.63 2.15 -4.63 0.00
2.22 -3.70 2.33 -4.70 0.00
2.24 -3.70 2.31 -4.70 0.00
2.25 -3.76 2.22 -4.76 0.00
2.27 -3.79 2.16 -4.79 0.00
2.28 -3.85 2.24 -4.85 0.00
2.28 -3.91 2.17 -4.90 0.00
2.28 -3.93 2.23 -4.93 0.00
2.30 -3.97 2.10 -4.95 0.00
2.29 -4.00 2.09 -4.98 0.00
2.28 -4.05 1.97 -4.99 0.00
2.28 -4.08 1.83 -4.97 0.00
2.28 -4.13 1.89 -5.05 0.00
2.26 -4.18 1.67 -4.99 0.00
2.27 -4.22 1.67 -5.02 0.00
2.25 -4.25 1.63 -5.03 0.00
2.20 -4.30 1.48 -4.99 0.00
2.19 -4.34 1.55 -5.11 0.00
2.17 -4.38 1.56 -5.17 0.00
2.10 -4.42 1.34 -5.07 0.00
2.10 -4.43 1.28 -5.00 0.00
2.07 -4.46 1.19 -4.93 0.00
2.07 -4.46 1.12 -4.16 1.00
2.07 -4.46 1.61 -3.58 1.00
2.07 -4.46 2.37 -3.51 1.00
2.09 -4.42 2.30 -3.45 0.00
2.09 -4.39 2.26 -3.40 0.00
2.06 -4.36 2.23 -3.37 0.00
2.12 -4.34 1.99 -3.34 0.00
2.15 -4.23 2.22 -3.23 0.00
2.18 -4.21 2.15 -3.21 0.00
2.18 -4.16 2.37 -3.17 0.00
2.17 -4.15 2.15 -3.15 0.00
2.15 -4.11 2.27 -3.11 0.00
2.16 -4.05 2.23 -3.06 0.00
2.17 -4.01 2.06 -3.02 0.00
2.20 -3.94 2.29 -2.94 0.00
2.15 -3.89 1.97 -2.91 0.00
2.17 -3.89 2.08 -2.89 0.00
2.19 -3.84 2.08 -2.84 0.00
2.10 -3.76 2.10 -2.76 0.00
2.06 -3.72 2.95 -3.26 1.00
2.07 -3.72 2.84 -3.09 0.00
2.13 -3.65 3.03 -3.21 0.00
2.18 -3.68 3.07 -3.21 0.00
2.20 -3.66 3.08 -3.19 0.00
2.23 -3.65 3.11 -3.18 0.00
2.27 -3.62 3.13 -3.11 0.00
2.33 -3.60 3.23 -3.15 0.00
2.38 -3.56 3.20 -2.98 0.00
2.40 -3.54 3.24 -3.01 0.00
2.42 -3.52 3.27 -3.00 0.00
2.46 -3.50 3.30 -2.96 0.00
2.49 -3.49 3.30 -2.90 0.00
2.52 -3.46 3.24 -2.77 0.00
2.55 -3.44 3.24 -2.71 0.00
2.59 -3.43 3.15 -2.60 0.00
2.62 -3.40 3.12 -2.54 0.00
2.64 -3.38 3.15 -2.51 0.00
2.66 -3.34 3.14 -2.46 0.00
2.69 -3.30 3.13 -2.41 0.00
2.71 -3.27 3.09 -2.34 0.00
2.72 -3.23 3.04 -2.28 0.00
2.74 -3.18 2.89 -2.19 0.00
2.76 -3.16 2.90 -2.17 0.00
2.78 -3.13 2.82 -2.13 0.00
2.80 -3.08 2.75 -2.08 0.00
2.80 -3.05 2.68 -2.06 0.00
2.81 -3.01 2.64 -2.02 0.00
2.82 -2.97 2.61 -1.99 0.00
2.80 -2.93 2.59 -1.95 0.00
2.79 -2.89 2.55 -1.91 0.00
2.79 -2.84 2.45 -1.90 0.00
2.78 -2.79 2.39 -1.87 0.00
2.77 -2.74 2.27 -1.87 0.00
2.74 -2.69 2.15 -1.88 0.00
2.75 -2.65 2.09 -1.90 0.00
2.73 -2.61 1.99 -1.93 0.00
2.71 -2.56 1.90 -1.98 0.00
2.68 -2.54 1.89 -1.93 0.00
2.65 -2.51 1.87 -1.88 0.00
2.62 -2.49 1.84 -1.86 0.00
2.59 -2.46 1.81 -1.84 0.00
2.56 -2.44 1.79 -1.80 0.00
2.52 -2.41 1.76 -1.77 0.00
2.49 -2.39 1.74 -1.73 0.00
2.47 -2.37 1.74 -1.69 0.00
2.43 -2.34 1.70 -1.66 0.00
2.40 -2.32 1.68 -1.63 0.00
2.37 -2.29 1.65 -1.60 0.00
2.34 -2.26 1.58 -1.62 0.00
2.31 -2.23 1.48 -1.67 0.00
2.27 -2.20 1.39 -1.74 0.00
2.24 -2.17 1.32 -1.79 0.00
2.21 -2.13 1.25 -1.87 0.00
2.18 -2.10 1.20 -1.93 0.00
2.15 -2.07 1.15 -2.03 0.00
2.11 -2.06 1.11 -2.03 0.00
2.07 -2.06 1.07 -2.01 0.00
