-2.50 -7.40 -1.58 -7.00 0.00
-2.46 -7.38 -1.55 -6.97 0.00
-2.43 -7.37 -1.52 -6.95 0.00
-2.39 -7.35 -1.48 -6.95 0.00
-2.35 -7.33 -1.44 -6.93 0.00
-2.32 -7.32 -1.41 -6.90 0.00
-2.28 -7.30 -1.37 -6.89 0.00
-2.24 -7.28 -1.33 -6.88 0.00
-2.20 -7.27 -1.29 -6.86 0.00
-2.17 -7.25 -1.26 -6.84 0.00
-2.13 -7.24 -1.22 -6.82 0.00
-2.10 -7.22 -1.19 -6.80 0.00
-2.06 -7.20 -1.16 -6.77 0.00
-2.03 -7.21 -1.12 -6.81 0.00
-1.99 -7.18 -1.09 -6.75 0.00
-1.93 -7.17 -1.10 -6.63 0.00
-1.92 -7.19 -1.09 -6.64 0.00
-1.92 -7.19 -0.94 -7.38 1.00
-1.89 -7.20 -0.91 -7.40 0.00
-1.85 -7.21 -0.86 -7.40 0.00
-1.80 -7.22 -0.81 -7.35 0.00
-1.77 -7.22 -0.79 -7.41 0.00
-1.73 -7.23 -0.75 -7.41 0.00
-1.69 -7.24 -0.71 -7.41 0.00
-1.65 -7.25 -0.67 -7.41 0.00
-1.62 -7.25 -0.64 -7.44 0.00
-1.58 -7.26 -0.59 -7.42 0.00
-1.54 -7.27 -0.55 -7.40 0.00
-1.50 -7.28 -0.50 -7.37 0.00
-1.46 -7.29 -0.46 -7.31 0.00
-1.42 -7.31 -0.42 -7.22 0.00
-1.39 -7.32 -0.39 -7.20 0.00
-1.35 -7.34 -0.36 -7.25 0.00
-1.28 -7.34 -0.28 -7.29 0.00
-1.25 -7.35 -0.25 -7.31 0.00
-1.20 -7.35 -0.21 -7.20 0.00
-1.17 -7.35 -0.18 -7.17 0.00
-1.12 -7.35 -0.16 -7.08 0.00
-1.08 -7.35 -0.13 -7.03 0.00
-1.04 -7.34 -0.11 -6.98 0.00
-1.00 -7.34 -0.09 -6.93 0.00
-0.96 -7.33 -0.05 -6.92 0.00
-0.97 -7.34 0.01 -7.12 0.00
-0.88 -7.34 -0.05 -6.79 0.00
-0.79 -7.32 -0.02 -6.68 0.00
-0.78 -7.31 0.07 -6.78 0.00
-0.76 -7.27 0.14 -6.83 0.00
-0.75 -7.27 0.18 -6.90 0.00
-0.70 -7.23 0.17 -6.74 0.00
-0.65 -7.20 0.14 -6.59 0.00
-0.59 -7.20 0.18 -6.56 0.00
-0.55 -7.16 0.15 -6.45 0.00
-0.48 -7.14 0.14 -6.36 0.00
-0.47 -7.10 0.12 -6.29 0.00
-0.45 -7.07 0.09 -6.23 0.00
-0.43 -7.03 0.12 -6.20 0.00
-0.40 -6.99 0.16 -6.16 0.00
-0.37 -6.95 0.14 -6.09 0.00
-0.35 -6.91 0.12 -6.02 0.00
-0.32 -6.87 0.09 -5.96 0.00
-0.29 -6.83 0.06 -5.90 0.00
-0.27 -6.79 0.03 -5.84 0.00
-0.24 -6.75 0.00 -5.78 0.00
-0.22 -6.71 -0.02 -5.73 0.00
-0.21 -6.67 -0.03 -5.69 0.00
-0.20 -6.63 -0.02 -5.65 0.00
-0.19 -6.59 -0.04 -5.60 0.00
-0.18 -6.55 -0.04 -5.56 0.00
-0.17 -6.51 -0.05 -5.52 0.00
-0.17 -6.47 -0.06 -5.48 0.00
-0.16 -6.43 -0.07 -5.44 0.00
-0.16 -6.39 -0.07 -5.39 0.00
-0.15 -6.35 -0.09 -5.35 0.00
-0.15 -6.31 -0.10 -5.31 0.00
-0.14 -6.27 -0.11 -5.27 0.00
-0.14 -6.23 -0.13 -5.23 0.00
-0.14 -6.19 -0.14 -5.19 0.00
-0.14 -6.15 -0.16 -5.15 0.00
-0.13 -6.11 -0.16 -5.11 0.00
-0.13 -6.07 -0.17 -5.08 0.00
-0.13 -6.03 -0.17 -5.04 0.00
-0.14 -5.99 -0.16 -5.00 0.00
-0.13 -5.95 -0.17 -4.96 0.00
-0.14 -5.92 -0.17 -4.92 0.00
-0.14 -5.87 -0.17 -4.87 0.00
-0.14 -5.84 -0.17 -4.84 0.00
-0.14 -5.80 -0.15 -4.80 0.00
-0.14 -5.76 -0.17 -4.76 0.00
-0.14 -5.72 -0.18 -4.72 0.00
-0.15 -5.68 -0.18 -4.68 0.00
-0.15 -5.63 -0.19 -4.64 0.00
-0.15 -5.59 -0.20 -4.60 0.00
-0.15 -5.55 -0.21 -4.55 0.00
-0.15 -5.51 -0.21 -4.52 0.00
-0.15 -5.47 -0.21 -4.48 0.00
-0.15 -5.43 -0.22 -4.44 0.00
-0.16 -5.39 -0.22 -4.40 0.00
-0.16 -5.35 -0.22 -4.36 0.00
-0.16 -5.31 -0.30 -4.32 0.00
-0.15 -5.27 -0.35 -4.29 0.00
-0.15 -5.23 -0.40 -4.26 0.00
-0.15 -5.19 -0.45 -4.24 0.00
-0.16 -5.15 -0.47 -4.20 0.00
-0.17 -5.11 -0.50 -4.17 0.00
-0.18 -5.08 -0.52 -4.13 0.00
-0.19 -5.04 -0.54 -4.10 0.00
-0.21 -5.00 -0.55 -4.06 0.00
-0.22 -4.96 -0.55 -4.01 0.00
-0.23 -4.92 -0.53 -3.97 0.00
-0.25 -4.88 -0.52 -3.92 0.00
-0.26 -4.84 -0.49 -3.87 0.00
-0.28 -4.80 -0.49 -3.83 0.00
-0.29 -4.76 -0.46 -3.78 0.00
-0.30 -4.72 -0.41 -3.73 0.00
-0.30 -4.68 -0.46 -3.69 0.00
-0.30 -4.64 -0.48 -3.66 0.00
-0.30 -4.60 -0.49 -3.62 0.00
-0.31 -4.56 -0.52 -3.59 0.00
-0.32 -4.52 -0.50 -3.54 0.00
-0.33 -4.48 -0.51 -3.50 0.00
-0.33 -4.44 -0.53 -3.46 0.00
-0.34 -4.40 -0.52 -3.42 0.00
-0.35 -4.37 -0.51 -3.38 0.00
-0.36 -4.32 -0.56 -3.35 0.00
-0.36 -4.28 -0.56 -3.30 0.00
-0.37 -4.25 -0.59 -3.27 0.00
-0.38 -4.21 -0.56 -3.22 0.00
-0.38 -4.17 -0.57 -3.19 0.00
-0.39 -4.13 -0.57 -3.15 0.00
-0.38 -4.10 -0.60 -3.12 0.00
-0.38 -4.05 -0.75 -3.12 0.00
-0.39 -4.00 -0.83 -3.11 0.00
-0.40 -3.96 -0.88 -3.09 0.00
-0.40 -3.92 -0.99 -3.10 0.00
-0.40 -3.87 -1.11 -3.16 0.00
-0.42 -3.83 -1.10 -3.10 0.00
-0.43 -3.81 -1.21 -3.18 0.00
-0.48 -3.77 -1.12 -2.99 0.00
-0.50 -3.73 -1.19 -3.01 0.00
-0.56 -3.72 -1.23 -2.98 0.00
-0.57 -3.68 -1.28 -2.98 0.00
-0.61 -3.66 -1.35 -2.98 0.00
-0.66 -3.62 -1.44 -3.00 0.00
-0.70 -3.59 -1.54 -3.06 0.00
-0.67 -3.55 -1.50 -3.00 0.00
-0.71 -3.54 -1.54 -2.98 0.00
-0.73 -3.54 -0.97 -2.57 1.00
-0.73 -3.53 -0.99 -2.56 0.00
-0.73 -3.49 -0.91 -2.51 0.00
-0.76 -3.45 -0.75 -2.45 0.00
-0.75 -3.45 -0.81 -2.45 0.00
-0.79 -3.34 -0.80 -2.34 0.00
-0.79 -3.31 -0.75 -2.31 0.00
-0.80 -3.26 -0.71 -2.27 0.00
-0.80 -3.23 -0.66 -2.23 0.00
-0.80 -3.17 -0.63 -2.19 0.00
-0.80 -3.12 -0.66 -2.13 0.00
-0.81 -3.08 -0.58 -2.11 0.00
-0.80 -3.06 -0.61 -2.08 0.00
-0.79 -3.03 -0.62 -2.04 0.00
-0.78 -2.98 -0.58 -2.00 0.00
-0.76 -2.95 -0.60 -1.96 0.00
-0.75 -2.89 -0.45 -1.93 0.00
-0.74 -2.85 -0.50 -1.88 0.00
-0.73 -2.79 -0.20 -1.94 0.00
-0.72 -2.73 -0.37 -1.80 0.00
-0.71 -2.69 -0.31 -1.77 0.00
-0.67 -2.63 -0.45 -1.65 0.00
-0.67 -2.61 -0.12 -1.78 0.00
-0.66 -2.56 -0.15 -1.70 0.00
-0.63 -2.52 0.15 -1.90 0.00
-0.57 -2.43 -0.06 -1.57 0.00
-0.56 -2.42 0.01 -1.59 0.00
-0.55 -2.41 0.17 -1.71 0.00
-0.51 -2.40 0.21 -1.71 0.00
-0.48 -2.36 0.26 -1.68 0.00
-0.47 -2.32 0.26 -1.64 0.00
-0.44 -2.29 0.29 -1.62 0.00
-0.41 -2.26 0.33 -1.59 0.00
-0.38 -2.23 0.40 -1.59 0.00
-0.34 -2.20 0.47 -1.61 0.00
-0.30 -2.16 0.56 -1.65 0.00
-0.27 -2.13 0.63 -1.68 0.00
-0.23 -2.10 0.70 -1.73 0.00
-0.19 -2.07 0.77 -1.78 0.00
-0.15 -2.04 0.83 -1.85 0.00
-0.12 -2.02 0.87 -1.86 0.00
-0.08 -2.01 0.91 -1.86 0.00
-0.04 -2.00 0.95 -1.85 0.00
0.01 -2.00 1.00 -1.84 0.00
0.04 -1.99 1.03 -1.86 0.00
0.08 -1.98 1.07 -1.86 0.00
0.12 -1.98 1.11 -1.86 0.00
0.16 -1.97 1.15 -1.85 0.00
0.20 -1.97 1.20 -1.86 0.00
0.24 -1.96 1.24 -1.93 0.00
0.28 -1.96 1.28 -1.96 0.00
0.33 -1.95 1.33 -2.02 0.00
0.37 -1.95 1.36 -2.04 0.00
0.41 -1.94 1.40 -2.09 0.00
0.45 -1.94 1.43 -2.12 0.00
0.49 -1.95 1.48 -2.13 0.00
0.53 -1.95 1.51 -2.13 0.00
0.57 -1.96 1.55 -2.14 0.00
0.61 -1.97 1.59 -2.15 0.00
0.65 -1.97 1.63 -2.17 0.00
0.69 -1.98 1.67 -2.18 0.00
0.73 -1.99 1.71 -2.19 0.00
0.76 -1.98 1.74 -2.21 0.00
0.80 -2.00 1.78 -2.20 0.00
0.85 -2.00 1.83 -2.20 0.00
0.89 -2.00 1.84 -2.31 0.00
0.93 -2.01 1.88 -2.34 0.00
0.98 -2.02 1.92 -2.36 0.00
1.01 -2.03 1.94 -2.42 0.00
1.05 -2.04 1.97 -2.42 0.00
1.08 -2.06 2.01 -2.43 0.00
1.12 -2.07 2.04 -2.47 0.00
1.16 -2.08 2.06 -2.50 0.00
1.19 -2.10 2.10 -2.52 0.00
1.23 -2.11 2.14 -2.53 0.00
1.27 -2.13 2.19 -2.52 0.00
1.30 -2.14 2.22 -2.53 0.00
1.34 -2.16 2.30 -2.46 0.00
1.38 -2.18 2.34 -2.46 0.00
1.42 -2.20 2.41 -2.36 0.00
1.43 -2.21 2.38 -2.53 0.00
1.47 -2.21 2.39 -2.59 0.00
1.49 -2.23 2.44 -2.57 0.00
1.51 -2.26 2.50 -2.45 0.00
1.75 -2.16 1.65 -3.15 0.00
1.61 -2.28 2.56 -2.61 0.00
1.65 -2.30 2.60 -2.60 0.00
1.71 -2.31 2.64 -2.67 0.00
1.72 -2.32 2.67 -2.63 0.00
1.75 -2.31 2.75 -2.27 0.00
1.82 -2.35 2.78 -2.62 0.00
1.87 -2.34 2.85 -2.54 0.00
1.89 -2.36 2.87 -2.55 0.00
1.93 -2.38 2.91 -2.56 0.00
1.95 -2.39 2.94 -2.54 0.00
2.00 -2.40 2.99 -2.46 0.00
2.02 -2.41 3.02 -2.40 0.00
2.06 -2.41 3.06 -2.34 0.00
2.10 -2.42 3.10 -2.30 0.00
2.14 -2.42 3.13 -2.26 0.00
2.18 -2.42 3.17 -2.27 0.00
2.22 -2.42 3.20 -2.22 0.00
2.26 -2.41 3.24 -2.22 0.00
2.30 -2.40 3.27 -2.14 0.00
2.34 -2.39 3.27 -2.04 0.00
2.38 -2.38 3.27 -1.92 0.00
2.42 -2.38 3.25 -1.82 0.00
2.46 -2.37 3.22 -1.71 0.00
2.50 -2.36 3.18 -1.63 0.00
2.54 -2.35 3.15 -1.56 0.00
2.57 -2.33 3.15 -1.51 0.00
2.59 -2.29 3.17 -1.48 0.00
2.62 -2.26 3.20 -1.44 0.00
2.65 -2.23 3.23 -1.42 0.00
2.67 -2.19 3.25 -1.38 0.00
2.69 -2.14 3.33 -1.37 0.00
2.71 -2.11 3.24 -1.27 0.00
2.75 -2.08 3.23 -1.20 0.00
2.77 -2.05 3.16 -1.12 0.00
2.80 -2.01 3.11 -1.06 0.00
2.83 -1.97 2.99 -0.98 0.00
2.85 -1.94 2.91 -0.94 0.00
2.88 -1.90 2.87 -0.90 0.00
2.87 -1.87 2.98 -0.88 0.00
2.88 -1.82 2.86 -0.82 0.00
2.88 -1.80 2.75 -0.81 0.00
2.87 -1.74 2.84 -0.75 0.00
2.87 -1.69 2.87 -0.69 0.00
2.87 -1.64 2.93 -0.65 0.00
2.87 -1.60 2.94 -0.61 0.00
2.88 -1.56 2.93 -0.57 0.00
2.88 -1.52 2.93 -0.52 0.00
2.88 -1.48 2.92 -0.48 0.00
2.89 -1.44 2.91 -0.44 0.00
2.89 -1.40 2.89 -0.40 0.00
2.91 -1.36 2.93 -0.36 0.00
2.89 -1.32 2.88 -0.32 0.00
2.89 -1.28 2.86 -0.28 0.00
2.89 -1.24 2.84 -0.25 0.00
2.89 -1.20 2.80 -0.21 0.00
2.89 -1.16 2.75 -0.17 0.00
2.90 -1.11 2.68 -0.13 0.00
2.89 -1.08 2.69 -0.10 0.00
2.89 -1.04 2.65 -0.07 0.00
2.89 -1.01 2.61 -0.04 0.00
2.88 -0.96 2.57 -0.01 0.00
2.87 -0.92 2.55 0.02 0.00
2.86 -0.88 2.51 0.06 0.00
2.84 -0.84 2.50 0.10 0.00
2.83 -0.79 2.45 0.14 0.00
2.82 -0.76 2.39 0.15 0.00
2.80 -0.72 2.31 0.16 0.00
2.79 -0.67 2.25 0.17 0.00
2.76 -0.64 2.16 0.16 0.00
2.76 -0.59 2.15 0.20 0.00
2.74 -0.55 2.10 0.21 0.00
2.71 -0.51 2.07 0.25 0.00
2.68 -0.48 2.06 0.30 0.00
2.65 -0.44 2.01 0.33 0.00
2.62 -0.40 1.99 0.38 0.00
2.59 -0.37 1.97 0.42 0.00
2.56 -0.33 1.89 0.41 0.00
2.53 -0.29 1.82 0.41 0.00
2.51 -0.25 1.74 0.38 0.00
2.48 -0.22 1.68 0.37 0.00
2.46 -0.18 1.60 0.34 0.00
2.45 -0.13 1.59 0.38 0.00
2.41 -0.11 1.55 0.39 0.00
2.38 -0.12 1.55 0.44 0.00
2.31 -0.07 1.45 0.44 0.00
2.27 -0.06 1.43 0.47 0.00
2.24 -0.04 1.34 0.40 0.00
2.19 -0.02 1.35 0.52 0.00
2.17 0.00 1.35 0.57 0.00
2.13 0.03 1.30 0.59 0.00
2.06 0.03 1.13 0.39 0.00
2.07 0.05 1.26 0.64 0.00
2.07 0.05 1.63 0.95 1.00
1.99 0.08 1.21 0.71 0.00
2.02 0.13 1.53 1.00 0.00
2.02 0.17 1.49 1.02 0.00
1.99 0.21 1.49 1.07 0.00
1.98 0.24 1.49 1.11 0.00
1.93 0.26 1.31 1.04 0.00
1.94 0.32 1.68 1.29 0.00
1.90 0.36 1.65 1.33 0.00
1.86 0.46 1.96 1.46 0.00
1.79 0.49 1.75 1.49 0.00
1.78 0.48 1.55 1.45 0.00
1.81 0.51 1.60 1.48 0.00
1.81 0.54 1.67 1.53 0.00
1.80 0.58 1.69 1.57 0.00
1.79 0.62 1.70 1.61 0.00
1.79 0.66 1.71 1.65 0.00
1.79 0.66 2.44 1.42 1.00
1.82 0.69 2.46 1.45 0.00
1.83 0.72 2.49 1.47 0.00
1.82 0.77 2.53 1.48 0.00
1.84 0.80 2.54 1.51 0.00
1.92 0.82 2.50 1.63 0.00
1.90 0.82 2.25 1.76 0.00
1.99 0.88 2.53 1.72 0.00
1.99 0.92 2.47 1.80 0.00
2.05 0.94 2.63 1.75 0.00
2.05 0.97 2.44 1.89 0.00
2.10 1.03 2.33 2.00 0.00
2.10 1.06 2.50 1.98 0.00
2.12 1.09 2.38 2.06 0.00
2.16 1.15 2.42 2.12 0.00
2.18 1.18 2.57 2.10 0.00
2.18 1.20 2.49 2.16 0.00
2.21 1.27 2.51 2.23 0.00
2.20 1.30 2.48 2.26 0.00
2.23 1.33 2.51 2.29 0.00
2.23 1.36 2.46 2.33 0.00
2.25 1.39 2.50 2.36 0.00
2.26 1.43 2.48 2.41 0.00
2.26 1.48 2.42 2.47 0.00
2.27 1.52 2.45 2.51 0.00
2.27 1.55 2.50 2.53 0.00
2.31 1.61 2.53 2.59 0.00
2.30 1.64 2.48 2.63 0.00
2.31 1.67 2.52 2.64 0.00
2.31 1.73 2.55 2.70 0.00
2.32 1.75 2.51 2.73 0.00
2.36 1.80 2.58 2.78 0.00
2.38 1.83 2.52 2.82 0.00
2.38 1.87 2.48 2.87 0.00
2.39 1.91 2.48 2.90 0.00
2.40 1.95 2.46 2.95 0.00
2.40 1.99 2.47 2.99 0.00
2.41 2.04 2.45 3.04 0.00
2.41 2.06 2.49 3.06 0.00
2.43 2.09 2.47 3.09 0.00
2.41 2.15 2.47 3.15 0.00
2.42 2.19 2.47 3.19 0.00
2.44 2.25 2.41 3.25 0.00
2.43 2.27 2.44 3.27 0.00
2.42 2.31 2.48 3.30 0.00
2.42 2.35 2.46 3.35 0.00
2.43 2.39 2.45 3.39 0.00
2.44 2.45 2.45 3.45 0.00
2.44 2.46 2.42 3.46 0.00
2.44 2.50 2.40 3.50 0.00
2.45 2.54 2.34 3.54 0.00
2.44 2.59 2.32 3.58 0.00
2.44 2.62 2.34 3.62 0.00
2.45 2.67 2.43 3.67 0.00
2.43 2.71 2.33 3.70 0.00
2.44 2.74 2.31 3.74 0.00
2.43 2.78 2.28 3.77 0.00
2.42 2.82 2.29 3.81 0.00
2.41 2.86 2.27 3.85 0.00
2.41 2.89 2.27 3.88 0.00
2.40 2.94 2.27 3.93 0.00
2.40 2.98 2.27 3.97 0.00
2.40 3.02 2.24 4.01 0.00
2.39 3.06 2.27 4.05 0.00
2.38 3.09 2.29 4.09 0.00
2.38 3.13 2.31 4.13 0.00
2.38 3.18 2.32 4.18 0.00
2.38 3.22 2.31 4.22 0.00
2.37 3.26 2.32 4.26 0.00
2.37 3.31 2.35 4.31 0.00
2.36 3.34 2.32 4.34 0.00
2.36 3.38 2.34 4.38 0.00
2.36 3.42 2.34 4.42 0.00
2.36 3.47 2.33 4.47 0.00
2.37 3.49 2.35 4.49 0.00
2.36 3.53 2.36 4.53 0.00
2.37 3.57 2.37 4.57 0.00
2.36 3.60 2.45 4.60 0.00
2.36 3.64 2.46 4.63 0.00
2.35 3.68 2.51 4.66 0.00
2.36 3.72 2.57 4.70 0.00
2.37 3.76 2.61 4.73 0.00
2.38 3.80 2.66 4.76 0.00
2.39 3.85 2.72 4.79 0.00
2.39 3.88 2.76 4.81 0.00
2.40 3.92 2.81 4.83 0.00
2.42 3.96 2.87 4.85 0.00
2.44 3.99 2.89 4.89 0.00
2.45 4.04 3.00 4.88 0.00
2.45 4.08 2.97 4.93 0.00
2.47 4.11 3.00 4.96 0.00
2.50 4.14 3.06 4.97 0.00
2.52 4.17 3.10 4.98 0.00
2.54 4.20 3.14 5.00 0.00
2.55 4.24 3.19 5.01 0.00
2.57 4.28 3.25 5.01 0.00
2.59 4.30 3.31 5.00 0.00
2.62 4.33 3.33 5.03 0.00
2.65 4.35 3.36 5.06 0.00
2.68 4.38 3.38 5.10 0.00
2.72 4.41 3.38 5.16 0.00
2.75 4.44 3.38 5.22 0.00
2.78 4.47 3.35 5.29 0.00
2.81 4.50 3.32 5.36 0.00
2.84 4.53 3.29 5.42 0.00
2.86 4.56 3.25 5.49 0.00
2.89 4.59 3.22 5.54 0.00
2.91 4.63 3.21 5.59 0.00
2.93 4.66 3.23 5.62 0.00
2.94 4.71 3.20 5.67 0.00
2.95 4.74 3.28 5.69 0.00
2.97 4.79 3.22 5.76 0.00
2.98 4.82 3.27 5.78 0.00
2.99 4.86 3.29 5.82 0.00
3.00 4.91 3.35 5.85 0.00
3.00 4.93 3.25 5.90 0.00
3.00 4.96 3.08 5.96 0.00
3.04 5.08 3.56 5.93 0.00
3.02 5.07 3.32 6.03 0.00
3.02 5.08 3.23 6.06 0.00
3.08 5.12 3.26 6.11 0.00
3.07 5.19 3.37 6.14 0.00
3.08 5.20 3.35 6.16 0.00
3.09 5.25 3.37 6.21 0.00
3.11 5.29 3.42 6.24 0.00
3.11 5.32 3.42 6.27 0.00
3.13 5.36 3.44 6.31 0.00
3.14 5.42 3.49 6.36 0.00
3.15 5.46 3.51 6.39 0.00
3.17 5.46 4.09 5.85 1.00
3.18 5.47 4.09 5.06 1.00
3.20 5.47 3.39 4.49 1.00
3.23 5.44 3.50 4.47 0.00
3.22 5.41 3.45 4.44 0.00
3.22 5.36 3.46 4.38 0.00
3.23 5.29 3.50 4.32 0.00
3.24 5.28 3.31 4.28 0.00
3.25 5.24 3.44 4.26 0.00
3.28 5.19 3.65 4.27 0.00
3.28 5.16 3.74 4.27 0.00
3.27 5.11 3.54 4.15 0.00
3.27 5.08 3.61 4.14 0.00
3.29 5.05 3.66 4.12 0.00
3.29 5.02 3.75 4.13 0.00
3.30 4.95 3.60 4.00 0.00
3.31 4.91 3.55 3.94 0.00
3.34 4.85 3.48 3.86 0.00
3.35 4.82 3.60 3.85 0.00
3.35 4.84 2.92 3.93 1.00
3.31 4.80 2.86 3.91 0.00
3.31 4.81 3.07 3.84 0.00
3.31 4.73 3.16 3.74 0.00
3.27 4.71 2.91 3.78 0.00
3.28 4.65 3.16 3.66 0.00
3.25 4.62 3.05 3.64 0.00
3.23 4.57 3.14 3.58 0.00
3.19 4.52 3.21 3.52 0.00
3.21 4.49 3.18 3.49 0.00
3.21 4.45 3.15 3.46 0.00
3.18 4.42 3.22 3.42 0.00
3.19 4.38 3.10 3.39 0.00
3.13 4.31 3.43 3.36 0.00
3.15 4.28 3.51 3.35 0.00
3.12 4.28 3.28 3.29 0.00
3.17 4.23 3.44 3.27 0.00
3.17 4.19 3.55 3.26 0.00
3.18 4.15 3.39 3.17 0.00
3.20 4.10 3.41 3.13 0.00
3.20 4.08 3.27 3.08 0.00
3.23 4.03 3.47 3.06 0.00
3.24 3.99 3.58 3.05 0.00
3.27 3.96 3.61 3.02 0.00
3.25 3.93 3.54 2.97 0.00
3.29 3.89 3.68 2.97 0.00
3.26 3.87 3.79 3.02 0.00
3.32 3.81 3.70 2.88 0.00
3.28 3.79 3.70 2.88 0.00
3.28 3.74 4.00 3.05 0.00
3.31 3.71 3.79 2.84 0.00
3.34 3.68 4.01 2.94 0.00
3.35 3.64 4.11 2.99 0.00
3.35 3.62 3.38 2.62 1.00
3.36 3.58 2.61 2.91 1.00
3.31 3.55 2.57 2.87 0.00
3.29 3.53 2.60 2.80 0.00
3.27 3.50 2.39 3.02 0.00
3.26 3.50 2.27 3.32 0.00
3.17 3.41 2.81 2.48 0.00
3.14 3.42 2.57 2.60 0.00
3.11 3.40 2.44 2.66 0.00
3.08 3.36 2.32 2.71 0.00
3.07 3.32 2.51 2.49 0.00
3.06 3.28 2.59 2.40 0.00
3.02 3.24 2.59 2.34 0.00
3.01 3.20 2.63 2.28 0.00
3.00 3.18 2.62 2.26 0.00
2.98 3.15 2.64 2.21 0.00
2.96 3.12 2.68 2.16 0.00
2.94 3.07 2.72 2.10 0.00
2.93 3.03 2.74 2.04 0.00
2.92 3.00 2.74 2.01 0.00
2.91 2.96 2.73 1.98 0.00
2.90 2.92 2.73 1.93 0.00
2.90 2.88 2.72 1.89 0.00
2.89 2.85 2.68 1.87 0.00
2.88 2.80 2.71 1.81 0.00
2.88 2.77 2.73 1.78 0.00
2.87 2.72 2.71 1.73 0.00
2.86 2.68 2.71 1.69 0.00
2.86 2.64 2.71 1.65 0.00
2.83 2.61 2.72 1.62 0.00
2.82 2.57 2.78 1.57 0.00
2.82 2.54 2.73 1.54 0.00
2.82 2.49 2.77 1.49 0.00
2.81 2.45 2.82 1.45 0.00
2.79 2.42 2.78 1.42 0.00
2.80 2.36 2.82 1.36 0.00
2.81 2.35 2.85 1.35 0.00
2.80 2.29 2.82 1.29 0.00
2.80 2.25 2.83 1.25 0.00
2.80 2.21 2.83 1.21 0.00
2.81 2.18 2.83 1.18 0.00
2.81 2.14 2.83 1.14 0.00
2.82 2.10 2.82 1.10 0.00
2.81 2.05 2.81 1.05 0.00
2.81 2.02 2.82 1.02 0.00
2.82 1.98 2.82 0.98 0.00
2.82 1.93 2.83 0.93 0.00
2.82 1.90 2.78 0.90 0.00
