2.60 -2.90 3.58 -3.12 0.00
2.64 -2.91 3.60 -3.20 0.00
2.68 -2.92 3.59 -3.33 0.00
2.72 -2.93 3.55 -3.48 0.00
2.76 -2.93 3.49 -3.61 0.00
2.77 -2.94 3.40 -3.72 0.00
2.83 -2.95 3.28 -3.84 0.00
2.86 -2.97 3.24 -3.89 0.00
2.89 -2.99 3.08 -3.97 0.00
2.90 -3.04 3.29 -3.96 0.00
2.93 -3.08 3.23 -4.03 0.00
2.94 -3.11 3.22 -4.07 0.00
2.93 -3.12 3.23 -4.07 0.00
2.94 -3.19 3.13 -4.17 0.00
2.95 -3.26 3.00 -4.25 0.00
2.98 -3.28 2.99 -4.28 0.00
2.99 -3.32 2.94 -4.32 0.00
2.98 -3.35 2.96 -4.35 0.00
2.98 -3.37 2.91 -4.37 0.00
2.96 -3.50 2.74 -4.48 0.00
2.97 -3.48 2.55 -4.38 0.00
3.00 -3.49 2.48 -4.35 0.00
2.97 -3.57 2.66 -4.52 0.00
2.97 -3.59 2.47 -4.46 0.00
3.00 -3.61 2.37 -4.38 0.00
2.96 -3.70 2.33 -4.48 0.00
2.97 -3.73 2.35 -4.51 0.00
2.93 -3.75 2.17 -4.39 0.00
2.92 -3.80 2.15 -4.44 0.00
2.87 -3.85 2.21 -4.59 0.00
2.84 -3.86 2.10 -4.54 0.00
2.82 -3.90 2.01 -4.48 0.00
2.79 -3.95 2.04 -4.61 0.00
2.76 -3.97 2.01 -4.64 0.00
2.72 -4.00 2.01 -4.70 0.00
2.69 -4.03 1.97 -4.72 0.00
2.66 -4.06 1.92 -4.73 0.00
2.63 -4.10 1.86 -4.74 0.00
2.59 -4.13 1.78 -4.73 0.00
2.57 -4.16 1.69 -4.65 0.00
2.51 -4.20 1.63 -4.69 0.00
2.49 -4.23 1.62 -4.73 0.00
2.45 -4.26 1.50 -4.59 0.00
2.41 -4.29 1.44 -4.53 0.00
2.36 -4.30 1.40 -4.59 0.00
2.32 -4.35 1.38 -4.71 0.00
2.30 -4.32 1.34 -4.62 0.00
2.24 -4.35 1.29 -4.65 0.00
2.20 -4.38 1.30 -4.80 0.00
2.20 -4.39 1.25 -4.08 1.00
2.19 -4.39 1.73 -3.50 1.00
2.16 -4.38 2.48 -3.43 1.00
2.17 -4.35 2.33 -3.36 0.00
2.19 -4.30 2.40 -3.33 0.00
2.20 -4.26 2.31 -3.27 0.00
2.19 -4.24 2.23 -3.24 0.00
2.23 -4.19 2.19 -3.19 0.00
2.24 -4.16 2.09 -3.17 0.00
2.25 -4.12 2.00 -3.15 0.00
2.25 -4.08 1.91 -3.14 0.00
2.21 -4.04 1.94 -3.08 0.00
2.21 -4.01 1.71 -3.14 0.00
2.15 -3.98 1.67 -3.11 0.00
2.21 -3.94 1.71 -3.07 0.00
2.19 -3.90 1.54 -3.15 0.00
2.18 -3.86 1.44 -3.19 0.00
2.18 -3.82 1.36 -3.23 0.00
2.16 -3.79 1.26 -3.36 0.00
2.17 -3.80 1.82 -2.87 1.00
2.17 -3.80 2.57 -2.89 1.00
2.19 -3.77 2.57 -2.84 0.00
2.20 -3.73 2.58 -2.80 0.00
2.22 -3.69 2.60 -2.76 0.00
2.21 -3.65 2.38 -2.66 0.00
2.25 -3.63 2.47 -2.65 0.00
2.24 -3.59 2.43 -2.60 0.00
2.27 -3.55 2.48 -2.57 0.00
2.28 -3.51 2.58 -2.56 0.00
2.32 -3.49 2.56 -2.52 0.00
2.31 -3.42 2.30 -2.42 0.00
2.30 -3.38 2.30 -2.38 0.00
2.32 -3.36 2.33 -2.36 0.00
2.33 -3.33 2.11 -2.36 0.00
2.33 -3.29 2.01 -2.34 0.00
2.33 -3.24 1.91 -2.33 0.00
2.34 -3.20 1.80 -2.36 0.00
2.29 -3.17 1.70 -2.36 0.00
2.27 -3.14 1.52 -2.47 0.00
2.26 -3.08 1.56 -2.37 0.00
2.24 -3.06 1.43 -2.46 0.00
2.19 -3.03 1.46 -2.35 0.00
2.18 -2.97 1.34 -2.43 0.00
2.15 -2.94 1.30 -2.41 0.00
2.13 -2.90 1.22 -2.47 0.00
2.09 -2.87 1.09 -2.90 0.00
2.08 -2.89 1.10 -3.06 0.00
2.04 -2.82 1.08 -2.52 0.00
1.98 -2.81 1.17 -2.23 0.00
1.93 -2.80 1.06 -2.32 0.00
1.91 -2.81 1.00 -2.41 0.00
1.88 -2.79 0.96 -2.40 0.00
1.85 -2.77 0.91 -2.44 0.00
1.84 -2.79 1.42 -1.88 1.00
1.80 -2.77 1.23 -1.94 0.00
1.79 -2.70 1.04 -2.04 0.00
1.79 -2.69 0.98 -2.11 0.00
1.76 -2.64 0.86 -2.19 0.00
1.74 -2.60 0.81 -2.25 0.00
1.73 -2.56 0.76 -2.32 0.00
1.67 -2.54 0.68 -2.40 0.00
1.61 -2.53 0.64 -2.27 0.00
1.55 -2.52 0.58 -2.26 0.00
1.55 -2.51 0.58 -2.26 0.00
1.50 -2.50 0.51 -2.38 0.00
1.47 -2.49 0.48 -2.37 0.00
1.39 -2.47 0.39 -2.54 0.00
1.38 -2.46 0.39 -2.36 0.00
1.35 -2.42 0.36 -2.25 0.00
1.30 -2.43 0.30 -2.50 0.00
1.22 -2.41 0.31 -2.82 0.00
1.24 -2.39 0.34 -2.82 0.00
1.22 -2.38 0.28 -2.71 0.00
1.15 -2.38 0.33 -2.95 0.00
1.10 -2.42 0.33 -3.06 0.00
1.08 -2.43 0.28 -3.03 0.00
1.01 -2.48 0.26 -3.14 0.00
0.99 -2.50 0.24 -3.16 0.00
0.95 -2.54 0.19 -3.20 0.00
0.91 -2.55 0.23 -3.29 0.00
0.88 -2.61 0.10 -3.23 0.00
0.83 -2.64 0.08 -3.29 0.00
0.79 -2.67 0.01 -3.29 0.00
0.76 -2.71 -0.02 -3.34 0.00
0.72 -2.74 -0.03 -3.40 0.00
0.67 -2.77 0.05 -3.56 0.00
0.61 -2.79 0.11 -3.66 0.00
0.59 -2.83 -0.06 -3.59 0.00
0.58 -2.87 -0.03 -3.67 0.00
0.55 -2.92 -0.08 -3.70 0.00
0.53 -2.94 -0.01 -3.79 0.00
0.49 -2.99 -0.04 -3.84 0.00
0.47 -3.03 -0.12 -3.83 0.00
0.41 -3.04 -0.20 -3.83 0.00
0.36 -3.09 0.02 -4.03 0.00
0.36 -3.14 -0.07 -4.05 0.00
0.36 -3.15 -0.02 -4.08 0.00
0.34 -3.21 -0.02 -4.14 0.00
0.33 -3.26 -0.01 -4.20 0.00
0.32 -3.27 0.01 -4.22 0.00
0.31 -3.32 -0.01 -4.26 0.00
0.30 -3.35 -0.01 -4.30 0.00
0.29 -3.39 -0.05 -4.33 0.00
0.28 -3.43 -0.07 -4.37 0.00
0.27 -3.47 -0.10 -4.40 0.00
0.25 -3.51 -0.11 -4.44 0.00
0.24 -3.55 -0.12 -4.48 0.00
0.22 -3.59 -0.11 -4.53 0.00
0.21 -3.63 -0.09 -4.58 0.00
0.19 -3.67 -0.08 -4.63 0.00
0.18 -3.70 -0.07 -4.67 0.00
0.16 -3.74 -0.06 -4.72 0.00
0.15 -3.78 -0.04 -4.76 0.00
0.13 -3.82 -0.06 -4.80 0.00
0.13 -3.86 -0.04 -4.85 0.00
0.12 -3.90 -0.05 -4.89 0.00
0.11 -3.94 -0.05 -4.93 0.00
0.11 -3.98 -0.05 -4.97 0.00
0.10 -4.02 -0.06 -5.01 0.00
0.09 -4.06 -0.07 -5.05 0.00
0.09 -4.10 -0.07 -5.09 0.00
0.08 -4.14 -0.07 -5.13 0.00
0.07 -4.18 -0.07 -5.17 0.00
0.07 -4.22 -0.07 -5.21 0.00
0.06 -4.26 -0.08 -5.25 0.00
0.05 -4.30 -0.08 -5.29 0.00
0.05 -4.34 -0.08 -5.33 0.00
0.04 -4.38 -0.09 -5.37 0.00
0.04 -4.42 -0.08 -5.41 0.00
0.03 -4.45 -0.10 -5.45 0.00
0.03 -4.49 -0.11 -5.48 0.00
0.02 -4.53 -0.11 -5.52 0.00
0.02 -4.57 -0.12 -5.56 0.00
0.01 -4.61 -0.15 -5.60 0.00
-0.01 -4.65 -0.10 -5.65 0.00
-0.02 -4.69 -0.08 -5.69 0.00
-0.02 -4.73 -0.09 -5.73 0.00
-0.02 -4.77 -0.08 -5.77 0.00
-0.03 -4.81 -0.07 -5.81 0.00
-0.03 -4.85 -0.06 -5.85 0.00
-0.03 -4.88 -0.04 -5.88 0.00
-0.04 -4.93 -0.09 -5.93 0.00
-0.04 -4.96 -0.01 -5.96 0.00
-0.04 -5.01 -0.03 -6.01 0.00
-0.04 -5.05 -0.03 -6.05 0.00
-0.04 -5.09 -0.03 -6.09 0.00
-0.04 -5.13 -0.07 -6.13 0.00
-0.04 -5.17 -0.03 -6.17 0.00
-0.04 -5.21 -0.02 -6.21 0.00
-0.04 -5.24 -0.02 -6.24 0.00
-0.04 -5.28 -0.14 -6.28 0.00
-0.04 -5.31 -0.10 -6.31 0.00
-0.05 -5.35 -0.07 -6.35 0.00
-0.04 -5.40 -0.01 -6.40 0.00
-0.04 -5.44 0.01 -6.44 0.00
-0.04 -5.49 0.01 -6.49 0.00
-0.03 -5.53 -0.01 -6.53 0.00
-0.03 -5.56 -0.00 -6.56 0.00
-0.03 -5.61 0.04 -6.61 0.00
-0.03 -5.65 -0.01 -6.65 0.00
-0.03 -5.69 -0.01 -6.69 0.00
-0.03 -5.73 -0.01 -6.73 0.00
-0.03 -5.77 -0.01 -6.76 0.00
-0.02 -5.80 -0.02 -6.80 0.00
-0.02 -5.85 -0.03 -6.85 0.00
-0.02 -5.89 -0.05 -6.89 0.00
-0.02 -5.93 -0.06 -6.93 0.00
-0.03 -5.97 -0.05 -6.96 0.00
-0.03 -6.01 -0.05 -7.01 0.00
-0.03 -6.05 -0.04 -7.05 0.00
-0.03 -6.09 -0.04 -7.09 0.00
-0.03 -6.13 -0.05 -7.13 0.00
-0.03 -6.17 -0.04 -7.17 0.00
-0.03 -6.21 -0.05 -7.21 0.00
-0.03 -6.25 -0.06 -7.25 0.00
-0.03 -6.29 -0.09 -7.29 0.00
-0.03 -6.33 -0.11 -7.32 0.00
-0.03 -6.37 -0.14 -7.36 0.00
-0.03 -6.41 -0.18 -7.40 0.00
-0.04 -6.45 -0.21 -7.43 0.00
-0.04 -6.49 -0.24 -7.47 0.00
-0.04 -6.53 -0.28 -7.50 0.00
-0.06 -6.57 -0.26 -7.55 0.00
-0.07 -6.61 -0.26 -7.59 0.00
-0.08 -6.64 -0.26 -7.63 0.00
-0.09 -6.68 -0.26 -7.67 0.00
-0.10 -6.72 -0.27 -7.71 0.00
-0.10 -6.76 -0.26 -7.75 0.00
-0.11 -6.80 -0.26 -7.79 0.00
-0.12 -6.84 -0.25 -7.83 0.00
-0.13 -6.88 -0.25 -7.88 0.00
-0.13 -6.92 -0.24 -7.92 0.00
-0.14 -6.96 -0.24 -7.96 0.00
-0.14 -7.00 -0.23 -8.00 0.00
-0.15 -7.04 -0.24 -8.04 0.00
-0.15 -7.08 -0.24 -8.08 0.00
-0.16 -7.12 -0.25 -8.12 0.00
-0.16 -7.16 -0.25 -8.16 0.00
-0.16 -7.20 -0.27 -8.20 0.00
-0.17 -7.24 -0.28 -8.24 0.00
-0.17 -7.28 -0.30 -8.28 0.00
-0.18 -7.32 -0.34 -8.31 0.00
-0.18 -7.36 -0.40 -8.34 0.00
-0.18 -7.40 -0.48 -8.36 0.00
-0.19 -7.44 -0.56 -8.37 0.00
-0.19 -7.48 -0.63 -8.38 0.00
-0.20 -7.52 -0.71 -8.39 0.00
-0.21 -7.57 -0.77 -8.39 0.00
-0.22 -7.61 -0.82 -8.41 0.00
-0.24 -7.64 -0.87 -8.42 0.00
-0.27 -7.68 -0.93 -8.43 0.00
-0.30 -7.72 -0.99 -8.43 0.00
-0.32 -7.75 -1.07 -8.42 0.00
-0.35 -7.79 -1.14 -8.41 0.00
-0.39 -7.81 -1.11 -8.51 0.00
-0.42 -7.83 -1.09 -8.57 0.00
-0.45 -7.85 -1.08 -8.63 0.00
-0.48 -7.87 -1.11 -8.65 0.00
-0.49 -7.93 -1.23 -8.61 0.00
-0.50 -7.95 -1.03 -8.80 0.00
-0.60 -7.98 -1.12 -8.83 0.00
-0.63 -8.02 -1.10 -8.90 0.00
-0.65 -8.05 -1.20 -8.88 0.00
-0.67 -8.12 -1.34 -8.86 0.00
-0.68 -8.11 -1.15 -8.99 0.00
-0.70 -8.16 -1.11 -9.07 0.00
-0.71 -8.23 -1.08 -9.16 0.00
-0.75 -8.24 -1.02 -9.21 0.00
-0.80 -8.31 -0.98 -9.29 0.00
-0.81 -8.38 -0.75 -9.38 0.00
-0.83 -8.37 -1.00 -9.35 0.00
-0.86 -8.54 -0.38 -9.42 0.00
-0.85 -8.47 -0.75 -9.46 0.00
-0.90 -8.54 -0.53 -9.47 0.00
-0.88 -8.54 -0.73 -9.53 0.00
-0.81 -8.60 -0.51 -9.56 0.00
-0.79 -8.64 -0.41 -9.57 0.00
-0.77 -8.70 -0.30 -9.58 0.00
-0.77 -8.71 -0.15 -9.49 0.00
-0.74 -8.75 -0.29 -9.64 0.00
-0.73 -8.82 -0.60 -9.81 0.00
-0.66 -8.86 -0.01 -9.62 0.00
-0.70 -8.90 -0.34 -9.84 0.00
-0.69 -8.96 -0.38 -9.91 0.00
-0.68 -8.97 -0.38 -9.92 0.00
-0.67 -9.00 -0.36 -9.95 0.00
-0.67 -9.04 -0.25 -9.95 0.00
-0.66 -9.09 -0.17 -9.96 0.00
-0.66 -9.13 -0.09 -9.95 0.00
-0.64 -9.16 -0.05 -9.97 0.00
-0.62 -9.20 -0.03 -10.00 0.00
-0.60 -9.22 -0.01 -10.03 0.00
-0.57 -9.26 0.00 -10.08 0.00
-0.55 -9.28 0.05 -10.08 0.00
-0.52 -9.30 0.08 -10.10 0.00
-0.49 -9.32 0.09 -10.14 0.00
-0.47 -9.33 0.34 -9.92 0.00
-0.36 -9.35 -0.24 -10.34 0.00
-0.46 -9.48 0.19 -10.24 0.00
-0.41 -9.49 0.14 -10.32 0.00
-0.39 -9.52 0.15 -10.37 0.00
-0.36 -9.56 0.12 -10.44 0.00
-0.36 -9.56 -0.64 -10.52 1.00
-0.36 -9.56 -1.26 -9.99 1.00
-0.39 -9.56 -1.30 -9.97 0.00
-0.43 -9.59 -1.28 -10.11 0.00
-0.48 -9.59 -1.05 -10.41 0.00
-0.49 -9.61 -1.27 -10.23 0.00
-0.69 -9.73 -1.64 -9.42 0.00
-0.60 -9.76 -1.50 -10.21 0.00
-0.64 -9.75 -1.47 -10.31 0.00
-0.65 -9.72 -1.51 -10.24 0.00
-0.65 -9.72 -1.53 -10.19 0.00
-0.62 -9.74 -1.52 -10.18 0.00
-0.68 -9.75 -1.58 -10.19 0.00
-0.77 -9.78 -1.73 -10.07 0.00
-0.82 -9.81 -1.79 -10.06 0.00
-0.82 -9.86 -1.82 -9.86 0.00
-0.87 -9.86 -1.87 -9.83 0.00
-0.91 -9.86 -1.89 -9.67 0.00
-1.00 -9.79 -1.97 -9.56 0.00
-1.02 -9.80 -2.01 -9.66 0.00
-1.07 -9.81 -2.07 -9.84 0.00
-1.07 -9.81 -2.07 -9.86 0.00
-1.10 -9.81 -2.10 -9.88 0.00
-1.14 -9.82 -2.14 -9.86 0.00
-1.18 -9.82 -2.18 -9.82 0.00
-1.22 -9.82 -2.22 -9.74 0.00
-1.26 -9.82 -2.25 -9.68 0.00
-1.31 -9.82 -2.28 -9.59 0.00
-1.35 -9.83 -2.30 -9.53 0.00
-1.39 -9.83 -2.32 -9.46 0.00
-1.43 -9.83 -2.33 -9.41 0.00
-1.46 -9.81 -2.36 -9.39 0.00
-1.49 -9.80 -2.40 -9.38 0.00
-1.52 -9.78 -2.44 -9.38 0.00
-1.56 -9.76 -2.49 -9.40 0.00
-1.60 -9.75 -2.53 -9.37 0.00
-1.64 -9.74 -2.57 -9.35 0.00
-1.67 -9.73 -2.57 -9.27 0.00
-1.71 -9.71 -2.55 -9.16 0.00
-1.75 -9.70 -2.50 -9.04 0.00
-1.79 -9.68 -2.48 -8.95 0.00
-1.83 -9.66 -2.45 -8.89 0.00
-1.86 -9.65 -2.41 -8.82 0.00
-1.89 -9.64 -2.40 -8.77 0.00
-1.92 -9.61 -2.41 -8.74 0.00
-1.94 -9.59 -2.54 -8.79 0.00
-1.96 -9.54 -2.37 -8.62 0.00
-1.95 -9.51 -2.57 -8.72 0.00
-1.99 -9.45 -2.48 -8.58 0.00
-2.02 -9.43 -2.51 -8.55 0.00
-2.02 -9.42 -1.77 -8.46 1.00
-2.02 -9.43 -1.16 -8.93 1.00
-1.99 -9.41 -1.13 -8.89 0.00
-1.95 -9.37 -1.17 -8.74 0.00
-1.91 -9.37 -1.07 -8.83 0.00
-1.87 -9.34 -1.02 -8.81 0.00
-1.82 -9.32 -0.96 -8.81 0.00
-1.80 -9.27 -0.96 -8.73 0.00
-1.73 -9.26 -0.85 -8.79 0.00
-1.70 -9.24 -0.83 -8.76 0.00
-1.65 -9.22 -0.77 -8.75 0.00
-1.63 -9.18 -0.76 -8.67 0.00
-1.59 -9.15 -0.80 -8.54 0.00
-1.48 -9.18 -0.52 -8.89 0.00
-1.48 -9.17 -0.50 -8.95 0.00
-1.47 -9.11 -0.57 -8.67 0.00
-1.44 -9.10 -0.51 -8.73 0.00
-1.41 -9.08 -0.48 -8.70 0.00
-1.37 -9.06 -0.46 -8.64 0.00
-1.33 -9.05 -0.42 -8.63 0.00
-1.29 -9.04 -0.39 -8.59 0.00
-1.25 -9.02 -0.36 -8.56 0.00
-1.22 -9.01 -0.32 -8.57 0.00
-1.19 -9.01 -0.27 -8.63 0.00
-1.18 -9.03 -0.20 -8.82 0.00
-1.06 -9.01 -0.24 -8.44 0.00
-1.07 -8.99 -0.24 -8.43 0.00
-1.04 -8.99 -0.08 -8.73 0.00
-0.98 -8.89 -0.04 -8.55 0.00
-1.00 -8.87 -0.01 -8.72 0.00
-0.92 -8.85 -0.03 -8.38 0.00
-0.89 -8.83 0.03 -8.42 0.00
-0.85 -8.81 0.03 -8.33 0.00
-0.82 -8.79 0.03 -8.26 0.00
-0.78 -8.77 0.07 -8.25 0.00
-0.75 -8.73 0.05 -8.14 0.00
-0.71 -8.72 0.12 -8.17 0.00
-0.68 -8.69 0.08 -8.03 0.00
-0.67 -8.66 0.22 -8.20 0.00
-0.54 -8.66 0.37 -8.26 0.00
-0.51 -8.64 0.44 -8.33 0.00
-0.46 -8.62 0.22 -7.88 0.00
-0.44 -8.60 0.33 -7.96 0.00
-0.44 -8.56 0.32 -7.91 0.00
-0.43 -8.54 0.33 -7.89 0.00
-0.41 -8.51 0.35 -7.87 0.00
-0.39 -8.49 0.36 -7.83 0.00
-0.35 -8.47 0.38 -7.79 0.00
-0.33 -8.44 0.39 -7.75 0.00
-0.30 -8.42 0.39 -7.69 0.00
-0.27 -8.38 0.38 -7.62 0.00
-0.24 -8.35 0.36 -7.55 0.00
-0.21 -8.32 0.34 -7.48 0.00
-0.18 -8.29 0.33 -7.43 0.00
-0.15 -8.26 0.30 -7.36 0.00
-0.11 -8.22 0.29 -7.31 0.00
-0.09 -8.19 0.28 -7.26 0.00
-0.07 -8.15 0.30 -7.22 0.00
-0.06 -8.11 0.31 -7.18 0.00
-0.04 -8.07 0.32 -7.14 0.00
-0.03 -8.04 0.30 -7.09 0.00
-0.01 -8.00 0.28 -7.04 0.00
0.00 -7.96 0.25 -6.99 0.00
0.02 -7.92 0.22 -6.94 0.00
0.03 -7.88 0.17 -6.89 0.00
0.05 -7.84 0.12 -6.85 0.00
0.05 -7.80 0.07 -6.80 0.00
0.05 -7.77 0.07 -6.77 0.00
0.05 -7.72 0.00 -6.72 0.00
0.06 -7.68 -0.00 -6.68 0.00
0.06 -7.64 -0.03 -6.64 0.00
0.06 -7.60 -0.05 -6.61 0.00
0.06 -7.56 -0.07 -6.57 0.00
0.05 -7.52 -0.09 -6.53 0.00
0.05 -7.48 -0.10 -6.50 0.00
0.05 -7.45 -0.12 -6.46 0.00
0.04 -7.41 -0.14 -6.42 0.00
0.04 -7.37 -0.15 -6.38 0.00
0.03 -7.33 -0.17 -6.35 0.00
0.02 -7.29 -0.19 -6.31 0.00
0.02 -7.25 -0.25 -6.29 0.00
0.01 -7.21 -0.33 -6.27 0.00
-0.01 -7.16 -0.43 -6.26 0.00
-0.02 -7.12 -0.52 -6.25 0.00
-0.04 -7.07 -0.62 -6.26 0.00
-0.06 -7.03 -0.72 -6.28 0.00
-0.07 -6.98 -0.81 -6.31 0.00
-0.09 -6.94 -0.91 -6.36 0.00
-0.11 -6.89 -0.98 -6.41 0.00
-0.14 -6.87 -1.02 -6.39 0.00
-0.18 -6.85 -1.05 -6.37 0.00
-0.21 -6.83 -1.09 -6.36 0.00
-0.25 -6.81 -1.13 -6.34 0.00
-0.28 -6.79 -1.17 -6.34 0.00
-0.31 -6.78 -1.21 -6.33 0.00
-0.35 -6.76 -1.25 -6.32 0.00
-0.39 -6.74 -1.29 -6.31 0.00
-0.42 -6.72 -1.33 -6.30 0.00
-0.42 -6.72 -0.77 -5.78 1.00
-0.43 -6.68 -0.91 -5.80 0.00
-0.44 -6.64 -0.98 -5.80 0.00
-0.45 -6.60 -1.13 -5.87 0.00
-0.46 -6.55 -1.19 -5.87 0.00
-0.46 -6.50 -1.28 -5.93 0.00
-0.46 -6.49 -1.27 -5.90 0.00
-0.53 -6.47 -1.22 -5.75 0.00
-0.60 -6.43 -1.36 -5.79 0.00
-0.60 -6.41 -1.36 -5.76 0.00
-0.63 -6.38 -1.41 -5.74 0.00
-0.66 -6.35 -1.45 -5.72 0.00
-0.71 -6.32 -1.52 -5.73 0.00
-0.73 -6.29 -1.49 -5.63 0.00
-0.77 -6.27 -1.62 -5.75 0.00
-0.93 -6.22 -1.70 -5.58 0.00
-0.90 -6.19 -1.70 -5.59 0.00
-0.90 -6.19 -1.04 -5.20 1.00
-0.91 -6.15 -1.06 -5.16 0.00
-0.91 -6.11 -1.09 -5.13 0.00
-0.92 -6.13 -1.11 -5.14 0.00
-0.93 -6.08 -1.19 -5.12 0.00
-0.94 -5.99 -1.15 -5.01 0.00
-0.94 -5.95 -1.18 -4.98 0.00
-0.95 -5.92 -1.19 -4.95 0.00
-0.93 -5.89 -1.04 -4.89 0.00
-0.92 -5.77 -1.15 -4.80 0.00
-0.94 -5.76 -1.18 -4.79 0.00
-0.92 -5.75 -0.80 -4.75 0.00
-0.99 -5.70 -1.21 -4.72 0.00
-1.00 -5.67 -1.17 -4.68 0.00
-1.02 -5.65 -1.30 -4.69 0.00
-1.03 -5.62 -1.34 -4.67 0.00
-1.04 -5.58 -1.37 -4.63 0.00
-1.05 -5.53 -1.52 -4.65 0.00
-1.06 -5.49 -1.59 -4.64 0.00
-1.08 -5.44 -1.71 -4.68 0.00
-1.09 -5.40 -1.82 -4.72 0.00
-1.10 -5.36 -1.90 -4.76 0.00
-1.13 -5.32 -1.97 -4.79 0.00
-1.16 -5.30 -1.98 -4.74 0.00
-1.19 -5.28 -2.01 -4.71 0.00
-1.22 -5.26 -2.05 -4.70 0.00
-1.26 -5.24 -2.11 -4.71 0.00
-1.28 -5.22 -2.15 -4.72 0.00
-1.32 -5.19 -2.21 -4.74 0.00
-1.35 -5.17 -2.26 -4.75 0.00
-1.39 -5.15 -2.33 -4.80 0.00
-1.42 -5.12 -2.37 -4.82 0.00
-1.43 -5.11 -2.43 -4.98 0.00
-1.50 -5.10 -2.48 -4.91 0.00
-1.52 -5.10 -2.51 -5.28 0.00
-1.56 -5.09 -2.51 -5.40 0.00
-1.60 -5.09 -2.51 -5.50 0.00
-1.64 -5.08 -2.50 -5.60 0.00
-1.69 -5.07 -2.48 -5.69 0.00
-1.73 -5.09 -2.49 -5.74 0.00
-1.76 -5.12 -2.50 -5.78 0.00
-1.79 -5.15 -2.53 -5.82 0.00
-1.82 -5.17 -2.54 -5.86 0.00
-1.85 -5.20 -2.55 -5.91 0.00
-1.88 -5.22 -2.58 -5.95 0.00
-1.92 -5.26 -2.59 -6.00 0.00
-1.95 -5.29 -2.57 -6.07 0.00
-1.98 -5.31 -2.57 -6.12 0.00
-2.02 -5.34 -2.58 -6.17 0.00
-2.04 -5.38 -2.62 -6.20 0.00
-2.06 -5.42 -2.64 -6.23 0.00
-2.09 -5.45 -2.65 -6.28 0.00
-2.11 -5.49 -2.62 -6.35 0.00
-2.14 -5.52 -2.57 -6.42 0.00
-2.16 -5.56 -2.48 -6.51 0.00
-2.19 -5.59 -2.47 -6.55 0.00
-2.21 -5.63 -2.42 -6.61 0.00
-2.24 -5.66 -2.38 -6.65 0.00
-2.26 -5.70 -2.34 -6.70 0.00
-2.26 -5.74 -2.35 -6.74 0.00
-2.27 -5.78 -2.34 -6.77 0.00
-2.26 -5.81 -2.42 -6.79 0.00
-2.27 -5.83 -2.36 -6.82 0.00
-2.25 -5.90 -2.40 -6.89 0.00
-2.27 -5.97 -2.16 -6.97 0.00
-2.26 -5.99 -2.88 -6.77 1.00
-2.24 -5.98 -3.22 -6.17 1.00
-2.23 -6.00 -3.09 -5.48 1.00
-2.26 -5.96 -3.20 -5.60 0.00
-2.32 -5.94 -3.31 -5.84 0.00
-2.35 -5.93 -3.35 -5.92 0.00
-2.38 -5.88 -3.38 -5.88 0.00
-2.41 -5.86 -3.40 -5.94 0.00
-2.42 -5.83 -3.42 -5.85 0.00
-2.50 -5.85 -3.47 -6.09 0.00
-2.53 -5.86 -3.49 -6.14 0.00
-2.54 -5.86 -3.54 -5.77 0.00
-2.59 -5.86 -3.58 -6.00 0.00
-2.67 -5.85 -3.58 -6.26 0.00
-2.72 -5.83 -3.58 -6.34 0.00
-2.73 -5.87 -3.63 -6.30 0.00
-2.56 -5.88 -3.12 -5.05 0.00
-2.77 -5.93 -3.75 -6.13 0.00
-2.85 -5.94 -3.72 -6.43 0.00
-2.86 -5.94 -3.85 -5.78 1.00
-2.89 -5.95 -3.88 -5.83 0.00
-2.94 -5.88 -3.94 -5.88 0.00
-3.00 -5.90 -3.93 -6.25 0.00
-3.04 -5.86 -4.03 -6.05 0.00
-3.06 -5.86 -4.04 -6.06 0.00
-3.12 -5.89 -3.92 -6.49 0.00
-3.16 -5.89 -3.89 -6.58 0.00
-3.19 -5.90 -3.90 -6.61 0.00
-3.22 -5.90 -3.91 -6.63 0.00
-3.25 -5.94 -3.91 -6.69 0.00
-3.29 -6.00 -4.05 -6.65 0.00
-3.31 -6.02 -4.04 -6.71 0.00
-3.34 -6.05 -4.05 -6.76 0.00
-3.37 -6.07 -4.04 -6.81 0.00
-3.40 -6.11 -3.97 -6.94 0.00
-3.43 -6.13 -3.90 -7.02 0.00
-3.43 -6.13 -4.33 -6.57 1.00
-3.42 -6.13 -4.36 -5.80 1.00
-3.47 -6.14 -4.41 -5.82 0.00
-3.50 -6.10 -4.50 -6.08 0.00
-3.55 -6.11 -4.55 -6.14 0.00
-3.58 -6.11 -4.56 -6.32 0.00
-3.63 -6.06 -4.54 -6.48 0.00
-3.67 -6.06 -4.52 -6.60 0.00
-3.71 -6.09 -4.46 -6.74 0.00
-3.74 -6.09 -4.48 -6.77 0.00
-3.77 -6.10 -4.56 -6.72 0.00
-3.79 -6.13 -4.51 -6.82 0.00
-3.83 -6.13 -4.60 -6.76 0.00
-3.86 -6.16 -4.61 -6.83 0.00
-3.89 -6.19 -4.46 -7.01 0.00
-3.95 -6.32 -4.75 -6.92 0.00
-3.97 -6.31 -4.73 -6.96 0.00
-4.01 -6.29 -4.73 -6.98 0.00
-4.01 -6.29 -5.01 -6.27 1.00
-4.01 -6.29 -4.71 -5.57 1.00
-4.01 -6.29 -3.99 -5.29 1.00
-4.02 -6.29 -3.99 -5.29 0.00
-4.01 -6.24 -3.95 -5.24 0.00
-4.01 -6.18 -4.06 -5.18 0.00
-4.00 -6.11 -4.10 -5.11 0.00
-4.00 -6.09 -4.17 -5.11 0.00
-4.00 -6.05 -4.13 -5.06 0.00
-3.99 -6.03 -3.96 -5.03 0.00
-4.01 -5.95 -4.14 -4.96 0.00
-3.98 -5.89 -4.18 -4.91 0.00
-4.03 -5.84 -4.71 -5.11 0.00
-4.00 -5.84 -4.26 -4.87 0.00
-4.00 -5.80 -4.32 -4.85 0.00
-4.01 -5.77 -4.35 -4.82 0.00
-4.04 -5.72 -4.48 -4.82 0.00
-4.05 -5.69 -4.52 -4.81 0.00
-4.06 -5.64 -4.64 -4.83 0.00
-4.07 -5.64 -3.96 -4.64 1.00
-4.06 -5.59 -3.92 -4.60 0.00
-4.08 -5.57 -3.84 -4.60 0.00
-4.05 -5.53 -3.90 -4.54 0.00
-4.05 -5.49 -3.87 -4.51 0.00
-4.04 -5.45 -3.85 -4.47 0.00
-4.05 -5.42 -3.84 -4.44 0.00
-4.04 -5.37 -3.79 -4.40 0.00
-4.02 -5.36 -3.72 -4.40 0.00
-4.01 -5.30 -3.75 -4.33 0.00
-4.01 -5.25 -3.74 -4.28 0.00
-4.00 -5.20 -3.89 -4.20 0.00
-3.99 -5.19 -3.76 -4.22 0.00
-3.99 -5.16 -3.76 -4.19 0.00
-3.96 -5.13 -3.71 -4.16 0.00
-3.97 -5.04 -3.67 -4.08 0.00
-3.88 -4.86 -3.97 -3.86 0.00
-4.18 -4.91 -3.97 -3.93 1.00
-4.18 -4.91 -3.33 -4.37 1.00
-4.14 -4.92 -3.16 -5.10 1.00
-4.14 -4.92 -3.51 -5.69 1.00
-4.13 -4.95 -4.38 -5.91 1.00
-4.32 -4.99 -4.87 -5.82 1.00
-4.32 -4.99 -5.30 -5.19 1.00
-4.32 -4.99 -5.15 -4.44 1.00
-4.32 -4.99 -4.51 -4.01 1.00
-4.32 -4.99 -3.76 -4.16 1.00
-4.32 -4.99 -3.34 -4.79 1.00
-4.32 -4.99 -3.48 -5.54 1.00
-4.28 -5.02 -3.42 -5.53 0.00
-4.24 -5.04 -3.36 -5.50 0.00
-4.20 -4.98 -3.37 -5.54 0.00
-4.19 -5.08 -3.24 -5.37 0.00
-4.15 -5.12 -3.23 -5.50 0.00
-4.08 -5.16 -3.15 -5.52 0.00
-4.02 -5.18 -3.11 -5.59 0.00
-4.00 -5.20 -3.08 -5.59 0.00
-3.95 -5.22 -3.02 -5.58 0.00
-3.89 -5.22 -2.95 -5.55 0.00
-3.87 -5.25 -2.89 -5.43 0.00
-3.84 -5.27 -2.86 -5.48 0.00
-3.78 -5.27 -2.78 -5.34 0.00
-3.73 -5.32 -2.83 -5.74 0.00
-3.70 -5.31 -2.75 -5.62 0.00
-3.67 -5.33 -2.69 -5.57 0.00
-3.62 -5.36 -2.66 -5.62 0.00
-3.58 -5.36 -2.60 -5.57 0.00
-3.53 -5.40 -2.57 -5.67 0.00
-3.49 -5.38 -2.51 -5.58 0.00
-3.44 -5.39 -2.46 -5.57 0.00
-3.40 -5.40 -2.41 -5.54 0.00
-3.36 -5.41 -2.37 -5.54 0.00
-3.31 -5.42 -2.32 -5.57 0.00
-3.28 -5.42 -2.29 -5.55 0.00
-3.24 -5.43 -2.24 -5.52 0.00
-3.20 -5.43 -2.20 -5.53 0.00
-3.16 -5.44 -2.16 -5.43 0.00
-3.11 -5.44 -2.12 -5.55 0.00
-3.07 -5.45 -2.07 -5.53 0.00
-3.03 -5.45 -2.03 -5.54 0.00
-2.99 -5.45 -1.99 -5.53 0.00
-2.94 -5.47 -1.94 -5.48 0.00
-2.89 -5.48 -1.90 -5.40 0.00
-2.85 -5.48 -1.85 -5.45 0.00
-2.80 -5.48 -1.81 -5.43 0.00
-2.76 -5.48 -1.76 -5.44 0.00
-2.72 -5.48 -1.72 -5.42 0.00
-2.68 -5.48 -1.68 -5.42 0.00
-2.64 -5.47 -1.64 -5.43 0.00
-2.59 -5.47 -1.59 -5.37 0.00
-2.55 -5.47 -1.55 -5.37 0.00
-2.51 -5.47 -1.52 -5.32 0.00
-2.47 -5.47 -1.48 -5.36 0.00
-2.43 -5.46 -1.43 -5.37 0.00
-2.39 -5.46 -1.39 -5.33 0.00
-2.35 -5.45 -1.35 -5.32 0.00
-2.31 -5.45 -1.31 -5.32 0.00
-2.27 -5.47 -1.30 -5.22 0.00
-2.23 -5.45 -1.25 -5.22 0.00
-2.19 -5.44 -1.22 -5.19 0.00
-2.15 -5.44 -1.18 -5.20 0.00
-2.11 -5.43 -1.14 -5.18 0.00
-2.07 -5.42 -1.09 -5.20 0.00
-2.03 -5.41 -1.05 -5.22 0.00
-1.99 -5.40 -1.00 -5.24 0.00
-1.95 -5.39 -0.96 -5.28 0.00
-1.91 -5.38 -0.91 -5.31 0.00
-1.87 -5.37 -0.87 -5.33 0.00
-1.84 -5.36 -0.84 -5.36 0.00
-1.80 -5.36 -0.80 -5.37 0.00
-1.76 -5.36 -0.76 -5.34 0.00
-1.71 -5.36 -0.71 -5.36 0.00
-1.68 -5.36 -0.68 -5.35 0.00
-1.64 -5.35 -0.64 -5.35 0.00
-1.60 -5.35 -0.60 -5.36 0.00
-1.55 -5.35 -0.56 -5.45 0.00
-1.51 -5.35 -0.53 -5.54 0.00
-1.47 -5.35 -0.51 -5.64 0.00
-1.43 -5.35 -0.50 -5.72 0.00
-1.39 -5.35 -0.51 -5.82 0.00
-1.35 -5.35 -0.49 -5.87 0.00
-1.31 -5.35 -0.50 -5.95 0.00
-1.27 -5.38 -0.48 -5.99 0.00
-1.23 -5.41 -0.43 -6.01 0.00
-1.19 -5.43 -0.38 -6.02 0.00
-1.15 -5.46 -0.38 -6.10 0.00
-1.12 -5.49 -0.39 -6.18 0.00
-1.08 -5.52 -0.41 -6.26 0.00
-1.04 -5.55 -0.46 -6.36 0.00
-1.03 -5.59 -0.37 -6.33 0.00
-1.01 -5.61 -0.34 -6.35 0.00
-0.98 -5.65 -0.32 -6.40 0.00
-0.96 -5.66 -0.32 -6.43 0.00
-0.92 -5.70 -0.29 -6.48 0.00
-0.87 -5.71 -0.32 -6.55 0.00
-0.87 -5.81 -0.21 -6.55 0.00
-0.84 -5.83 -0.24 -6.63 0.00
-0.82 -5.87 -0.32 -6.73 0.00
-0.79 -5.89 -0.30 -6.76 0.00
-0.75 -5.93 -0.32 -6.84 0.00
-0.72 -5.96 -0.31 -6.88 0.00
-0.70 -6.01 -0.22 -6.89 0.00
-0.69 -6.02 -0.24 -6.92 0.00
-0.68 -6.08 -0.29 -6.99 0.00
-0.67 -6.11 -0.30 -7.04 0.00
-0.70 -6.14 -0.40 -7.09 0.00
-0.70 -6.15 -0.09 -6.94 0.00
-0.67 -6.23 -0.30 -7.16 0.00
-0.62 -6.28 -0.29 -7.22 0.00
-0.59 -6.30 -0.20 -7.22 0.00
-0.59 -6.34 -0.24 -7.28 0.00
-0.58 -6.37 -0.30 -7.33 0.00
-0.57 -6.41 -0.28 -7.36 0.00
-0.53 -6.45 -0.17 -7.38 0.00
-0.46 -6.48 0.01 -7.36 0.00
-0.48 -6.55 -0.33 -7.54 0.00
-0.48 -6.57 -0.37 -7.57 0.00
-0.49 -6.61 -0.47 -7.61 0.00
-0.48 -6.64 -0.42 -7.64 0.00
-0.45 -6.69 -0.57 -7.68 0.00
-0.45 -6.72 -0.56 -7.71 0.00
-0.45 -6.76 -0.54 -7.75 0.00
-0.46 -6.80 -0.53 -7.79 0.00
