4.90 -0.70 4.50 -1.61 0.00
4.89 -0.74 4.41 -1.62 0.00
4.87 -0.78 4.33 -1.62 0.00
4.86 -0.82 4.25 -1.61 0.00
4.84 -0.86 4.18 -1.61 0.00
4.82 -0.90 4.12 -1.61 0.00
4.80 -0.93 4.07 -1.60 0.00
4.77 -0.96 4.01 -1.61 0.00
4.74 -1.00 3.98 -1.65 0.00
4.71 -1.02 3.91 -1.63 0.00
4.68 -1.06 3.85 -1.62 0.00
4.64 -1.08 3.78 -1.58 0.00
4.61 -1.11 3.70 -1.52 0.00
4.58 -1.13 3.63 -1.46 0.00
4.54 -1.17 3.57 -1.40 0.00
4.51 -1.20 3.52 -1.35 0.00
4.47 -1.20 3.48 -1.34 0.00
4.43 -1.20 3.44 -1.35 0.00
4.39 -1.21 3.40 -1.36 0.00
4.35 -1.21 3.36 -1.37 0.00
4.31 -1.22 3.32 -1.38 0.00
4.27 -1.21 3.28 -1.34 0.00
4.22 -1.23 3.24 -1.39 0.00
4.19 -1.24 3.20 -1.40 0.00
4.14 -1.25 3.16 -1.40 0.00
4.10 -1.25 3.12 -1.41 0.00
4.06 -1.26 3.07 -1.41 0.00
4.03 -1.26 3.05 -1.43 0.00
3.98 -1.27 2.99 -1.43 0.00
3.94 -1.27 2.96 -1.46 0.00
3.90 -1.27 2.92 -1.48 0.00
3.84 -1.28 2.87 -1.51 0.00
3.81 -1.29 2.83 -1.50 0.00
3.77 -1.28 2.79 -1.49 0.00
3.73 -1.30 2.75 -1.50 0.00
3.69 -1.30 2.71 -1.49 0.00
3.65 -1.33 2.67 -1.51 0.00
3.60 -1.34 2.62 -1.51 0.00
3.56 -1.34 2.58 -1.52 0.00
3.54 -1.34 2.55 -1.46 0.00
3.49 -1.35 2.51 -1.51 0.00
3.45 -1.36 2.46 -1.50 0.00
3.42 -1.37 2.42 -1.51 0.00
3.38 -1.37 2.38 -1.50 0.00
3.32 -1.37 2.33 -1.54 0.00
3.30 -1.38 2.31 -1.51 0.00
3.27 -1.39 2.27 -1.45 0.00
3.22 -1.40 2.22 -1.50 0.00
3.18 -1.40 2.18 -1.50 0.00
3.14 -1.40 2.15 -1.54 0.00
3.10 -1.40 2.11 -1.54 0.00
3.05 -1.40 2.06 -1.54 0.00
3.02 -1.40 2.03 -1.55 0.00
2.97 -1.42 1.98 -1.56 0.00
2.95 -1.41 1.95 -1.51 0.00
2.89 -1.43 1.90 -1.54 0.00
2.86 -1.44 1.86 -1.55 0.00
2.81 -1.44 1.81 -1.53 0.00
2.77 -1.44 1.77 -1.52 0.00
2.73 -1.46 1.73 -1.51 0.00
2.69 -1.45 1.69 -1.50 0.00
2.65 -1.46 1.65 -1.50 0.00
2.61 -1.46 1.61 -1.47 0.00
2.56 -1.46 1.56 -1.46 0.00
2.52 -1.47 1.52 -1.45 0.00
2.49 -1.46 1.49 -1.49 0.00
2.48 -1.45 1.48 -1.50 0.00
2.41 -1.46 1.41 -1.47 0.00
2.37 -1.47 1.37 -1.51 0.00
2.31 -1.45 1.31 -1.44 0.00
2.28 -1.47 1.28 -1.47 0.00
2.24 -1.47 1.24 -1.42 0.00
2.20 -1.47 1.20 -1.43 0.00
2.17 -1.47 1.17 -1.40 0.00
2.12 -1.47 1.12 -1.45 0.00
2.08 -1.48 1.08 -1.52 0.00
2.04 -1.48 1.04 -1.49 0.00
2.00 -1.46 1.00 -1.43 0.00
1.96 -1.46 0.96 -1.43 0.00
1.91 -1.46 0.92 -1.34 0.00
1.89 -1.47 0.90 -1.28 0.00
1.84 -1.45 0.85 -1.29 0.00
1.79 -1.41 0.80 -1.30 0.00
1.78 -1.41 0.78 -1.36 0.00
1.72 -1.42 0.72 -1.38 0.00
1.69 -1.42 0.69 -1.39 0.00
1.66 -1.43 0.66 -1.41 0.00
1.59 -1.42 0.59 -1.35 0.00
1.56 -1.41 0.57 -1.31 0.00
1.52 -1.41 0.54 -1.23 0.00
1.49 -1.42 0.50 -1.29 0.00
1.45 -1.41 0.47 -1.21 0.00
1.38 -1.40 0.40 -1.22 0.00
1.36 -1.40 0.38 -1.17 0.00
1.33 -1.43 0.35 -1.21 0.00
1.29 -1.42 0.30 -1.27 0.00
1.22 -1.39 0.25 -1.14 0.00
1.23 -1.39 0.60 -0.61 1.00
1.24 -1.38 1.25 -0.38 1.00
1.23 -1.37 1.76 -0.52 1.00
1.23 -1.35 2.16 -1.00 1.00
1.22 -1.35 2.14 -1.74 1.00
1.26 -1.36 2.20 -1.69 0.00
1.33 -1.39 2.32 -1.51 0.00
1.37 -1.40 2.30 -1.77 0.00
1.37 -1.42 2.32 -1.73 0.00
1.40 -1.43 2.37 -1.64 0.00
1.44 -1.46 2.39 -1.76 0.00
1.48 -1.46 2.45 -1.69 0.00
1.51 -1.47 2.49 -1.65 0.00
1.55 -1.48 2.55 -1.52 0.00
1.59 -1.50 2.59 -1.45 0.00
1.62 -1.51 2.61 -1.36 0.00
1.66 -1.52 2.63 -1.26 0.00
1.70 -1.53 2.65 -1.19 0.00
1.75 -1.52 2.66 -1.10 0.00
1.74 -1.55 2.69 -1.22 0.00
1.81 -1.52 2.73 -1.12 0.00
1.83 -1.50 2.75 -1.12 0.00
1.88 -1.47 2.84 -1.19 0.00
1.91 -1.45 2.85 -1.11 0.00
1.95 -1.46 2.91 -1.18 0.00
1.99 -1.44 2.94 -1.13 0.00
2.01 -1.44 2.95 -1.09 0.00
2.06 -1.42 2.97 -1.01 0.00
2.10 -1.42 3.05 -1.13 0.00
2.14 -1.40 3.11 -1.15 0.00
2.18 -1.40 3.14 -1.09 0.00
2.19 -1.38 3.13 -1.04 0.00
2.23 -1.36 3.17 -1.01 0.00
2.26 -1.34 3.19 -0.97 0.00
2.35 -1.35 3.25 -0.91 0.00
2.38 -1.33 3.27 -0.88 0.00
2.42 -1.31 3.20 -0.69 0.00
2.48 -1.27 3.25 -0.64 0.00
2.48 -1.26 3.28 -0.66 0.00
2.52 -1.24 3.31 -0.63 0.00
2.55 -1.22 3.34 -0.60 0.00
2.58 -1.19 3.35 -0.55 0.00
2.61 -1.17 3.38 -0.53 0.00
2.65 -1.15 3.43 -0.52 0.00
2.67 -1.12 3.42 -0.46 0.00
2.70 -1.08 3.47 -0.44 0.00
2.73 -1.07 3.46 -0.38 0.00
2.76 -1.04 3.43 -0.29 0.00
2.79 -1.02 3.43 -0.24 0.00
2.82 -0.99 3.39 -0.17 0.00
2.85 -0.97 3.34 -0.09 0.00
2.88 -0.94 3.30 -0.03 0.00
2.91 -0.91 3.24 0.03 0.00
2.92 -0.87 3.23 0.08 0.00
2.94 -0.83 3.24 0.12 0.00
2.95 -0.79 3.23 0.17 0.00
2.96 -0.76 3.21 0.21 0.00
2.98 -0.72 3.18 0.26 0.00
2.99 -0.68 3.13 0.31 0.00
3.00 -0.64 3.09 0.35 0.00
3.01 -0.60 3.05 0.40 0.00
3.02 -0.56 2.99 0.44 0.00
3.03 -0.52 2.94 0.48 0.00
3.03 -0.48 2.87 0.51 0.00
3.03 -0.44 2.83 0.54 0.00
3.03 -0.40 2.79 0.57 0.00
3.02 -0.36 2.75 0.60 0.00
3.02 -0.31 2.67 0.62 0.00
3.01 -0.27 2.66 0.66 0.00
3.01 -0.23 2.52 0.64 0.00
2.99 -0.18 2.39 0.62 0.00
3.00 -0.15 2.40 0.65 0.00
2.98 -0.11 2.36 0.68 0.00
2.95 -0.07 2.33 0.71 0.00
2.92 -0.04 2.29 0.74 0.00
2.89 0.00 2.25 0.77 0.00
2.86 0.04 2.20 0.80 0.00
2.83 0.08 2.17 0.83 0.00
2.80 0.12 2.12 0.86 0.00
2.77 0.16 2.08 0.89 0.00
2.74 0.20 2.04 0.92 0.00
2.70 0.24 2.01 0.95 0.00
2.67 0.27 1.97 0.99 0.00
2.63 0.31 1.94 1.03 0.00
2.59 0.35 1.91 1.08 0.00
2.56 0.38 1.86 1.10 0.00
2.53 0.42 1.82 1.13 0.00
2.50 0.46 1.77 1.15 0.00
2.46 0.49 1.74 1.18 0.00
2.42 0.53 1.71 1.23 0.00
2.39 0.56 1.70 1.29 0.00
2.35 0.60 1.70 1.36 0.00
2.33 0.63 1.78 1.47 0.00
2.33 0.69 1.74 1.50 0.00
2.22 0.72 1.70 1.58 0.00
2.22 0.76 1.82 1.68 0.00
2.16 0.79 1.86 1.75 0.00
2.14 0.84 1.99 1.83 0.00
2.11 0.88 1.86 1.84 0.00
2.09 0.92 1.85 1.89 0.00
2.10 0.95 1.86 1.92 0.00
2.11 0.92 2.48 1.85 1.00
2.12 0.92 2.54 1.82 0.00
2.16 1.02 2.14 2.02 0.00
2.17 1.06 2.12 2.05 0.00
2.19 1.06 2.22 2.06 0.00
2.21 1.12 2.11 2.12 0.00
2.22 1.16 2.07 2.14 0.00
2.26 1.18 2.16 2.18 0.00
2.24 1.24 2.05 2.23 0.00
2.23 1.26 2.15 2.26 0.00
2.19 1.33 2.03 2.31 0.00
2.21 1.34 2.02 2.32 0.00
2.18 1.39 1.93 2.36 0.00
2.19 1.44 1.93 2.40 0.00
2.18 1.47 1.84 2.41 0.00
2.19 1.56 1.82 2.49 0.00
2.17 1.58 1.77 2.50 0.00
2.18 1.58 2.55 2.51 1.00
2.19 1.65 2.52 2.59 0.00
2.24 1.68 2.34 2.68 0.00
2.23 1.71 2.22 2.71 0.00
2.24 1.72 2.19 2.72 0.00
2.27 1.76 2.14 2.76 0.00
2.28 1.82 2.08 2.80 0.00
2.27 1.88 2.04 2.85 0.00
2.26 1.89 2.11 2.88 0.00
2.27 1.91 2.06 2.89 0.00
2.27 1.95 2.22 2.95 0.00
2.26 2.00 2.07 2.98 0.00
2.22 2.06 1.92 3.02 0.00
2.23 2.09 1.88 3.03 0.00
2.21 2.14 1.86 3.08 0.00
2.22 2.19 1.91 3.14 0.00
2.26 2.23 2.07 3.21 0.00
2.26 2.26 1.88 3.18 0.00
2.26 2.29 1.85 3.20 0.00
2.27 2.35 1.78 3.22 0.00
2.32 2.40 1.48 2.94 0.00
2.25 2.41 1.62 3.19 0.00
2.24 2.47 1.63 3.27 0.00
2.19 2.50 1.61 3.32 0.00
2.17 2.54 1.55 3.33 0.00
2.13 2.57 1.58 3.40 0.00
2.11 2.70 1.21 3.13 0.00
2.10 2.75 1.52 3.57 0.00
2.09 2.75 2.01 3.74 0.00
2.00 2.81 1.57 3.70 0.00
2.00 2.81 1.47 3.67 0.00
1.97 2.82 1.38 3.63 0.00
1.94 2.85 1.35 3.65 0.00
1.91 2.89 1.31 3.68 0.00
1.89 2.92 1.27 3.71 0.00
1.86 2.96 1.24 3.74 0.00
1.83 2.99 1.21 3.78 0.00
1.81 3.03 1.18 3.81 0.00
1.78 3.06 1.16 3.85 0.00
1.75 3.09 1.13 3.88 0.00
1.73 3.13 1.11 3.91 0.00
1.70 3.16 1.08 3.95 0.00
1.67 3.19 1.06 3.98 0.00
1.65 3.23 1.04 4.02 0.00
1.62 3.26 1.02 4.06 0.00
1.59 3.29 1.01 4.10 0.00
1.57 3.33 1.00 4.15 0.00
1.54 3.36 0.99 4.19 0.00
1.52 3.39 0.98 4.24 0.00
1.52 3.39 1.73 4.37 1.00
1.53 3.43 1.75 4.41 0.00
1.53 3.47 1.76 4.45 0.00
1.54 3.51 1.77 4.48 0.00
1.55 3.55 1.79 4.52 0.00
1.56 3.59 1.81 4.56 0.00
1.57 3.63 1.83 4.59 0.00
1.58 3.63 1.85 4.60 0.00
1.64 3.65 1.64 4.65 0.00
1.59 3.76 1.90 4.71 0.00
1.63 3.76 1.84 4.74 0.00
1.63 3.77 1.87 4.74 0.00
1.63 3.85 2.00 4.78 0.00
1.65 3.86 1.92 4.82 0.00
1.68 3.93 2.18 4.80 0.00
1.68 3.98 2.18 4.85 0.00
1.67 4.01 2.26 4.82 0.00
1.69 4.04 2.18 4.91 0.00
1.74 4.10 2.16 5.01 0.00
1.79 4.11 2.15 5.04 0.00
1.80 4.16 2.04 5.13 0.00
1.81 4.17 2.06 5.14 0.00
1.82 4.19 2.05 5.17 0.00
1.81 4.25 2.00 5.23 0.00
1.84 4.26 2.02 5.25 0.00
1.85 4.30 2.02 5.29 0.00
1.85 4.34 2.01 5.33 0.00
1.86 4.38 2.00 5.37 0.00
1.87 4.41 1.99 5.40 0.00
1.88 4.45 1.97 5.44 0.00
1.88 4.49 1.96 5.49 0.00
1.89 4.55 1.94 5.54 0.00
1.89 4.57 1.94 5.56 0.00
1.89 4.60 1.97 5.60 0.00
1.90 4.64 1.98 5.64 0.00
1.91 4.67 2.01 5.67 0.00
1.90 4.72 2.02 5.72 0.00
1.90 4.76 2.03 5.76 0.00
1.91 4.80 2.04 5.79 0.00
