-1.79 -3.80 -0.79 -3.79 0.00
-1.75 -3.80 -0.75 -3.81 0.00
-1.71 -3.80 -0.71 -3.81 0.00
-1.67 -3.80 -0.67 -3.83 0.00
-1.63 -3.80 -0.63 -3.91 0.00
-1.59 -3.80 -0.60 -3.97 0.00
-1.54 -3.80 -0.57 -4.04 0.00
-1.51 -3.80 -0.56 -4.10 0.00
-1.46 -3.80 -0.54 -4.18 0.00
-1.45 -3.78 -0.55 -4.22 0.00
-1.39 -3.82 -0.52 -4.31 0.00
-1.33 -3.84 -0.46 -4.33 0.00
-1.31 -3.85 -0.42 -4.31 0.00
-1.26 -3.87 -0.39 -4.36 0.00
-1.21 -3.89 -0.37 -4.44 0.00
-1.18 -3.90 -0.43 -4.56 0.00
-1.14 -4.03 -0.32 -4.60 0.00
-1.13 -4.07 -0.27 -4.58 0.00
-1.09 -4.09 -0.23 -4.60 0.00
-1.05 -4.11 -0.19 -4.62 0.00
-1.01 -4.14 -0.15 -4.65 0.00
-0.97 -4.16 -0.14 -4.71 0.00
-0.93 -4.18 -0.12 -4.77 0.00
-0.89 -4.21 -0.11 -4.84 0.00
-0.86 -4.23 -0.12 -4.90 0.00
-0.93 -4.28 -0.33 -5.09 0.00
-0.77 -4.32 -0.05 -5.01 0.00
-0.74 -4.29 -0.11 -5.07 0.00
-0.72 -4.35 0.02 -5.02 0.00
-0.66 -4.41 0.08 -5.09 0.00
-0.63 -4.40 0.05 -5.13 0.00
-0.56 -4.43 0.31 -4.94 0.00
-0.59 -4.48 0.10 -5.21 0.00
-0.50 -4.51 0.30 -5.11 0.00
-0.48 -4.53 0.35 -5.09 0.00
-0.44 -4.56 0.30 -5.24 0.00
-0.43 -4.60 0.30 -5.29 0.00
-0.41 -4.65 0.13 -5.49 0.00
-0.39 -4.69 0.05 -5.58 0.00
-0.36 -4.72 0.01 -5.65 0.00
-0.33 -4.76 -0.08 -5.72 0.00
-0.30 -4.79 -0.13 -5.77 0.00
-0.30 -4.83 -0.13 -5.82 0.00
-0.29 -4.87 -0.13 -5.85 0.00
-0.28 -4.91 -0.12 -5.90 0.00
-0.28 -4.95 -0.12 -5.94 0.00
-0.27 -4.99 -0.10 -5.98 0.00
-0.26 -5.03 -0.10 -6.02 0.00
-0.26 -5.07 -0.10 -6.06 0.00
-0.23 -5.11 -0.19 -6.11 0.00
-0.22 -5.15 -0.17 -6.15 0.00
-0.22 -5.19 -0.17 -6.19 0.00
-0.22 -5.23 -0.19 -6.22 0.00
-0.22 -5.27 -0.17 -6.26 0.00
-0.22 -5.31 -0.16 -6.30 0.00
-0.22 -5.35 -0.15 -6.34 0.00
-0.21 -5.39 -0.15 -6.38 0.00
-0.21 -5.43 -0.13 -6.42 0.00
-0.21 -5.47 -0.13 -6.46 0.00
-0.21 -5.51 -0.12 -6.50 0.00
-0.21 -5.55 -0.11 -6.54 0.00
-0.20 -5.59 -0.13 -6.59 0.00
-0.20 -5.63 -0.11 -6.62 0.00
-0.20 -5.67 -0.11 -6.66 0.00
-0.19 -5.71 -0.10 -6.70 0.00
-0.18 -5.75 -0.15 -6.75 0.00
-0.18 -5.78 -0.15 -6.78 0.00
-0.18 -5.82 -0.15 -6.82 0.00
-0.17 -5.86 -0.14 -6.86 0.00
-0.17 -5.90 -0.14 -6.90 0.00
-0.17 -5.94 -0.14 -6.94 0.00
-0.17 -5.98 -0.13 -6.98 0.00
-0.17 -6.02 -0.11 -7.02 0.00
-0.17 -6.06 -0.11 -7.06 0.00
-0.17 -6.10 -0.10 -7.10 0.00
-0.17 -6.14 -0.10 -7.14 0.00
-0.16 -6.18 -0.09 -7.18 0.00
-0.16 -6.22 -0.08 -7.22 0.00
-0.16 -6.26 -0.07 -7.26 0.00
-0.16 -6.30 -0.06 -7.30 0.00
-0.15 -6.34 -0.04 -7.33 0.00
-0.15 -6.38 -0.06 -7.38 0.00
-0.14 -6.42 -0.05 -7.42 0.00
-0.14 -6.46 -0.04 -7.45 0.00
-0.14 -6.50 -0.04 -7.49 0.00
-0.13 -6.54 -0.03 -7.53 0.00
-0.13 -6.58 -0.02 -7.57 0.00
-0.12 -6.62 -0.02 -7.61 0.00
-0.12 -6.66 -0.01 -7.65 0.00
-0.12 -6.70 -0.00 -7.69 0.00
-0.11 -6.74 0.00 -7.73 0.00
-0.11 -6.78 0.00 -7.77 0.00
-0.10 -6.82 0.01 -7.81 0.00
-0.10 -6.86 0.01 -7.85 0.00
-0.09 -6.90 0.03 -7.89 0.00
-0.09 -6.94 0.04 -7.93 0.00
-0.09 -6.98 0.07 -7.96 0.00
-0.08 -7.02 0.02 -8.01 0.00
-0.07 -7.06 0.01 -8.05 0.00
-0.06 -7.10 -0.01 -8.09 0.00
-0.06 -7.14 -0.02 -8.14 0.00
-0.06 -7.18 -0.03 -8.18 0.00
-0.05 -7.22 -0.03 -8.22 0.00
-0.05 -7.26 -0.04 -8.26 0.00
-0.05 -7.29 -0.04 -8.29 0.00
-0.05 -7.33 -0.04 -8.33 0.00
-0.05 -7.37 -0.04 -8.37 0.00
-0.05 -7.41 -0.04 -8.41 0.00
-0.05 -7.45 -0.03 -8.45 0.00
-0.05 -7.49 -0.01 -8.49 0.00
-0.05 -7.53 0.00 -8.53 0.00
-0.05 -7.57 0.02 -8.57 0.00
-0.05 -7.61 0.05 -8.60 0.00
-0.04 -7.65 0.06 -8.64 0.00
-0.04 -7.69 0.06 -8.68 0.00
-0.04 -7.73 0.06 -8.72 0.00
-0.03 -7.77 0.07 -8.76 0.00
-0.03 -7.80 0.09 -8.80 0.00
-0.02 -7.84 0.09 -8.84 0.00
-0.02 -7.89 0.09 -8.88 0.00
-0.02 -7.92 0.09 -8.92 0.00
-0.01 -7.96 0.09 -8.96 0.00
-0.01 -8.00 0.10 -9.00 0.00
-0.00 -8.04 0.11 -9.04 0.00
0.00 -8.08 0.12 -9.08 0.00
0.01 -8.12 0.12 -9.12 0.00
0.01 -8.16 0.12 -9.16 0.00
0.01 -8.20 0.13 -9.20 0.00
0.02 -8.24 0.14 -9.23 0.00
0.02 -8.28 0.15 -9.27 0.00
0.03 -8.32 0.14 -9.32 0.00
0.03 -8.36 0.15 -9.36 0.00
0.04 -8.40 0.15 -9.39 0.00
0.04 -8.44 0.15 -9.44 0.00
0.05 -8.48 0.15 -9.48 0.00
0.05 -8.52 0.15 -9.52 0.00
0.06 -8.56 0.16 -9.55 0.00
0.06 -8.60 0.16 -9.59 0.00
0.07 -8.64 0.17 -9.63 0.00
0.07 -8.68 0.18 -9.67 0.00
0.07 -8.71 0.18 -9.71 0.00
0.08 -8.75 0.19 -9.75 0.00
0.08 -8.79 0.20 -9.78 0.00
0.09 -8.83 0.23 -9.82 0.00
0.09 -8.87 0.27 -9.85 0.00
0.10 -8.91 0.42 -9.85 0.00
0.10 -8.95 0.51 -9.86 0.00
0.11 -8.99 0.59 -9.86 0.00
0.11 -9.03 0.66 -9.87 0.00
0.12 -9.07 0.72 -9.87 0.00
0.13 -9.11 0.73 -9.91 0.00
0.15 -9.12 0.43 -10.07 0.00
0.25 -9.17 0.45 -10.15 0.00
0.23 -9.19 0.64 -10.11 0.00
0.27 -9.22 0.84 -10.05 0.00
0.28 -9.31 1.08 -9.91 0.00
0.33 -9.32 1.14 -9.91 0.00
0.29 -9.35 1.24 -9.66 0.00
0.37 -9.41 1.23 -9.90 0.00
0.46 -9.46 1.18 -10.15 0.00
0.46 -9.48 1.31 -10.02 0.00
0.48 -9.47 0.63 -10.46 1.00
0.50 -9.49 -0.17 -10.23 1.00
0.50 -9.49 -0.49 -9.60 1.00
0.47 -9.50 -0.53 -9.57 0.00
0.44 -9.52 -0.56 -9.62 0.00
0.39 -9.51 -0.60 -9.67 0.00
0.34 -9.50 -0.65 -9.61 0.00
0.30 -9.50 -0.69 -9.63 0.00
0.27 -9.51 -0.73 -9.54 0.00
0.24 -9.52 -0.76 -9.60 0.00
0.18 -9.53 -0.82 -9.56 0.00
0.14 -9.53 -0.86 -9.53 0.00
0.09 -9.54 -0.91 -9.54 0.00
0.07 -9.52 -0.93 -9.48 0.00
0.03 -9.55 -0.97 -9.47 0.00
-0.00 -9.55 -0.99 -9.39 0.00
-0.07 -9.54 -1.07 -9.49 0.00
-0.10 -9.53 -1.08 -9.34 0.00
-0.14 -9.53 -1.12 -9.32 0.00
-0.18 -9.50 -1.18 -9.39 0.00
-0.23 -9.49 -1.22 -9.41 0.00
-0.28 -9.49 -1.28 -9.48 0.00
-0.31 -9.49 -1.31 -9.43 0.00
-0.34 -9.48 -1.33 -9.34 0.00
-0.38 -9.49 -1.38 -9.38 0.00
-0.41 -9.49 -1.41 -9.51 0.00
-0.46 -9.50 -1.46 -9.47 0.00
-0.52 -9.51 -1.52 -9.52 0.00
-0.53 -9.49 -1.53 -9.47 0.00
-0.58 -9.50 -1.58 -9.54 0.00
-0.65 -9.51 -1.64 -9.66 0.00
-0.69 -9.50 -1.65 -9.80 0.00
-0.70 -9.47 -1.68 -9.67 0.00
-0.73 -9.51 -1.72 -9.67 0.00
-0.77 -9.48 -1.77 -9.59 0.00
-0.81 -9.47 -1.78 -9.71 0.00
-0.87 -9.47 -1.78 -9.88 0.00
-0.98 -9.46 -1.64 -10.22 0.00
-0.97 -9.42 -1.94 -9.67 0.00
-1.04 -9.46 -1.96 -9.84 0.00
-1.06 -9.50 -1.96 -9.93 0.00
-1.07 -9.53 -1.95 -10.01 0.00
-1.09 -9.55 -1.94 -10.08 0.00
-1.11 -9.57 -1.92 -10.15 0.00
-1.14 -9.59 -1.93 -10.20 0.00
-1.17 -9.61 -1.95 -10.23 0.00
-1.20 -9.63 -1.97 -10.27 0.00
-1.23 -9.65 -1.98 -10.32 0.00
-1.26 -9.67 -1.99 -10.35 0.00
-1.29 -9.69 -2.01 -10.39 0.00
-1.32 -9.72 -2.03 -10.42 0.00
-1.35 -9.74 -2.03 -10.47 0.00
-1.38 -9.77 -2.02 -10.54 0.00
-1.41 -9.79 -2.01 -10.60 0.00
-1.44 -9.82 -1.99 -10.66 0.00
-1.47 -9.85 -1.98 -10.71 0.00
-1.49 -9.89 -1.93 -10.78 0.00
-1.52 -9.91 -1.92 -10.82 0.00
-1.54 -9.95 -1.95 -10.86 0.00
-1.56 -9.98 -1.97 -10.89 0.00
-1.58 -10.02 -1.97 -10.94 0.00
-1.59 -10.06 -1.97 -10.98 0.00
-1.61 -10.09 -1.98 -11.02 0.00
-1.63 -10.13 -1.98 -11.06 0.00
-1.64 -10.16 -1.97 -11.11 0.00
-1.66 -10.20 -1.97 -11.15 0.00
-1.67 -10.24 -1.95 -11.20 0.00
-1.68 -10.27 -1.99 -11.22 0.00
-1.69 -10.31 -2.00 -11.26 0.00
-1.71 -10.35 -1.95 -11.32 0.00
-1.72 -10.38 -1.90 -11.37 0.00
-1.73 -10.42 -1.85 -11.41 0.00
-1.74 -10.46 -1.79 -11.45 0.00
-1.75 -10.49 -1.74 -11.49 0.00
-1.76 -10.53 -1.71 -11.53 0.00
-1.77 -10.57 -1.66 -11.56 0.00
-1.77 -10.61 -1.64 -11.60 0.00
-1.76 -10.64 -1.64 -11.64 0.00
-1.76 -10.68 -1.61 -11.67 0.00
-1.75 -10.72 -1.57 -11.70 0.00
-1.75 -10.76 -1.52 -11.73 0.00
-1.75 -10.80 -1.48 -11.76 0.00
-1.74 -10.84 -1.44 -11.79 0.00
-1.73 -10.87 -1.28 -11.77 0.00
-1.72 -10.91 -1.20 -11.77 0.00
-1.70 -10.95 -1.11 -11.75 0.00
-1.69 -10.99 -1.04 -11.74 0.00
-1.68 -11.02 -0.97 -11.73 0.00
-1.66 -11.06 -0.90 -11.71 0.00
-1.64 -11.09 -0.85 -11.70 0.00
-1.61 -11.12 -0.82 -11.74 0.00
-1.57 -11.15 -0.79 -11.78 0.00
-1.53 -11.18 -0.75 -11.80 0.00
-1.51 -11.22 -0.66 -11.74 0.00
-1.49 -11.27 -0.53 -11.55 0.00
-1.43 -11.26 -0.53 -11.71 0.00
-1.39 -11.31 -0.48 -11.71 0.00
-1.34 -11.32 -0.38 -11.63 0.00
-1.31 -11.35 -0.32 -11.50 0.00
-1.31 -11.35 -0.90 -12.27 1.00
-1.31 -11.35 -1.75 -12.25 1.00
-1.33 -11.38 -1.71 -12.30 0.00
-1.35 -11.43 -1.66 -12.38 0.00
-1.35 -11.43 -1.65 -12.39 0.00
-1.39 -11.50 -1.26 -12.49 0.00
-1.40 -11.54 -1.38 -12.54 0.00
-1.42 -11.56 -1.26 -12.54 0.00
-1.41 -11.63 -1.24 -12.61 0.00
-1.41 -11.67 -1.21 -12.65 0.00
-1.40 -11.70 -1.15 -12.67 0.00
-1.41 -11.72 -1.29 -12.71 0.00
-1.41 -11.74 -1.40 -12.74 0.00
-1.38 -11.81 -1.23 -12.80 0.00
-1.34 -11.87 -0.94 -12.79 0.00
-1.31 -11.87 -0.63 -12.60 0.00
-1.37 -11.93 -1.03 -12.87 0.00
-1.38 -11.94 -0.93 -12.84 0.00
-1.37 -11.94 -1.77 -12.85 1.00
-1.39 -11.95 -1.72 -12.89 0.00
-1.42 -11.99 -1.53 -12.98 0.00
-1.46 -12.03 -1.70 -13.00 0.00
-1.46 -12.08 -1.70 -13.05 0.00
-1.46 -12.07 -1.63 -13.06 0.00
-1.47 -12.14 -1.77 -13.09 0.00
-1.47 -12.16 -1.78 -13.11 0.00
-1.49 -12.21 -1.77 -13.17 0.00
-1.51 -12.25 -1.74 -13.23 0.00
-1.52 -12.29 -1.75 -13.27 0.00
-1.52 -12.31 -1.80 -13.27 0.00
-1.53 -12.37 -1.78 -13.34 0.00
-1.54 -12.40 -1.66 -13.39 0.00
-1.52 -12.41 -1.54 -13.40 0.00
-1.53 -12.48 -1.47 -13.48 0.00
-1.57 -12.62 -1.59 -13.62 0.00
-1.57 -12.62 -2.29 -13.32 1.00
-1.57 -12.62 -2.57 -12.61 1.00
-1.57 -12.62 -2.26 -11.90 1.00
-1.57 -12.62 -1.55 -11.62 1.00
-1.57 -12.58 -1.55 -11.58 0.00
-1.57 -12.56 -1.55 -11.56 0.00
-1.54 -12.60 -1.42 -11.61 0.00
-1.55 -12.45 -1.50 -11.46 0.00
-1.57 -12.40 -1.55 -11.40 0.00
-1.56 -12.39 -1.60 -11.39 0.00
-1.56 -12.34 -1.62 -11.34 0.00
-1.56 -12.29 -1.64 -11.30 0.00
-1.56 -12.25 -1.71 -11.27 0.00
-1.56 -12.21 -1.70 -11.22 0.00
-1.57 -12.18 -1.73 -11.19 0.00
-1.57 -12.16 -1.68 -11.17 0.00
-1.56 -12.13 -1.75 -11.15 0.00
-1.61 -12.03 -2.03 -11.13 0.00
-1.57 -11.98 -1.78 -11.01 0.00
-1.61 -11.96 -1.79 -10.97 0.00
-1.63 -11.92 -1.77 -10.93 0.00
-1.62 -11.88 -1.86 -10.91 0.00
-1.62 -11.83 -1.89 -10.87 0.00
-1.64 -11.80 -1.88 -10.82 0.00
-1.64 -11.75 -1.91 -10.79 0.00
-1.66 -11.71 -1.94 -10.76 0.00
-1.66 -11.68 -1.96 -10.72 0.00
-1.67 -11.64 -1.98 -10.69 0.00
-1.69 -11.60 -2.01 -10.65 0.00
-1.70 -11.56 -2.04 -10.62 0.00
-1.71 -11.52 -2.05 -10.58 0.00
-1.72 -11.48 -2.10 -10.56 0.00
-1.73 -11.44 -2.07 -10.50 0.00
-1.75 -11.41 -2.11 -10.47 0.00
-1.76 -11.37 -2.13 -10.44 0.00
-1.78 -11.33 -2.14 -10.40 0.00
-1.79 -11.29 -2.16 -10.36 0.00
-1.81 -11.25 -2.16 -10.31 0.00
-1.83 -11.21 -2.17 -10.27 0.00
-1.84 -11.17 -2.18 -10.23 0.00
-1.86 -11.13 -2.18 -10.18 0.00
-1.87 -11.09 -2.16 -10.13 0.00
-1.89 -11.05 -2.17 -10.09 0.00
-1.90 -11.01 -2.20 -10.06 0.00
-1.91 -10.99 -2.29 -10.06 0.00
-1.92 -10.95 -2.28 -10.02 0.00
-1.93 -10.90 -2.13 -9.92 0.00
-1.93 -10.85 -2.21 -9.89 0.00
-1.95 -10.82 -2.12 -9.84 0.00
-1.92 -10.76 -2.48 -9.93 0.00
-1.96 -10.72 -2.29 -9.78 0.00
-1.99 -10.69 -2.23 -9.71 0.00
-2.02 -10.67 -2.13 -9.67 0.00
-2.02 -10.59 -2.24 -9.62 0.00
-2.00 -10.54 -2.21 -9.56 0.00
-2.03 -10.50 -2.24 -9.52 0.00
-2.06 -10.47 -2.20 -9.48 0.00
-2.08 -10.42 -2.29 -9.44 0.00
-2.07 -10.40 -2.12 -9.40 0.00
-2.09 -10.37 -2.20 -9.38 0.00
-2.08 -10.33 -2.16 -9.33 0.00
-2.08 -10.26 -2.04 -9.26 0.00
-2.07 -10.26 -2.06 -9.26 0.00
-2.07 -10.22 -2.06 -9.22 0.00
-2.06 -10.12 -2.06 -9.12 0.00
-2.05 -10.14 -1.93 -9.15 0.00
-2.09 -10.05 -2.19 -9.05 0.00
-2.09 -10.03 -1.95 -9.04 0.00
-2.10 -9.99 -1.95 -9.00 0.00
-2.12 -9.92 -1.99 -8.92 0.00
-2.08 -9.90 -1.79 -8.94 0.00
-2.08 -9.86 -1.76 -8.92 0.00
-2.08 -9.83 -1.72 -8.89 0.00
-2.06 -9.79 -1.69 -8.86 0.00
-2.05 -9.75 -1.68 -8.82 0.00
-2.04 -9.72 -1.66 -8.79 0.00
-2.02 -9.68 -1.64 -8.76 0.00
-2.01 -9.65 -1.60 -8.73 0.00
-2.00 -9.62 -1.58 -8.72 0.00
-1.99 -9.61 -1.64 -8.67 0.00
-1.93 -9.57 -1.81 -8.58 0.00
-1.94 -9.49 -1.56 -8.57 0.00
-1.93 -9.47 -1.53 -8.56 0.00
-1.92 -9.42 -1.55 -8.49 0.00
-1.91 -9.41 -1.02 -8.97 1.00
-1.87 -9.40 -1.01 -8.89 0.00
-1.83 -9.38 -1.01 -8.81 0.00
-1.79 -9.37 -0.92 -8.88 0.00
-1.74 -9.34 -0.86 -8.86 0.00
-1.70 -9.31 -0.85 -8.79 0.00
-1.67 -9.27 -1.00 -8.52 0.00
-1.57 -9.26 -0.67 -8.81 0.00
-1.51 -9.25 -0.63 -8.78 0.00
-1.49 -9.21 -0.61 -8.72 0.00
-1.47 -9.18 -0.58 -8.73 0.00
-1.46 -9.16 -0.62 -8.62 0.00
-1.43 -9.13 -0.61 -8.55 0.00
-1.39 -9.11 -0.56 -8.55 0.00
-1.35 -9.08 -0.54 -8.49 0.00
-1.31 -9.05 -0.50 -8.47 0.00
-1.28 -9.03 -0.46 -8.45 0.00
-1.28 -9.03 -0.29 -9.21 1.00
-1.24 -9.04 -0.26 -9.22 0.00
-1.20 -9.04 -0.21 -9.21 0.00
-1.15 -9.05 -0.18 -9.29 0.00
-1.11 -9.06 -0.15 -9.33 0.00
-1.07 -9.07 -0.12 -9.38 0.00
-1.03 -9.08 -0.09 -9.43 0.00
-0.99 -9.08 -0.07 -9.48 0.00
-0.95 -9.09 -0.05 -9.53 0.00
-0.91 -9.10 -0.03 -9.57 0.00
-0.87 -9.11 -0.00 -9.60 0.00
-0.83 -9.12 0.03 -9.62 0.00
-0.79 -9.13 0.07 -9.63 0.00
-0.79 -9.16 -0.05 -9.82 0.00
-0.71 -9.18 0.14 -9.72 0.00
-0.67 -9.19 0.20 -9.69 0.00
-0.65 -9.24 0.12 -9.87 0.00
-0.61 -9.25 0.18 -9.87 0.00
-0.57 -9.28 0.22 -9.90 0.00
-0.55 -9.29 0.28 -9.85 0.00
-0.53 -9.32 0.31 -9.86 0.00
-0.46 -9.33 0.42 -9.81 0.00
-0.48 -9.34 0.51 -9.48 0.00
-0.42 -9.34 0.56 -9.58 0.00
-0.40 -9.44 0.56 -9.73 0.00
-0.36 -9.48 0.61 -9.75 0.00
-0.31 -9.48 0.66 -9.70 0.00
-0.28 -9.50 0.69 -9.76 0.00
-0.23 -9.51 0.74 -9.78 0.00
-0.17 -9.52 0.79 -9.81 0.00
-0.16 -9.52 0.82 -9.74 0.00
-0.11 -9.53 0.86 -9.78 0.00
-0.07 -9.55 0.91 -9.75 0.00
-0.00 -9.57 0.95 -9.88 0.00
0.02 -9.58 0.96 -9.91 0.00
0.06 -9.59 1.03 -9.83 0.00
0.08 -9.62 1.06 -9.78 0.00
0.13 -9.60 1.12 -9.76 0.00
0.20 -9.62 1.17 -9.41 0.00
0.20 -9.61 1.20 -9.67 0.00
0.24 -9.63 1.23 -9.53 0.00
0.27 -9.62 1.26 -9.47 0.00
0.31 -9.59 1.29 -9.39 0.00
0.36 -9.61 1.36 -9.49 0.00
0.41 -9.60 1.34 -9.25 0.00
0.46 -9.58 1.36 -9.15 0.00
0.49 -9.59 1.42 -9.22 0.00
0.55 -9.57 1.49 -9.22 0.00
0.61 -9.57 1.53 -9.18 0.00
0.64 -9.56 1.57 -9.21 0.00
0.68 -9.56 1.62 -9.21 0.00
0.72 -9.54 1.63 -9.13 0.00
0.75 -9.50 1.72 -9.27 0.00
0.82 -9.51 1.81 -9.34 0.00
0.87 -9.49 1.87 -9.53 0.00
0.87 -9.47 1.84 -9.20 0.00
0.92 -9.45 1.90 -9.25 0.00
0.96 -9.46 1.93 -9.22 0.00
0.98 -9.44 1.94 -9.18 0.00
1.02 -9.44 1.99 -9.17 0.00
1.07 -9.44 2.04 -9.21 0.00
1.11 -9.40 2.03 -9.03 0.00
1.14 -9.38 2.02 -8.91 0.00
1.19 -9.37 2.12 -9.00 0.00
1.21 -9.34 2.15 -8.99 0.00
1.29 -9.25 2.27 -9.07 0.00
1.30 -9.29 2.23 -8.93 0.00
1.36 -9.26 2.32 -8.98 0.00
1.37 -9.26 2.31 -8.93 0.00
1.40 -9.26 2.34 -8.92 0.00
1.45 -9.25 2.41 -8.97 0.00
1.50 -9.22 2.46 -8.96 0.00
1.53 -9.23 2.48 -8.94 0.00
1.55 -9.23 2.52 -8.96 0.00
1.59 -9.22 2.55 -8.95 0.00
1.63 -9.20 2.59 -8.92 0.00
1.67 -9.19 2.61 -8.87 0.00
1.71 -9.18 2.63 -8.81 0.00
1.74 -9.17 2.64 -8.74 0.00
1.78 -9.16 2.65 -8.66 0.00
1.82 -9.15 2.65 -8.59 0.00
1.85 -9.13 2.68 -8.57 0.00
1.89 -9.11 2.72 -8.55 0.00
1.92 -9.08 2.75 -8.52 0.00
1.96 -9.06 2.79 -8.51 0.00
1.99 -9.04 2.83 -8.49 0.00
2.03 -9.01 2.87 -8.47 0.00
2.06 -8.99 2.90 -8.45 0.00
2.09 -8.97 2.94 -8.44 0.00
2.12 -8.95 2.97 -8.42 0.00
2.15 -8.93 3.00 -8.40 0.00
2.19 -8.91 3.02 -8.36 0.00
2.22 -8.89 3.02 -8.30 0.00
2.25 -8.87 3.03 -8.24 0.00
2.28 -8.85 3.02 -8.18 0.00
2.31 -8.83 3.03 -8.13 0.00
2.35 -8.81 3.00 -8.05 0.00
2.37 -8.78 3.03 -8.02 0.00
2.40 -8.75 3.06 -8.00 0.00
2.43 -8.72 3.09 -7.97 0.00
2.45 -8.69 3.12 -7.94 0.00
2.48 -8.65 3.16 -7.92 0.00
2.50 -8.62 3.19 -7.90 0.00
2.53 -8.59 3.22 -7.87 0.00
2.56 -8.57 3.26 -7.85 0.00
2.58 -8.54 3.28 -7.82 0.00
2.61 -8.51 3.31 -7.79 0.00
2.64 -8.48 3.33 -7.75 0.00
2.67 -8.45 3.31 -7.69 0.00
2.69 -8.43 3.29 -7.63 0.00
2.72 -8.40 3.28 -7.56 0.00
2.75 -8.37 3.25 -7.50 0.00
2.78 -8.34 3.22 -7.44 0.00
2.78 -8.34 3.72 -8.01 1.00
2.81 -8.33 3.76 -8.01 0.00
2.85 -8.33 3.79 -7.97 0.00
2.83 -8.30 3.83 -8.21 0.00
2.92 -8.31 3.88 -8.04 0.00
2.95 -8.27 3.95 -8.23 0.00
2.99 -8.26 3.98 -8.14 0.00
3.02 -8.27 4.01 -8.31 0.00
3.08 -8.27 4.08 -8.19 0.00
3.16 -8.20 4.02 -7.69 0.00
3.19 -8.24 4.17 -8.03 0.00
3.20 -8.21 4.15 -7.91 0.00
3.17 -8.24 4.17 -8.19 0.00
3.22 -8.20 4.21 -8.07 0.00
3.20 -8.22 4.20 -8.20 0.00
3.32 -8.18 4.32 -8.12 0.00
3.36 -8.20 4.35 -8.08 0.00
3.35 -8.19 4.11 -8.85 1.00
3.49 -8.19 4.46 -7.98 0.00
3.42 -8.25 4.14 -8.95 0.00
3.45 -8.29 3.96 -9.16 0.00
3.47 -8.29 3.97 -9.15 0.00
3.50 -8.32 3.96 -9.21 0.00
3.53 -8.36 4.04 -9.22 0.00
3.58 -8.39 4.00 -9.30 0.00
3.60 -8.42 4.12 -9.27 0.00
3.65 -8.47 4.18 -9.31 0.00
3.62 -8.48 3.97 -9.41 0.00
3.64 -8.53 4.04 -9.45 0.00
3.66 -8.58 3.93 -9.54 0.00
3.66 -8.60 3.94 -9.56 0.00
3.66 -8.64 3.85 -9.62 0.00
3.65 -8.69 3.62 -9.69 0.00
3.72 -8.79 4.01 -9.74 0.00
3.73 -8.83 3.92 -9.81 0.00
3.74 -8.86 3.82 -9.86 0.00
3.76 -8.90 3.70 -9.90 0.00
3.77 -8.94 3.60 -9.93 0.00
3.78 -8.98 3.50 -9.94 0.00
3.79 -9.02 3.42 -9.95 0.00
3.80 -9.06 3.35 -9.95 0.00
3.78 -9.10 3.32 -9.99 0.00
3.76 -9.13 3.30 -10.02 0.00
3.73 -9.17 3.23 -10.03 0.00
3.72 -9.21 3.28 -10.11 0.00
3.70 -9.24 3.29 -10.15 0.00
3.61 -9.29 3.21 -10.21 0.00
3.61 -9.38 3.28 -10.32 0.00
3.53 -9.42 3.26 -10.38 0.00
3.51 -9.49 3.43 -10.48 0.00
3.51 -9.49 3.13 -10.41 0.00
3.52 -9.56 3.02 -10.43 0.00
3.52 -9.62 3.05 -10.51 0.00
3.50 -9.65 2.87 -10.43 0.00
3.49 -9.69 2.82 -10.43 0.00
3.49 -9.73 2.71 -10.35 0.00
3.40 -9.76 2.55 -10.29 0.00
3.39 -9.83 2.67 -10.52 0.00
3.32 -9.80 2.58 -10.47 0.00
3.33 -9.84 2.53 -10.44 0.00
3.36 -9.93 2.56 -10.52 0.00
3.32 -9.91 2.41 -10.33 0.00
3.27 -9.95 2.35 -10.36 0.00
3.19 -10.00 2.24 -10.33 0.00
3.13 -9.95 2.20 -10.31 0.00
3.05 -10.01 2.13 -10.40 0.00
2.89 -9.98 2.56 -10.93 0.00
2.95 -10.05 1.97 -10.26 0.00
2.93 -10.06 1.95 -10.24 0.00
2.90 -10.08 1.91 -10.22 0.00
2.87 -10.10 1.87 -10.16 0.00
2.83 -10.11 1.83 -10.11 0.00
2.79 -10.12 1.79 -10.06 0.00
2.75 -10.12 1.75 -10.02 0.00
2.71 -10.13 1.71 -9.99 0.00
2.66 -10.13 1.67 -9.97 0.00
2.62 -10.12 1.63 -9.95 0.00
2.57 -10.11 1.59 -9.94 0.00
2.52 -10.11 1.55 -9.91 0.00
2.48 -10.10 1.50 -9.88 0.00
2.43 -10.09 1.47 -9.83 0.00
2.39 -10.08 1.43 -9.80 0.00
2.35 -10.07 1.39 -9.79 0.00
2.31 -10.06 1.35 -9.78 0.00
2.27 -10.05 1.32 -9.75 0.00
2.23 -10.04 1.28 -9.73 0.00
2.19 -10.03 1.25 -9.69 0.00
2.15 -10.01 1.22 -9.65 0.00
2.11 -10.00 1.19 -9.61 0.00
2.07 -9.99 1.16 -9.57 0.00
2.02 -9.97 1.13 -9.52 0.00
1.98 -9.96 1.11 -9.48 0.00
1.94 -9.95 1.09 -9.43 0.00
1.90 -9.92 1.05 -9.40 0.00
1.86 -9.90 1.02 -9.37 0.00
1.82 -9.88 0.98 -9.34 0.00
1.78 -9.85 0.94 -9.31 0.00
1.71 -9.89 1.13 -9.08 0.00
1.70 -9.88 1.03 -9.14 0.00
1.70 -9.80 0.99 -9.09 0.00
1.61 -9.75 1.01 -8.95 0.00
1.60 -9.73 0.98 -8.94 0.00
1.57 -9.69 1.02 -8.85 0.00
1.53 -9.64 1.00 -8.79 0.00
1.48 -9.60 1.18 -8.65 0.00
1.49 -9.58 1.24 -8.61 0.00
1.42 -9.54 0.98 -8.65 0.00
1.38 -9.50 1.11 -8.54 0.00
1.37 -9.43 0.96 -8.51 0.00
1.39 -9.42 1.19 -8.44 0.00
1.38 -9.37 1.26 -8.37 0.00
1.40 -9.32 1.66 -8.36 0.00
1.35 -9.26 1.16 -8.28 0.00
1.33 -9.23 1.08 -8.26 0.00
1.30 -9.19 1.16 -8.20 0.00
1.29 -9.16 1.12 -8.17 0.00
1.29 -9.11 1.10 -8.13 0.00
1.28 -9.08 1.07 -8.10 0.00
1.27 -9.04 1.03 -8.06 0.00
1.26 -9.00 0.96 -8.04 0.00
1.26 -8.95 0.89 -8.02 0.00
1.25 -8.91 0.83 -8.01 0.00
1.24 -8.87 0.76 -7.99 0.00
1.23 -8.83 0.71 -7.98 0.00
1.22 -8.79 0.66 -7.96 0.00
1.20 -8.75 0.62 -7.94 0.00
1.17 -8.71 0.58 -7.90 0.00
1.15 -8.67 0.54 -7.87 0.00
1.11 -8.63 0.51 -7.83 0.00
1.08 -8.59 0.45 -7.81 0.00
1.06 -8.54 0.37 -7.82 0.00
1.03 -8.50 0.33 -7.79 0.00
1.00 -8.47 0.29 -7.76 0.00
0.97 -8.43 0.30 -7.68 0.00
0.93 -8.40 0.33 -7.60 0.00
0.90 -8.37 0.36 -7.52 0.00
0.87 -8.34 0.41 -7.45 0.00
0.84 -8.31 0.47 -7.38 0.00
0.80 -8.28 0.53 -7.31 0.00
0.77 -8.27 0.58 -7.28 0.00
0.77 -8.24 0.61 -7.25 0.00
0.74 -8.21 0.68 -7.22 0.00
0.76 -8.15 0.37 -7.22 0.00
0.75 -8.08 0.45 -7.13 0.00
0.75 -8.07 0.31 -7.17 0.00
0.73 -8.02 0.40 -7.07 0.00
0.73 -8.01 1.17 -7.12 1.00
0.73 -7.99 1.65 -7.58 1.00
0.74 -7.99 1.66 -8.37 1.00
0.77 -8.01 1.70 -8.39 0.00
0.82 -8.03 1.75 -8.40 0.00
0.85 -8.03 1.79 -8.38 0.00
0.89 -8.02 1.85 -8.30 0.00
0.92 -8.07 1.84 -8.47 0.00
0.95 -8.03 1.92 -8.29 0.00
1.01 -8.09 1.96 -8.39 0.00
1.05 -8.11 2.00 -8.43 0.00
1.08 -8.12 2.00 -8.51 0.00
1.10 -8.15 1.95 -8.68 0.00
1.14 -8.16 2.05 -8.57 0.00
1.16 -8.18 2.07 -8.61 0.00
1.19 -8.21 2.12 -8.58 0.00
1.25 -8.27 2.23 -8.46 0.00
1.31 -8.29 2.26 -8.60 0.00
1.35 -8.30 2.35 -8.35 0.00
1.39 -8.31 2.39 -8.37 0.00
1.42 -8.32 2.42 -8.40 0.00
1.50 -8.32 2.50 -8.37 0.00
1.52 -8.32 2.52 -8.37 0.00
1.58 -8.32 2.49 -8.73 0.00
1.60 -8.32 2.53 -8.68 0.00
1.63 -8.32 2.53 -8.77 0.00
1.69 -8.34 2.54 -8.87 0.00
1.71 -8.34 2.60 -8.80 0.00
1.75 -8.36 2.63 -8.83 0.00
1.78 -8.38 2.66 -8.85 0.00
1.82 -8.40 2.70 -8.87 0.00
1.86 -8.41 2.73 -8.90 0.00
1.89 -8.43 2.75 -8.94 0.00
1.93 -8.45 2.78 -8.97 0.00
1.96 -8.47 2.81 -9.00 0.00
2.00 -8.49 2.80 -9.09 0.00
2.03 -8.51 2.81 -9.14 0.00
2.07 -8.53 2.81 -9.20 0.00
2.10 -8.55 2.80 -9.27 0.00
2.13 -8.57 2.79 -9.33 0.00
2.16 -8.60 2.79 -9.38 0.00
2.19 -8.62 2.80 -9.42 0.00
2.22 -8.65 2.82 -9.45 0.00
2.24 -8.68 2.82 -9.50 0.00
2.27 -8.71 2.84 -9.53 0.00
2.29 -8.74 2.87 -9.56 0.00
2.31 -8.78 2.89 -9.60 0.00
2.34 -8.81 2.92 -9.62 0.00
2.36 -8.84 2.96 -9.64 0.00
2.38 -8.87 3.00 -9.65 0.00
2.40 -8.90 3.05 -9.66 0.00
2.43 -8.93 3.03 -9.73 0.00
2.46 -8.96 3.03 -9.78 0.00
2.48 -8.99 3.03 -9.83 0.00
2.51 -9.02 3.03 -9.87 0.00
2.53 -9.05 3.05 -9.91 0.00
2.55 -9.09 3.05 -9.95 0.00
2.58 -9.12 3.06 -9.99 0.00
2.60 -9.15 3.07 -10.03 0.00
2.62 -9.19 3.10 -10.07 0.00
2.64 -9.22 3.11 -10.10 0.00
2.65 -9.26 3.12 -10.14 0.00
2.67 -9.29 3.15 -10.17 0.00
2.69 -9.32 3.16 -10.21 0.00
2.71 -9.36 3.20 -10.23 0.00
2.72 -9.39 3.23 -10.25 0.00
2.74 -9.42 3.29 -10.26 0.00
2.76 -9.46 3.29 -10.31 0.00
2.79 -9.49 3.28 -10.36 0.00
2.81 -9.52 3.26 -10.42 0.00
2.83 -9.55 3.23 -10.47 0.00
2.85 -9.59 3.23 -10.51 0.00
2.86 -9.62 3.21 -10.56 0.00
2.85 -9.64 3.19 -10.58 0.00
2.83 -9.68 3.17 -10.62 0.00
2.84 -9.73 3.10 -10.69 0.00
2.84 -9.82 3.22 -10.74 0.00
2.88 -9.87 3.27 -10.79 0.00
2.92 -9.87 3.30 -10.79 0.00
2.95 -9.88 3.41 -10.77 0.00
2.97 -9.91 3.54 -10.73 0.00
2.93 -10.04 3.88 -10.33 0.00
3.00 -10.02 3.85 -10.55 0.00
3.03 -10.04 3.99 -10.30 0.00
3.04 -10.03 3.98 -10.37 0.00
2.99 -10.06 3.92 -10.45 0.00
3.17 -10.12 4.14 -10.36 0.00
3.16 -10.15 4.11 -10.46 0.00
3.25 -10.19 4.24 -10.34 0.00
3.24 -10.15 4.24 -10.20 0.00
3.30 -10.21 4.18 -10.67 0.00
3.31 -10.21 4.29 -10.41 0.00
3.35 -10.21 4.33 -10.43 0.00
3.25 -10.22 4.23 -10.39 0.00
3.39 -10.17 4.21 -10.75 0.00
3.39 -10.21 4.39 -10.19 0.00
3.60 -10.16 4.58 -9.93 0.00
3.56 -10.24 4.55 -10.13 0.00
3.57 -10.25 4.56 -10.08 0.00
3.61 -10.24 4.60 -10.11 0.00
3.65 -10.18 4.65 -10.11 0.00
3.72 -10.20 4.70 -9.98 0.00
3.74 -10.23 4.68 -9.88 0.00
3.79 -10.21 4.71 -9.82 0.00
3.82 -10.20 4.72 -9.75 0.00
3.86 -10.19 4.74 -9.71 0.00
3.90 -10.18 4.80 -9.74 0.00
3.92 -10.15 4.83 -9.73 0.00
3.95 -10.15 4.81 -9.63 0.00
3.99 -10.12 4.83 -9.58 0.00
4.07 -10.10 4.85 -9.49 0.00
4.07 -10.08 4.85 -9.46 0.00
4.07 -10.08 4.82 -9.42 0.00
4.13 -10.04 4.85 -9.34 0.00
4.15 -10.02 4.82 -9.29 0.00
4.20 -9.99 4.86 -9.24 0.00
4.20 -9.97 4.80 -9.18 0.00
4.22 -9.94 4.78 -9.11 0.00
4.26 -9.90 4.75 -9.03 0.00
4.29 -9.87 4.70 -8.95 0.00
4.31 -9.84 4.71 -8.92 0.00
4.34 -9.81 4.66 -8.86 0.00
4.35 -9.77 4.69 -8.83 0.00
4.37 -9.74 4.60 -8.76 0.00
4.38 -9.69 4.63 -8.72 0.00
4.38 -9.64 4.55 -8.66 0.00
4.43 -9.58 4.65 -8.60 0.00
4.41 -9.56 4.68 -8.60 0.00
4.41 -9.55 4.57 -8.56 0.00
4.44 -9.52 4.50 -8.52 0.00
4.43 -9.51 4.41 -8.51 0.00
4.39 -9.48 4.13 -8.51 0.00
4.45 -9.30 4.89 -8.40 0.00
4.53 -9.32 4.39 -8.33 0.00
4.51 -9.36 4.38 -8.37 0.00
4.43 -9.31 3.88 -8.48 0.00
4.42 -9.27 3.85 -8.45 0.00
