2.70 2.80 2.05 3.56 0.00
2.67 2.84 2.00 3.58 0.00
2.65 2.86 1.98 3.61 0.00
2.62 2.90 1.93 3.62 0.00
2.60 2.93 1.89 3.63 0.00
2.57 2.96 1.85 3.65 0.00
2.54 2.99 1.80 3.66 0.00
2.52 3.02 1.76 3.67 0.00
2.49 3.05 1.72 3.69 0.00
2.47 3.08 1.67 3.68 0.00
2.43 3.10 1.64 3.72 0.00
2.40 3.13 1.59 3.72 0.00
2.37 3.15 1.54 3.72 0.00
2.33 3.18 1.48 3.70 0.00
2.30 3.21 1.43 3.69 0.00
2.27 3.23 1.37 3.67 0.00
2.23 3.26 1.33 3.67 0.00
2.20 3.27 1.29 3.69 0.00
2.16 3.29 1.25 3.70 0.00
2.13 3.32 1.24 3.77 0.00
2.09 3.33 1.19 3.77 0.00
2.05 3.34 1.13 3.75 0.00
2.02 3.37 1.16 3.88 0.00
1.97 3.38 1.09 3.85 0.00
1.95 3.39 1.09 3.90 0.00
1.90 3.41 1.05 3.93 0.00
1.87 3.43 1.03 3.97 0.00
1.83 3.45 1.01 4.01 0.00
1.80 3.47 0.98 4.04 0.00
1.76 3.49 0.95 4.07 0.00
1.73 3.51 0.92 4.09 0.00
1.70 3.53 0.89 4.12 0.00
1.67 3.55 0.86 4.14 0.00
1.64 3.58 0.83 4.17 0.00
1.60 3.60 0.80 4.20 0.00
1.57 3.62 0.77 4.22 0.00
1.54 3.64 0.75 4.25 0.00
1.50 3.62 0.72 4.25 0.00
1.47 3.62 0.72 4.28 0.00
1.41 3.64 0.71 4.35 0.00
1.41 3.77 0.43 3.99 0.00
1.39 3.77 0.57 4.34 0.00
1.36 3.78 0.53 4.34 0.00
1.31 3.81 0.51 4.41 0.00
1.30 3.84 0.45 4.38 0.00
1.24 3.86 0.50 4.53 0.00
1.23 3.89 0.45 4.51 0.00
1.19 3.91 0.43 4.57 0.00
1.19 3.93 0.43 4.58 0.00
1.16 3.96 0.44 4.65 0.00
1.13 3.98 0.44 4.70 0.00
1.09 4.03 0.25 4.58 0.00
1.08 4.07 0.38 4.79 0.00
1.05 4.08 0.43 4.86 0.00
1.05 4.09 0.62 5.00 0.00
1.03 4.14 0.60 5.04 0.00
0.98 4.17 0.50 5.05 0.00
0.90 4.19 0.17 4.88 0.00
0.89 4.21 0.23 4.96 0.00
0.87 4.24 0.30 5.06 0.00
0.85 4.27 0.31 5.11 0.00
0.83 4.29 0.27 5.12 0.00
0.80 4.33 0.31 5.20 0.00
0.78 4.36 0.32 5.25 0.00
0.75 4.40 0.31 5.30 0.00
0.73 4.44 0.34 5.36 0.00
0.71 4.47 0.28 5.37 0.00
0.70 4.52 0.32 5.44 0.00
0.67 4.54 0.31 5.47 0.00
0.66 4.58 0.38 5.54 0.00
0.65 4.64 0.47 5.62 0.00
0.62 4.67 0.38 5.64 0.00
0.63 4.71 0.56 5.71 0.00
0.57 4.74 0.33 5.71 0.00
0.55 4.79 0.37 5.77 0.00
0.53 4.82 0.19 5.76 0.00
0.57 4.86 0.52 5.86 0.00
0.56 4.91 0.54 5.91 0.00
0.56 4.94 0.54 5.94 0.00
0.56 4.98 0.57 5.98 0.00
0.56 5.02 0.58 6.02 0.00
0.56 5.06 0.61 6.06 0.00
0.56 5.10 0.69 6.09 0.00
0.56 5.15 0.80 6.12 0.00
0.57 5.19 0.90 6.13 0.00
0.57 5.23 0.97 6.15 0.00
0.57 5.27 1.05 6.15 0.00
0.57 5.31 1.11 6.16 0.00
0.58 5.36 1.18 6.15 0.00
0.61 5.38 1.20 6.19 0.00
0.63 5.42 1.18 6.25 0.00
0.65 5.45 1.25 6.25 0.00
0.68 5.47 1.28 6.27 0.00
0.70 5.51 1.33 6.28 0.00
0.72 5.54 1.39 6.28 0.00
0.74 5.57 1.45 6.27 0.00
0.76 5.60 1.50 6.27 0.00
0.79 5.64 1.61 6.21 0.00
0.83 5.68 1.69 6.19 0.00
0.86 5.71 1.77 6.13 0.00
0.90 5.75 1.84 6.08 0.00
0.93 5.78 1.90 6.03 0.00
0.97 5.80 1.95 6.02 0.00
1.01 5.81 1.98 6.03 0.00
1.05 5.81 2.02 6.04 0.00
1.09 5.82 2.07 6.01 0.00
1.13 5.83 2.12 5.97 0.00
1.16 5.84 2.16 5.92 0.00
1.21 5.85 2.21 5.89 0.00
1.25 5.86 2.25 5.85 0.00
1.28 5.84 2.28 5.78 0.00
1.33 5.85 2.31 5.66 0.00
1.36 5.84 2.34 5.64 0.00
1.40 5.83 2.38 5.61 0.00
1.44 5.82 2.41 5.58 0.00
1.48 5.82 2.44 5.54 0.00
1.52 5.81 2.49 5.53 0.00
1.56 5.80 2.51 5.49 0.00
1.60 5.79 2.54 5.44 0.00
1.64 5.78 2.57 5.42 0.00
1.69 5.77 2.62 5.40 0.00
1.72 5.75 2.65 5.39 0.00
1.76 5.74 2.68 5.36 0.00
1.80 5.74 2.71 5.32 0.00
1.84 5.72 2.76 5.34 0.00
1.87 5.70 2.82 5.38 0.00
1.90 5.68 2.84 5.33 0.00
1.94 5.67 2.89 5.34 0.00
1.97 5.65 2.93 5.35 0.00
2.01 5.64 2.97 5.34 0.00
2.05 5.63 3.01 5.33 0.00
2.09 5.61 3.04 5.31 0.00
2.13 5.60 3.09 5.32 0.00
2.16 5.59 3.14 5.36 0.00
2.20 5.58 3.19 5.42 0.00
2.24 5.57 3.24 5.49 0.00
2.28 5.55 3.28 5.57 0.00
2.32 5.54 3.31 5.64 0.00
2.35 5.53 3.34 5.70 0.00
2.39 5.53 3.37 5.76 0.00
2.43 5.53 3.40 5.78 0.00
2.47 5.54 3.44 5.79 0.00
2.52 5.55 3.48 5.83 0.00
2.55 5.56 3.49 5.92 0.00
2.59 5.57 3.47 6.04 0.00
2.63 5.59 3.57 5.93 0.00
2.67 5.61 3.63 5.89 0.00
2.70 5.65 3.68 5.85 0.00
2.74 5.66 3.73 5.78 0.00
2.78 5.68 3.78 5.73 0.00
2.81 5.69 3.81 5.74 0.00
2.86 5.69 3.86 5.64 0.00
2.93 5.70 3.92 5.57 0.00
2.94 5.70 3.94 5.66 0.00
2.98 5.69 3.97 5.82 0.00
3.01 5.71 4.01 5.70 0.00
3.06 5.71 4.06 5.65 0.00
3.08 5.70 4.07 5.86 0.00
3.12 5.70 4.11 5.78 0.00
3.16 5.70 4.16 5.83 0.00
3.21 5.69 4.20 5.78 0.00
3.22 5.68 3.99 5.05 1.00
3.21 5.68 3.28 4.68 1.00
3.22 5.63 3.41 4.65 0.00
3.22 5.60 3.33 4.60 0.00
3.25 5.52 3.39 4.53 0.00
3.23 5.51 3.39 4.52 0.00
3.23 5.49 3.35 4.50 0.00
3.23 5.44 3.31 4.45 0.00
3.23 5.40 3.33 4.41 0.00
3.24 5.37 3.41 4.38 0.00
3.23 5.31 3.44 4.33 0.00
3.24 5.28 3.40 4.29 0.00
3.25 5.25 3.46 4.27 0.00
3.26 5.20 3.54 4.24 0.00
3.26 5.17 3.56 4.21 0.00
3.27 5.13 3.75 4.25 0.00
3.27 5.09 3.81 4.25 0.00
3.28 5.06 3.71 4.16 0.00
3.28 5.06 2.89 4.14 1.00
3.25 5.02 2.77 4.14 0.00
3.22 4.95 2.80 4.05 0.00
3.24 4.94 2.97 3.98 0.00
3.23 4.91 2.88 3.97 0.00
3.20 4.85 2.96 3.88 0.00
3.19 4.83 2.98 3.85 0.00
3.14 4.79 2.98 3.81 0.00
3.13 4.76 3.00 3.77 0.00
3.10 4.72 3.02 3.72 0.00
3.04 4.67 2.67 3.74 0.00
3.06 4.61 3.02 3.61 0.00
3.05 4.58 3.00 3.58 0.00
3.06 4.55 2.93 3.56 0.00
3.07 4.51 2.88 3.53 0.00
3.06 4.48 2.91 3.49 0.00
3.07 4.44 2.94 3.45 0.00
3.05 4.42 2.66 3.50 0.00
3.06 4.37 2.65 3.46 0.00
3.08 4.33 2.70 3.41 0.00
3.09 4.29 2.66 3.39 0.00
3.06 4.24 2.58 3.36 0.00
3.04 4.20 2.60 3.30 0.00
3.00 4.15 2.59 3.24 0.00
2.99 4.11 2.51 3.24 0.00
2.97 4.07 2.44 3.23 0.00
2.95 4.03 2.36 3.22 0.00
2.93 3.98 2.29 3.22 0.00
2.91 3.95 2.22 3.22 0.00
2.89 3.90 2.14 3.24 0.00
2.87 3.86 2.06 3.26 0.00
2.84 3.83 2.02 3.25 0.00
2.80 3.80 1.98 3.24 0.00
2.76 3.79 2.00 3.14 0.00
2.72 3.77 1.99 3.08 0.00
2.69 3.74 1.95 3.07 0.00
2.66 3.72 1.93 3.04 0.00
2.63 3.70 1.90 3.01 0.00
2.60 3.66 1.88 2.97 0.00
2.57 3.63 1.84 2.94 0.00
2.54 3.60 1.81 2.92 0.00
2.52 3.59 1.79 2.90 0.00
2.49 3.56 1.77 2.86 0.00
2.46 3.53 1.75 2.82 0.00
2.43 3.50 1.73 2.80 0.00
2.40 3.48 1.71 2.76 0.00
2.38 3.45 1.68 2.74 0.00
2.35 3.43 1.66 2.71 0.00
2.33 3.40 1.64 2.68 0.00
2.30 3.37 1.67 2.59 0.00
2.26 3.34 1.67 2.53 0.00
2.22 3.30 1.68 2.47 0.00
2.19 3.27 1.69 2.40 0.00
2.16 3.24 1.70 2.35 0.00
2.13 3.20 1.72 2.29 0.00
2.11 3.16 1.71 2.25 0.00
2.09 3.13 1.72 2.20 0.00
2.07 3.08 1.71 2.15 0.00
2.05 3.04 1.71 2.10 0.00
2.04 3.00 1.77 2.04 0.00
2.03 3.00 1.57 2.11 0.00
2.01 2.92 1.91 1.92 0.00
1.98 2.87 1.94 1.87 0.00
1.97 2.85 1.98 1.85 0.00
1.96 2.80 2.04 1.81 0.00
1.95 2.81 1.96 1.81 0.00
1.94 2.78 1.68 1.81 0.00
1.98 2.66 2.13 1.67 0.00
1.97 2.60 2.13 1.61 0.00
1.96 2.60 2.20 1.63 0.00
1.98 2.57 2.16 1.58 0.00
1.98 2.51 2.19 1.53 0.00
1.98 2.50 2.12 1.51 0.00
1.98 2.44 2.31 1.50 0.00
2.01 2.39 2.51 1.53 0.00
2.04 2.34 2.62 1.53 0.00
2.02 2.31 2.52 1.45 0.00
2.06 2.30 2.65 1.49 0.00
2.02 2.26 2.63 1.47 0.00
2.08 2.24 2.78 1.52 0.00
2.06 2.20 2.83 1.55 0.00
2.07 2.20 3.04 1.97 0.00
2.15 2.17 3.02 1.68 0.00
2.15 2.12 2.88 1.43 0.00
2.20 2.08 2.95 1.42 0.00
2.22 2.07 3.04 1.49 0.00
2.25 2.05 3.13 1.56 0.00
2.31 2.00 3.16 1.48 0.00
2.34 2.00 3.18 1.46 0.00
2.36 1.96 3.23 1.46 0.00
2.38 1.94 3.28 1.50 0.00
2.41 1.91 3.33 1.51 0.00
2.44 1.90 3.39 1.57 0.00
2.48 1.88 3.44 1.60 0.00
2.53 1.86 3.50 1.62 0.00
2.55 1.85 3.53 1.64 0.00
2.59 1.83 3.57 1.68 0.00
2.63 1.82 3.62 1.68 0.00
2.66 1.81 3.66 1.70 0.00
2.70 1.80 3.70 1.71 0.00
2.74 1.80 3.73 1.74 0.00
2.78 1.79 3.78 1.72 0.00
2.82 1.79 3.81 1.71 0.00
2.85 1.80 3.85 1.79 0.00
2.89 1.79 3.89 1.85 0.00
2.93 1.78 3.91 1.99 0.00
2.97 1.78 3.91 2.12 0.00
3.01 1.78 3.88 2.26 0.00
3.04 1.77 3.84 2.37 0.00
3.08 1.77 3.80 2.46 0.00
3.12 1.77 3.80 2.50 0.00
3.15 1.79 3.82 2.53 0.00
3.19 1.83 3.85 2.58 0.00
3.18 1.83 4.18 1.88 1.00
3.17 1.83 3.92 1.17 1.00
3.17 1.83 3.23 0.83 1.00
3.16 1.80 3.29 0.81 0.00
3.18 1.75 3.24 0.76 0.00
3.17 1.71 3.19 0.71 0.00
3.18 1.68 3.24 0.68 0.00
3.17 1.63 3.19 0.64 0.00
3.18 1.61 3.23 0.61 0.00
3.18 1.58 3.22 0.58 0.00
3.17 1.52 3.16 0.52 0.00
3.17 1.50 3.19 0.50 0.00
3.18 1.44 3.11 0.44 0.00
3.19 1.39 3.17 0.39 0.00
3.18 1.37 3.14 0.37 0.00
3.19 1.32 3.18 0.32 0.00
3.19 1.29 3.13 0.29 0.00
3.17 1.23 3.05 0.24 0.00
3.19 1.21 3.17 0.21 0.00
3.19 1.16 3.12 0.16 0.00
3.19 1.13 3.07 0.14 0.00
3.19 1.09 3.08 0.10 0.00
3.18 1.04 3.02 0.06 0.00
3.19 1.02 2.90 0.06 0.00
3.18 0.96 2.98 -0.02 0.00
3.19 0.92 2.95 -0.06 0.00
3.14 0.88 2.99 -0.11 0.00
3.16 0.84 2.91 -0.13 0.00
3.13 0.80 2.82 -0.15 0.00
3.15 0.77 2.83 -0.18 0.00
3.11 0.73 2.59 -0.11 0.00
3.12 0.69 2.60 -0.17 0.00
3.12 0.64 2.59 -0.21 0.00
3.11 0.61 2.53 -0.20 0.00
3.10 0.57 2.48 -0.21 0.00
3.07 0.54 2.43 -0.23 0.00
3.05 0.51 2.41 -0.26 0.00
3.03 0.47 2.38 -0.29 0.00
3.00 0.44 2.34 -0.31 0.00
2.97 0.42 2.30 -0.32 0.00
2.95 0.38 2.22 -0.30 0.00
2.93 0.35 2.16 -0.29 0.00
2.90 0.32 2.09 -0.26 0.00
2.87 0.29 2.04 -0.27 0.00
2.85 0.26 1.97 -0.23 0.00
2.82 0.23 1.92 -0.21 0.00
2.78 0.21 1.88 -0.22 0.00
2.75 0.19 1.84 -0.23 0.00
2.71 0.18 1.78 -0.19 0.00
2.67 0.16 1.72 -0.13 0.00
2.64 0.14 1.65 -0.04 0.00
2.61 0.13 1.62 -0.03 0.00
2.55 0.12 1.57 -0.05 0.00
2.51 0.12 1.52 -0.04 0.00
2.47 0.11 1.48 0.01 0.00
2.43 0.10 1.43 0.05 0.00
2.39 0.09 1.39 0.09 0.00
2.38 0.09 1.40 0.25 0.00
2.34 0.12 1.34 0.18 0.00
2.26 0.06 1.29 0.27 0.00
2.22 0.08 1.24 0.28 0.00
2.18 0.07 1.20 0.28 0.00
2.14 0.08 1.17 0.30 0.00
2.09 0.09 1.11 0.30 0.00
2.03 0.09 1.06 0.32 0.00
1.98 0.10 1.07 0.52 0.00
1.94 0.13 1.09 0.65 0.00
1.90 0.23 2.32 1.14 1.00
1.84 0.25 1.80 1.25 0.00
1.91 0.34 2.23 1.29 0.00
1.95 0.35 2.37 1.25 0.00
1.98 0.38 2.31 1.33 0.00
2.00 0.41 2.31 1.36 0.00
2.00 0.44 2.32 1.39 0.00
2.03 0.47 2.38 1.41 0.00
2.04 0.52 2.40 1.45 0.00
2.04 0.55 2.41 1.48 0.00
2.06 0.60 2.29 1.57 0.00
2.08 0.64 2.35 1.60 0.00
2.07 0.67 2.16 1.67 0.00
2.08 0.73 2.03 1.73 0.00
2.11 0.75 2.27 1.74 0.00
2.11 0.80 2.19 1.80 0.00
2.13 0.84 2.18 1.84 0.00
2.12 0.89 2.23 1.88 0.00
2.14 0.93 2.12 1.93 0.00
2.15 0.96 2.22 1.96 0.00
2.13 1.04 2.19 2.04 0.00
2.14 1.06 2.22 2.06 0.00
2.16 1.10 2.27 2.09 0.00
2.17 1.16 2.19 2.16 0.00
2.17 1.17 2.31 2.16 0.00
2.17 1.21 2.40 2.18 0.00
2.15 1.26 2.16 2.26 0.00
2.17 1.32 2.05 2.31 0.00
2.17 1.33 2.38 2.31 0.00
2.18 1.36 2.44 2.32 0.00
2.18 1.40 2.40 2.38 0.00
2.19 1.44 2.44 2.41 0.00
2.20 1.46 2.42 2.44 0.00
2.22 1.53 2.34 2.53 0.00
2.21 1.54 2.38 2.53 0.00
2.23 1.54 2.49 2.51 0.00
2.27 1.62 2.31 2.62 0.00
2.25 1.67 2.35 2.67 0.00
2.25 1.72 2.36 2.71 0.00
2.26 1.73 2.36 2.73 0.00
2.27 1.78 2.39 2.77 0.00
2.27 1.81 2.35 2.80 0.00
2.27 1.88 2.39 2.87 0.00
2.28 1.90 2.40 2.89 0.00
2.28 1.93 2.40 2.93 0.00
2.29 1.96 2.43 2.95 0.00
2.30 2.04 2.43 3.03 0.00
2.30 2.06 2.41 3.05 0.00
2.34 2.11 2.35 3.11 0.00
2.34 2.15 2.34 3.15 0.00
2.36 2.19 2.35 3.19 0.00
2.36 2.23 2.36 3.23 0.00
2.36 2.25 2.34 3.25 0.00
2.37 2.30 2.31 3.30 0.00
2.37 2.36 2.33 3.36 0.00
2.35 2.41 2.29 3.40 0.00
2.35 2.43 2.31 3.43 0.00
2.36 2.47 2.27 3.47 0.00
2.36 2.52 2.25 3.51 0.00
2.35 2.56 2.32 3.56 0.00
2.35 2.62 2.19 3.61 0.00
2.34 2.64 2.27 3.63 0.00
2.33 2.68 2.26 3.67 0.00
2.33 2.71 2.20 3.71 0.00
2.33 2.75 2.17 3.74 0.00
2.33 2.80 2.17 3.78 0.00
2.32 2.84 2.13 3.82 0.00
2.31 2.87 2.16 3.86 0.00
2.30 2.91 2.12 3.90 0.00
2.30 2.95 2.11 3.94 0.00
2.29 2.99 2.10 3.98 0.00
2.28 3.03 2.09 4.01 0.00
2.27 3.07 2.08 4.05 0.00
2.27 3.11 2.07 4.09 0.00
2.26 3.15 2.06 4.13 0.00
2.25 3.19 2.06 4.17 0.00
2.24 3.23 2.06 4.21 0.00
2.24 3.27 2.06 4.25 0.00
2.23 3.31 2.04 4.29 0.00
2.23 3.35 2.07 4.34 0.00
2.21 3.39 2.04 4.38 0.00
2.20 3.43 2.08 4.42 0.00
2.20 3.47 2.15 4.47 0.00
2.19 3.51 2.21 4.51 0.00
2.18 3.56 2.28 4.55 0.00
2.18 3.60 2.34 4.58 0.00
2.17 3.64 2.39 4.62 0.00
2.16 3.67 2.47 4.62 0.00
2.17 3.71 2.49 4.66 0.00
2.18 3.76 2.48 4.71 0.00
2.21 3.78 2.49 4.74 0.00
2.23 3.83 2.56 4.78 0.00
2.25 3.86 2.56 4.81 0.00
2.26 3.89 2.65 4.81 0.00
2.28 3.94 2.62 4.89 0.00
2.28 3.99 2.67 4.91 0.00
2.28 4.02 2.72 4.92 0.00
2.30 4.06 2.71 4.98 0.00
2.32 4.09 2.71 5.01 0.00
2.33 4.13 2.70 5.06 0.00
2.34 4.17 2.66 5.11 0.00
2.37 4.21 2.66 5.16 0.00
2.38 4.24 2.62 5.21 0.00
2.40 4.27 2.59 5.26 0.00
2.42 4.31 2.56 5.30 0.00
2.43 4.35 2.54 5.34 0.00
2.44 4.39 2.53 5.39 0.00
2.44 4.43 2.51 5.43 0.00
2.45 4.47 2.48 5.47 0.00
2.45 4.51 2.45 5.51 0.00
2.45 4.56 2.43 5.56 0.00
2.46 4.59 2.38 5.59 0.00
2.46 4.63 2.35 5.62 0.00
2.46 4.67 2.37 5.66 0.00
2.45 4.71 2.43 5.71 0.00
2.45 4.75 2.47 5.75 0.00
2.44 4.79 2.53 5.79 0.00
2.44 4.84 2.57 5.83 0.00
2.44 4.88 2.62 5.86 0.00
2.43 4.92 2.66 5.89 0.00
2.43 4.96 2.70 5.92 0.00
2.44 5.00 2.69 5.97 0.00
2.45 5.03 2.69 6.00 0.00
2.46 5.05 2.68 6.03 0.00
2.47 5.10 2.73 6.06 0.00
2.48 5.13 2.76 6.09 0.00
2.49 5.16 2.81 6.11 0.00
2.50 5.20 2.87 6.13 0.00
2.50 5.24 2.93 6.14 0.00
2.52 5.28 3.05 6.13 0.00
2.54 5.32 3.14 6.12 0.00
2.56 5.37 3.24 6.11 0.00
2.58 5.41 3.33 6.07 0.00
2.60 5.45 3.42 6.03 0.00
2.63 5.50 3.50 5.98 0.00
2.65 5.52 3.55 5.96 0.00
2.69 5.54 3.59 5.97 0.00
2.72 5.55 3.63 5.96 0.00
2.75 5.57 3.68 5.95 0.00
2.78 5.58 3.71 5.96 0.00
2.80 5.62 3.72 6.02 0.00
2.85 5.66 3.84 5.86 0.00
2.88 5.63 3.78 6.06 0.00
2.92 5.66 3.87 5.97 0.00
2.94 5.65 3.85 6.06 0.00
2.95 5.66 3.85 5.24 1.00
2.94 5.67 3.27 4.72 1.00
2.96 5.62 3.32 4.69 0.00
2.95 5.53 3.33 4.61 0.00
2.97 5.55 3.39 4.64 0.00
2.99 5.51 3.40 4.60 0.00
3.01 5.47 3.48 4.59 0.00
3.03 5.40 3.58 4.57 0.00
3.04 5.38 3.72 4.64 0.00
3.06 5.34 3.80 4.67 0.00
3.06 5.31 3.88 4.74 0.00
3.11 5.27 3.95 4.74 0.00
3.13 5.25 4.01 4.78 0.00
