2.80 -10.80 2.15 -10.04 0.00
2.76 -10.76 2.09 -10.02 0.00
2.73 -10.72 2.04 -9.99 0.00
2.69 -10.68 1.99 -9.96 0.00
2.66 -10.63 1.95 -9.93 0.00
2.62 -10.59 1.90 -9.90 0.00
2.59 -10.56 1.86 -9.86 0.00
2.55 -10.52 1.82 -9.84 0.00
2.51 -10.48 1.78 -9.80 0.00
2.48 -10.45 1.71 -9.81 0.00
2.44 -10.41 1.63 -9.83 0.00
2.40 -10.38 1.55 -9.85 0.00
2.36 -10.34 1.47 -9.89 0.00
2.33 -10.31 1.40 -9.93 0.00
2.29 -10.27 1.33 -9.98 0.00
2.25 -10.24 1.27 -10.03 0.00
2.21 -10.23 1.23 -10.03 0.00
2.17 -10.22 1.19 -10.03 0.00
2.13 -10.21 1.16 -9.99 0.00
2.09 -10.20 1.12 -9.96 0.00
2.05 -10.20 1.09 -9.92 0.00
2.01 -10.19 1.07 -9.87 0.00
1.98 -10.18 1.04 -9.84 0.00
1.94 -10.17 1.01 -9.80 0.00
1.90 -10.16 0.98 -9.76 0.00
1.86 -10.15 0.95 -9.73 0.00
1.82 -10.14 0.92 -9.70 0.00
1.78 -10.12 0.88 -9.68 0.00
1.74 -10.10 0.85 -9.65 0.00
1.70 -10.08 0.81 -9.62 0.00
1.66 -10.06 0.78 -9.59 0.00
1.62 -10.04 0.75 -9.56 0.00
1.58 -10.02 0.71 -9.54 0.00
1.58 -10.02 1.31 -9.06 1.00
1.57 -9.98 1.28 -9.03 0.00
1.56 -9.94 1.26 -8.98 0.00
1.56 -9.91 1.24 -8.96 0.00
1.54 -9.86 1.22 -8.91 0.00
1.47 -9.84 1.43 -8.85 0.00
1.49 -9.76 1.26 -8.78 0.00
1.49 -9.69 1.12 -8.76 0.00
1.48 -9.68 1.09 -8.75 0.00
1.46 -9.63 0.99 -8.75 0.00
1.45 -9.59 0.96 -8.72 0.00
1.43 -9.55 0.98 -8.66 0.00
1.43 -9.52 0.89 -8.67 0.00
1.38 -9.48 0.66 -8.79 0.00
1.38 -9.44 0.75 -8.66 0.00
1.38 -9.39 0.78 -8.58 0.00
1.32 -9.33 0.68 -8.56 0.00
1.28 -9.24 0.71 -8.42 0.00
1.25 -9.21 0.75 -8.35 0.00
1.22 -9.19 0.65 -8.37 0.00
1.19 -9.16 0.54 -8.41 0.00
1.16 -9.13 0.53 -8.35 0.00
1.13 -9.09 0.56 -8.27 0.00
1.10 -9.06 0.61 -8.19 0.00
1.07 -9.02 0.66 -8.11 0.00
1.04 -8.99 0.71 -8.04 0.00
1.01 -8.95 0.78 -7.98 0.00
0.98 -8.92 0.85 -7.93 0.00
0.96 -8.88 0.88 -7.89 0.00
0.96 -8.84 0.87 -7.85 0.00
0.96 -8.80 0.87 -7.81 0.00
0.95 -8.76 0.84 -7.77 0.00
0.95 -8.72 0.81 -7.73 0.00
0.95 -8.68 0.77 -7.70 0.00
0.94 -8.64 0.76 -7.66 0.00
0.94 -8.60 0.76 -7.61 0.00
0.93 -8.56 0.78 -7.57 0.00
0.92 -8.51 0.82 -7.52 0.00
0.91 -8.47 0.86 -7.47 0.00
0.91 -8.43 0.90 -7.43 0.00
0.90 -8.39 0.93 -7.39 0.00
0.89 -8.35 0.96 -7.35 0.00
0.89 -8.31 1.00 -7.32 0.00
0.88 -8.30 1.09 -7.32 0.00
0.90 -8.28 1.04 -7.29 0.00
0.90 -8.25 0.84 -7.25 0.00
0.87 -8.13 1.17 -7.18 0.00
0.91 -8.11 1.01 -7.11 0.00
0.91 -8.07 0.95 -7.08 0.00
0.91 -8.07 1.63 -7.38 1.00
0.90 -8.05 1.90 -7.96 1.00
0.90 -8.05 1.65 -8.72 1.00
0.93 -8.05 1.74 -8.64 0.00
0.95 -8.12 1.66 -8.83 0.00
1.00 -8.12 1.83 -8.67 0.00
1.01 -8.20 1.62 -8.99 0.00
1.02 -8.20 1.65 -8.98 0.00
1.00 -8.29 1.29 -9.24 0.00
1.10 -8.29 1.65 -9.12 0.00
1.12 -8.28 1.85 -8.97 0.00
1.16 -8.31 2.02 -8.82 0.00
1.18 -8.32 2.05 -8.83 0.00
1.21 -8.35 2.11 -8.78 0.00
1.24 -8.38 2.18 -8.73 0.00
1.27 -8.40 2.23 -8.68 0.00
1.30 -8.42 2.28 -8.65 0.00
1.34 -8.44 2.32 -8.62 0.00
1.38 -8.45 2.37 -8.59 0.00
1.41 -8.46 2.40 -8.64 0.00
1.45 -8.47 2.43 -8.66 0.00
1.49 -8.47 2.47 -8.68 0.00
1.53 -8.48 2.50 -8.70 0.00
1.57 -8.48 2.54 -8.72 0.00
1.61 -8.49 2.58 -8.72 0.00
1.64 -8.50 2.61 -8.74 0.00
1.68 -8.51 2.65 -8.73 0.00
1.72 -8.52 2.70 -8.70 0.00
1.75 -8.53 2.75 -8.60 0.00
1.79 -8.54 2.79 -8.50 0.00
1.83 -8.54 2.82 -8.39 0.00
1.86 -8.55 2.83 -8.31 0.00
1.90 -8.56 2.84 -8.21 0.00
1.94 -8.57 2.84 -8.14 0.00
1.97 -8.56 2.86 -8.09 0.00
2.00 -8.54 2.92 -8.13 0.00
2.04 -8.52 2.96 -8.13 0.00
2.07 -8.50 3.01 -8.15 0.00
2.11 -8.49 3.05 -8.14 0.00
2.15 -8.47 3.09 -8.15 0.00
2.18 -8.45 3.13 -8.15 0.00
2.22 -8.44 3.18 -8.14 0.00
2.26 -8.43 3.21 -8.14 0.00
2.29 -8.42 3.25 -8.13 0.00
2.33 -8.40 3.29 -8.13 0.00
2.37 -8.39 3.33 -8.12 0.00
2.40 -8.38 3.37 -8.11 0.00
2.44 -8.37 3.40 -8.11 0.00
2.48 -8.36 3.44 -8.09 0.00
2.51 -8.35 3.47 -8.08 0.00
2.55 -8.34 3.51 -8.06 0.00
2.59 -8.33 3.56 -8.12 0.00
2.62 -8.32 3.61 -8.18 0.00
2.66 -8.31 3.66 -8.24 0.00
2.70 -8.29 3.70 -8.31 0.00
2.73 -8.28 3.73 -8.37 0.00
2.77 -8.27 3.74 -8.49 0.00
2.81 -8.27 3.76 -8.56 0.00
2.84 -8.28 3.80 -8.55 0.00
2.88 -8.30 3.87 -8.45 0.00
2.91 -8.30 3.88 -8.54 0.00
2.98 -8.29 3.95 -8.53 0.00
3.00 -8.32 3.96 -8.60 0.00
3.04 -8.32 4.01 -8.58 0.00
3.07 -8.30 4.05 -8.52 0.00
3.11 -8.33 4.07 -8.59 0.00
3.12 -8.33 3.97 -8.85 0.00
3.15 -8.34 3.93 -8.96 0.00
3.15 -8.38 3.96 -8.97 0.00
3.24 -8.42 4.03 -9.03 0.00
3.29 -8.43 4.18 -8.90 0.00
3.30 -8.36 4.06 -9.02 0.00
3.33 -8.47 4.03 -9.18 0.00
3.36 -8.49 4.26 -8.92 0.00
3.38 -8.52 4.24 -9.03 0.00
3.41 -8.59 4.13 -9.29 0.00
3.44 -8.60 4.38 -8.94 0.00
3.45 -8.62 4.35 -9.05 0.00
3.52 -8.64 4.51 -8.82 0.00
3.49 -8.62 4.42 -8.99 0.00
3.58 -8.68 4.58 -8.71 0.00
3.57 -8.66 4.53 -8.95 0.00
3.66 -8.67 4.66 -8.64 0.00
3.71 -8.65 4.71 -8.59 0.00
3.74 -8.70 4.73 -8.81 0.00
3.75 -8.72 4.66 -9.15 0.00
3.83 -8.70 4.82 -8.85 0.00
3.87 -8.65 4.87 -8.70 0.00
3.91 -8.73 4.89 -8.90 0.00
4.00 -8.74 5.00 -8.79 0.00
4.09 -8.84 5.08 -8.74 0.00
4.02 -8.71 5.02 -8.78 0.00
4.09 -8.71 5.09 -8.79 0.00
4.18 -8.83 5.16 -9.03 0.00
4.15 -8.73 5.14 -8.87 0.00
4.19 -8.73 5.19 -8.75 0.00
4.25 -8.74 5.24 -8.88 0.00
4.25 -8.79 5.13 -9.25 0.00
4.31 -8.85 5.31 -8.94 0.00
4.35 -8.86 5.35 -8.94 0.00
4.39 -8.86 5.39 -8.93 0.00
4.43 -8.87 5.43 -8.93 0.00
4.47 -8.87 5.47 -8.92 0.00
4.51 -8.88 5.51 -8.91 0.00
4.55 -8.88 5.55 -8.90 0.00
4.59 -8.88 5.59 -8.89 0.00
4.63 -8.88 5.63 -8.88 0.00
4.67 -8.88 5.67 -8.85 0.00
4.71 -8.88 5.71 -8.82 0.00
4.74 -8.88 5.74 -8.78 0.00
4.79 -8.89 5.77 -8.72 0.00
4.82 -8.88 5.80 -8.67 0.00
4.86 -8.88 5.83 -8.63 0.00
4.90 -8.88 5.85 -8.56 0.00
4.94 -8.88 5.88 -8.53 0.00
4.94 -8.88 5.85 -9.29 1.00
4.98 -8.89 5.87 -9.34 0.00
5.01 -8.91 5.90 -9.36 0.00
5.05 -8.93 5.93 -9.39 0.00
5.08 -8.94 5.97 -9.41 0.00
5.12 -8.96 6.01 -9.42 0.00
5.15 -8.98 6.04 -9.44 0.00
5.19 -9.00 6.08 -9.45 0.00
5.22 -9.01 6.11 -9.47 0.00
5.26 -9.03 6.15 -9.48 0.00
5.29 -9.05 6.20 -9.48 0.00
5.33 -9.07 6.24 -9.48 0.00
5.36 -9.09 6.29 -9.46 0.00
5.40 -9.10 6.34 -9.45 0.00
5.43 -9.12 6.39 -9.43 0.00
5.47 -9.14 6.44 -9.39 0.00
5.51 -9.15 6.48 -9.36 0.00
5.50 -9.15 6.05 -9.99 1.00
5.50 -9.15 5.30 -10.13 1.00
5.50 -9.19 5.15 -10.13 0.00
5.49 -9.23 5.06 -10.14 0.00
5.48 -9.27 4.98 -10.14 0.00
5.47 -9.31 4.90 -10.13 0.00
5.46 -9.35 4.83 -10.12 0.00
5.44 -9.34 5.05 -10.26 0.00
5.39 -9.39 4.96 -10.29 0.00
5.39 -9.44 4.68 -10.15 0.00
5.35 -9.49 4.67 -10.23 0.00
5.31 -9.55 4.70 -10.34 0.00
5.31 -9.55 4.56 -10.21 0.00
5.28 -9.58 4.50 -10.21 0.00
5.25 -9.61 4.50 -10.27 0.00
5.20 -9.65 4.42 -10.27 0.00
5.18 -9.67 4.40 -10.29 0.00
5.16 -9.70 4.39 -10.33 0.00
5.20 -9.70 4.20 -9.71 1.00
5.17 -9.71 4.17 -9.79 0.00
5.10 -9.70 4.11 -9.53 0.00
5.08 -9.71 4.08 -9.77 0.00
5.05 -9.71 4.06 -9.79 0.00
5.07 -9.74 4.14 -10.12 0.00
4.91 -9.76 3.93 -9.58 0.00
4.91 -9.70 3.91 -9.57 0.00
4.88 -9.70 3.88 -9.73 0.00
4.80 -9.68 3.82 -9.50 0.00
4.77 -9.68 3.78 -9.52 0.00
4.72 -9.69 3.73 -9.57 0.00
4.68 -9.67 3.69 -9.57 0.00
4.64 -9.68 3.65 -9.52 0.00
4.60 -9.65 3.60 -9.54 0.00
4.57 -9.63 3.57 -9.66 0.00
4.52 -9.65 3.54 -9.84 0.00
4.49 -9.65 3.50 -9.77 0.00
4.43 -9.63 3.47 -9.89 0.00
4.40 -9.66 3.40 -9.72 0.00
4.37 -9.67 3.41 -9.41 0.00
4.31 -9.67 3.31 -9.72 0.00
4.29 -9.69 3.29 -9.57 0.00
4.25 -9.70 3.26 -9.55 0.00
4.20 -9.70 3.24 -9.44 0.00
4.15 -9.68 3.21 -9.36 0.00
4.09 -9.66 3.13 -9.36 0.00
4.07 -9.66 3.09 -9.45 0.00
4.03 -9.65 3.05 -9.50 0.00
3.99 -9.64 3.01 -9.43 0.00
3.96 -9.63 3.03 -9.28 0.00
3.89 -9.62 2.89 -9.60 0.00
3.82 -9.61 2.83 -9.49 0.00
3.79 -9.61 2.80 -9.44 0.00
3.76 -9.61 2.77 -9.44 0.00
3.69 -9.60 2.69 -9.62 0.00
3.68 -9.61 2.69 -9.48 0.00
3.61 -9.60 2.63 -9.39 0.00
3.53 -9.56 2.54 -9.47 0.00
3.53 -9.55 2.61 -9.18 0.00
3.47 -9.56 2.55 -9.19 0.00
3.39 -9.52 2.44 -9.20 0.00
3.37 -9.54 2.44 -9.19 0.00
3.34 -9.53 2.42 -9.12 0.00
3.29 -9.52 2.38 -9.11 0.00
3.25 -9.50 2.35 -9.07 0.00
3.21 -9.48 2.31 -9.04 0.00
3.16 -9.46 2.27 -9.01 0.00
3.12 -9.44 2.24 -8.98 0.00
3.07 -9.42 2.19 -8.95 0.00
3.03 -9.39 2.12 -8.96 0.00
2.98 -9.37 2.07 -8.96 0.00
2.93 -9.34 2.01 -8.96 0.00
2.89 -9.32 1.95 -8.96 0.00
2.84 -9.29 1.89 -8.96 0.00
2.79 -9.27 1.84 -8.96 0.00
2.74 -9.25 1.78 -8.96 0.00
2.69 -9.23 1.73 -8.96 0.00
2.65 -9.22 1.69 -8.95 0.00
2.61 -9.20 1.64 -8.94 0.00
2.56 -9.19 1.60 -8.93 0.00
2.52 -9.18 1.55 -8.93 0.00
2.47 -9.17 1.50 -8.93 0.00
2.43 -9.15 1.46 -8.93 0.00
2.39 -9.14 1.41 -8.92 0.00
2.34 -9.11 1.35 -9.02 0.00
2.30 -9.09 1.30 -9.07 0.00
2.26 -9.09 1.26 -9.07 0.00
2.22 -9.09 1.22 -9.06 0.00
2.18 -9.09 1.18 -9.05 0.00
2.14 -9.09 1.14 -9.04 0.00
2.10 -9.09 1.10 -9.03 0.00
2.06 -9.09 1.06 -9.02 0.00
2.02 -9.08 1.02 -9.02 0.00
1.98 -9.08 0.98 -9.01 0.00
1.94 -9.08 0.94 -9.00 0.00
1.90 -9.08 0.90 -9.01 0.00
1.85 -9.07 0.86 -9.00 0.00
1.81 -9.07 0.82 -9.00 0.00
1.77 -9.07 0.78 -8.98 0.00
1.73 -9.07 0.76 -8.85 0.00
1.69 -9.06 0.71 -8.85 0.00
1.65 -9.05 0.67 -8.84 0.00
1.61 -9.04 0.64 -8.83 0.00
1.57 -9.03 0.60 -8.81 0.00
1.53 -9.02 0.56 -8.78 0.00
1.49 -9.01 0.53 -8.75 0.00
1.45 -9.01 0.49 -8.73 0.00
1.42 -9.00 0.46 -8.70 0.00
1.38 -8.99 0.43 -8.68 0.00
1.34 -8.98 0.39 -8.65 0.00
1.30 -8.97 0.36 -8.63 0.00
1.26 -8.95 0.32 -8.62 0.00
1.22 -8.94 0.28 -8.59 0.00
1.18 -8.93 0.24 -8.58 0.00
1.14 -8.91 0.21 -8.55 0.00
1.10 -8.90 0.17 -8.54 0.00
1.06 -8.86 0.10 -8.58 0.00
1.02 -8.85 0.06 -8.56 0.00
0.98 -8.84 0.02 -8.54 0.00
0.94 -8.83 -0.01 -8.52 0.00
0.90 -8.82 -0.05 -8.50 0.00
0.86 -8.80 -0.07 -8.44 0.00
0.82 -8.79 -0.09 -8.37 0.00
0.78 -8.78 -0.11 -8.32 0.00
0.74 -8.76 -0.12 -8.26 0.00
0.70 -8.75 -0.14 -8.21 0.00
0.67 -8.74 -0.15 -8.16 0.00
0.63 -8.72 -0.17 -8.12 0.00
0.59 -8.70 -0.20 -8.09 0.00
0.56 -8.67 -0.23 -8.06 0.00
0.52 -8.65 -0.27 -8.04 0.00
0.49 -8.62 -0.26 -7.96 0.00
0.45 -8.59 -0.29 -7.92 0.00
0.41 -8.56 -0.32 -7.88 0.00
0.38 -8.52 -0.35 -7.84 0.00
0.34 -8.49 -0.39 -7.80 0.00
0.30 -8.46 -0.41 -7.76 0.00
0.27 -8.43 -0.44 -7.73 0.00
0.24 -8.40 -0.47 -7.70 0.00
0.21 -8.37 -0.51 -7.67 0.00
0.18 -8.34 -0.54 -7.65 0.00
0.15 -8.31 -0.56 -7.61 0.00
0.12 -8.28 -0.61 -7.59 0.00
0.09 -8.25 -0.64 -7.57 0.00
0.06 -8.23 -0.65 -7.52 0.00
0.03 -8.20 -0.66 -7.48 0.00
0.00 -8.17 -0.67 -7.43 0.00
-0.03 -8.14 -0.67 -7.38 0.00
-0.06 -8.11 -0.70 -7.34 0.00
-0.09 -8.07 -0.72 -7.30 0.00
-0.12 -8.03 -0.75 -7.26 0.00
-0.15 -8.00 -0.78 -7.23 0.00
-0.17 -7.97 -0.81 -7.20 0.00
-0.20 -7.93 -0.85 -7.17 0.00
-0.23 -7.90 -0.87 -7.13 0.00
-0.25 -7.87 -0.88 -7.09 0.00
-0.28 -7.84 -0.89 -7.04 0.00
-0.31 -7.80 -0.90 -7.00 0.00
-0.34 -7.77 -0.90 -6.95 0.00
-0.36 -7.74 -0.90 -6.90 0.00
-0.39 -7.71 -0.90 -6.85 0.00
-0.41 -7.68 -0.90 -6.81 0.00
-0.43 -7.64 -0.89 -6.76 0.00
-0.45 -7.61 -0.89 -6.71 0.00
-0.47 -7.57 -0.96 -6.69 0.00
-0.49 -7.53 -1.01 -6.67 0.00
-0.50 -7.49 -1.05 -6.65 0.00
-0.52 -7.45 -1.08 -6.62 0.00
-0.54 -7.42 -1.11 -6.59 0.00
-0.57 -7.38 -1.13 -6.55 0.00
-0.59 -7.35 -1.13 -6.50 0.00
-0.61 -7.31 -1.11 -6.44 0.00
-0.63 -7.29 -1.11 -6.41 0.00
-0.64 -7.30 -1.01 -6.37 0.00
-0.71 -7.25 -0.90 -6.27 0.00
-0.71 -7.13 -0.98 -6.17 0.00
-0.73 -7.13 -1.04 -6.18 0.00
-0.73 -7.09 -0.94 -6.11 0.00
-0.76 -7.06 -1.02 -6.09 0.00
-0.77 -7.03 -1.03 -6.06 0.00
-0.78 -6.97 -1.08 -6.01 0.00
-0.80 -6.92 -0.92 -5.92 0.00
-0.92 -6.84 -1.07 -5.85 0.00
-0.91 -6.84 -1.13 -5.86 0.00
-0.92 -6.72 -0.27 -5.97 0.00
-0.90 -6.78 -1.19 -5.82 0.00
-0.89 -6.74 -1.16 -5.78 0.00
-0.88 -6.71 -1.15 -5.75 0.00
-0.87 -6.67 -1.12 -5.70 0.00
-0.89 -6.63 -1.10 -5.65 0.00
-0.90 -6.59 -1.08 -5.61 0.00
-0.91 -6.55 -1.06 -5.56 0.00
-0.92 -6.51 -1.03 -5.52 0.00
-0.93 -6.48 -1.02 -5.48 0.00
-0.94 -6.44 -1.02 -5.44 0.00
-0.94 -6.40 -1.02 -5.40 0.00
-0.94 -6.40 -0.29 -5.64 1.00
-0.90 -6.38 -0.31 -5.58 0.00
-0.88 -6.34 -0.28 -5.54 0.00
-0.90 -6.30 -0.27 -5.52 0.00
-0.91 -6.25 -0.49 -5.34 0.00
-0.85 -6.23 -0.23 -5.45 0.00
-0.77 -6.23 -0.40 -5.30 0.00
-0.75 -6.17 -0.31 -5.27 0.00
-0.72 -6.14 -0.33 -5.21 0.00
-0.70 -6.10 -0.41 -5.15 0.00
-0.67 -6.07 -0.43 -5.10 0.00
-0.68 -6.03 -0.64 -5.03 0.00
-0.61 -6.00 -0.52 -5.01 0.00
-0.55 -5.97 -0.29 -5.00 0.00
-0.57 -5.87 -0.35 -4.89 0.00
-0.60 -5.83 -0.37 -4.85 0.00
-0.59 -5.82 -0.32 -4.86 0.00
-0.56 -5.76 -0.37 -4.78 0.00
-0.55 -5.73 -0.38 -4.74 0.00
-0.54 -5.70 -0.40 -4.71 0.00
-0.53 -5.67 -0.42 -4.67 0.00
-0.53 -5.63 -0.42 -4.63 0.00
-0.52 -5.59 -0.41 -4.59 0.00
-0.52 -5.55 -0.41 -4.55 0.00
-0.51 -5.51 -0.41 -4.51 0.00
-0.51 -5.47 -0.41 -4.47 0.00
-0.51 -5.43 -0.40 -4.44 0.00
-0.50 -5.40 -0.39 -4.40 0.00
-0.49 -5.35 -0.41 -4.36 0.00
-0.49 -5.31 -0.45 -4.32 0.00
-0.49 -5.27 -0.42 -4.27 0.00
-0.48 -5.23 -0.42 -4.23 0.00
-0.48 -5.20 -0.39 -4.21 0.00
-0.47 -5.18 -0.41 -4.18 0.00
-0.47 -5.12 -0.50 -4.12 0.00
-0.46 -5.08 -0.57 -4.09 0.00
-0.44 -5.04 -0.64 -4.06 0.00
-0.43 -5.00 -0.69 -4.03 0.00
-0.43 -4.97 -0.61 -3.99 0.00
-0.43 -4.96 -0.60 -3.97 0.00
-0.41 -4.87 -1.00 -4.06 0.00
-0.45 -4.88 -0.59 -3.89 0.00
-0.49 -4.78 -0.82 -3.84 0.00
-0.49 -4.78 -0.82 -3.83 0.00
-0.51 -4.71 -0.93 -3.80 0.00
-0.50 -4.70 -0.96 -3.81 0.00
-0.47 -4.68 -0.36 -3.69 0.00
-0.52 -4.58 -0.81 -3.62 0.00
-0.49 -4.58 -0.80 -3.62 0.00
-0.45 -4.53 -0.94 -3.66 0.00
-0.49 -4.49 -0.96 -3.61 0.00
-0.48 -4.44 -1.06 -3.63 0.00
-0.48 -4.39 -1.18 -3.68 0.00
-0.48 -4.39 -0.90 -3.49 0.00
-0.53 -4.32 -1.03 -3.45 0.00
-0.60 -4.31 -1.07 -3.43 0.00
-0.62 -4.28 -1.11 -3.41 0.00
-0.63 -4.23 -1.08 -3.34 0.00
-0.67 -4.20 -1.21 -3.36 0.00
-0.69 -4.18 -1.12 -3.27 0.00
-0.69 -4.13 -1.14 -3.24 0.00
-0.71 -4.10 -1.25 -3.26 0.00
-0.73 -4.06 -1.16 -3.16 0.00
-0.73 -4.02 -1.06 -3.07 0.00
-0.76 -3.92 -0.72 -2.92 0.00
-0.76 -3.88 -0.72 -2.88 0.00
-0.75 -3.80 -0.73 -2.80 0.00
-0.76 -3.80 -0.71 -2.80 0.00
-0.77 -3.76 -0.68 -2.76 0.00
-0.74 -3.72 -0.65 -2.73 0.00
-0.75 -3.68 -0.71 -2.68 0.00
-0.75 -3.65 -0.62 -2.65 0.00
-0.75 -3.59 -0.73 -2.59 0.00
-0.74 -3.56 -0.66 -2.57 0.00
-0.73 -3.53 -0.57 -2.55 0.00
-0.71 -3.47 -0.64 -2.48 0.00
-0.76 -3.44 -0.74 -2.44 0.00
-0.74 -3.40 -0.69 -2.40 0.00
-0.74 -3.35 -0.76 -2.35 0.00
-0.73 -3.32 -0.77 -2.32 0.00
-0.75 -3.28 -0.74 -2.28 0.00
-0.75 -3.23 -0.74 -2.23 0.00
-0.75 -3.20 -0.68 -2.20 0.00
-0.74 -3.16 -0.61 -2.17 0.00
-0.76 -3.10 -0.55 -2.13 0.00
-0.74 -3.08 -0.52 -2.10 0.00
-0.77 -3.05 -0.55 -2.07 0.00
-0.76 -3.00 -0.50 -2.04 0.00
-0.74 -2.96 -0.41 -2.01 0.00
-0.74 -2.92 -0.40 -1.98 0.00
-0.72 -2.87 -0.34 -1.95 0.00
-0.72 -2.80 -0.17 -1.97 0.00
-0.70 -2.81 -0.06 -2.04 0.00
-0.69 -2.76 -0.19 -1.90 0.00
-0.66 -2.70 -0.16 -1.84 0.00
-0.63 -2.67 -0.14 -1.79 0.00
-0.63 -2.63 -0.00 -1.85 0.00
-0.58 -2.59 0.18 -1.94 0.00
-0.51 -2.51 0.11 -1.73 0.00
-0.48 -2.50 0.14 -1.71 0.00
-0.48 -2.45 0.14 -1.67 0.00
-0.45 -2.41 0.18 -1.64 0.00
-0.42 -2.38 0.23 -1.61 0.00
-0.38 -2.34 0.28 -1.59 0.00
-0.35 -2.30 0.33 -1.56 0.00
-0.32 -2.25 0.36 -1.52 0.00
-0.29 -2.21 0.43 -1.51 0.00
-0.26 -2.17 0.49 -1.50 0.00
-0.22 -2.13 0.57 -1.52 0.00
-0.18 -2.10 0.63 -1.52 0.00
-0.16 -2.06 0.69 -1.54 0.00
-0.12 -2.03 0.76 -1.56 0.00
-0.09 -2.00 0.81 -1.57 0.00
-0.05 -1.98 0.88 -1.59 0.00
-0.01 -1.96 0.93 -1.63 0.00
0.03 -1.95 0.98 -1.66 0.00
0.06 -1.93 1.04 -1.69 0.00
0.10 -1.91 1.08 -1.71 0.00
0.14 -1.89 1.13 -1.76 0.00
0.18 -1.88 1.17 -1.78 0.00
0.21 -1.87 1.21 -1.79 0.00
0.26 -1.87 1.26 -1.80 0.00
0.30 -1.86 1.30 -1.79 0.00
0.34 -1.86 1.34 -1.77 0.00
0.38 -1.86 1.38 -1.76 0.00
0.42 -1.85 1.41 -1.75 0.00
0.46 -1.85 1.45 -1.73 0.00
0.50 -1.85 1.49 -1.72 0.00
0.54 -1.85 1.53 -1.70 0.00
0.58 -1.83 1.58 -1.77 0.00
0.62 -1.82 1.62 -1.79 0.00
0.66 -1.81 1.66 -1.80 0.00
0.69 -1.81 1.69 -1.81 0.00
0.74 -1.81 1.74 -1.79 0.00
0.78 -1.81 1.78 -1.80 0.00
0.82 -1.81 1.82 -1.81 0.00
0.87 -1.81 1.87 -1.80 0.00
0.90 -1.81 1.90 -1.79 0.00
0.94 -1.81 1.94 -1.79 0.00
0.98 -1.81 1.98 -1.80 0.00
1.02 -1.81 2.02 -1.80 0.00
1.06 -1.81 2.05 -1.78 0.00
1.10 -1.81 2.10 -1.79 0.00
1.14 -1.81 2.14 -1.80 0.00
1.18 -1.81 2.18 -1.79 0.00
1.22 -1.80 2.21 -1.87 0.00
1.26 -1.78 2.25 -1.94 0.00
1.30 -1.79 2.30 -1.90 0.00
1.34 -1.80 2.33 -1.93 0.00
1.37 -1.80 2.36 -1.93 0.00
1.41 -1.81 2.40 -1.94 0.00
1.45 -1.81 2.45 -1.94 0.00
1.49 -1.82 2.48 -1.94 0.00
1.53 -1.84 2.52 -1.98 0.00
1.57 -1.83 2.56 -1.94 0.00
1.61 -1.83 2.60 -1.93 0.00
1.65 -1.84 2.64 -1.92 0.00
1.69 -1.84 2.68 -1.91 0.00
1.73 -1.85 2.73 -1.90 0.00
1.77 -1.85 2.76 -1.88 0.00
1.80 -1.86 2.80 -1.86 0.00
1.84 -1.86 2.84 -1.90 0.00
1.88 -1.86 2.88 -1.88 0.00
1.92 -1.86 2.92 -1.89 0.00
1.95 -1.87 2.95 -1.88 0.00
1.99 -1.87 2.99 -1.87 0.00
2.02 -1.87 3.02 -1.85 0.00
2.07 -1.87 3.07 -1.86 0.00
2.11 -1.87 3.11 -1.84 0.00
2.15 -1.88 3.14 -1.77 0.00
2.19 -1.88 3.16 -1.65 0.00
2.22 -1.87 3.16 -1.54 0.00
2.27 -1.87 3.18 -1.46 0.00
2.30 -1.87 3.15 -1.34 0.00
2.35 -1.87 3.14 -1.26 0.00
2.38 -1.86 3.11 -1.18 0.00
2.42 -1.84 3.11 -1.13 0.00
2.45 -1.81 3.18 -1.13 0.00
2.47 -1.79 3.20 -1.11 0.00
2.50 -1.76 3.23 -1.08 0.00
2.53 -1.74 3.26 -1.05 0.00
2.56 -1.71 3.27 -1.01 0.00
2.59 -1.69 3.32 -1.00 0.00
2.62 -1.66 3.32 -0.94 0.00
2.65 -1.61 3.30 -0.86 0.00
2.69 -1.60 3.36 -0.86 0.00
2.70 -1.57 3.29 -0.76 0.00
2.73 -1.55 3.25 -0.69 0.00
2.76 -1.52 3.21 -0.63 0.00
2.80 -1.48 3.16 -0.55 0.00
2.80 -1.46 3.09 -0.50 0.00
2.83 -1.43 3.06 -0.45 0.00
2.85 -1.39 3.01 -0.41 0.00
2.86 -1.34 3.01 -0.35 0.00
2.86 -1.31 3.01 -0.32 0.00
2.87 -1.27 2.99 -0.28 0.00
2.87 -1.23 2.95 -0.24 0.00
2.88 -1.19 2.90 -0.19 0.00
2.89 -1.15 2.82 -0.15 0.00
2.90 -1.11 2.80 -0.12 0.00
2.90 -1.07 2.73 -0.09 0.00
2.90 -1.03 2.69 -0.06 0.00
2.90 -0.99 2.65 -0.02 0.00
2.90 -0.95 2.61 0.01 0.00
2.89 -0.91 2.57 0.04 0.00
2.87 -0.86 2.50 0.07 0.00
2.86 -0.82 2.42 0.08 0.00
2.85 -0.77 2.35 0.09 0.00
2.84 -0.73 2.27 0.09 0.00
2.82 -0.69 2.20 0.10 0.00
2.79 -0.65 2.16 0.12 0.00
2.77 -0.61 2.11 0.14 0.00
2.74 -0.57 2.07 0.17 0.00
2.70 -0.53 2.02 0.20 0.00
2.67 -0.49 1.98 0.23 0.00
2.64 -0.45 1.92 0.25 0.00
2.60 -0.41 1.90 0.30 0.00
2.56 -0.37 1.87 0.34 0.00
2.53 -0.34 1.86 0.41 0.00
2.50 -0.30 1.83 0.44 0.00
2.48 -0.24 1.81 0.50 0.00
2.45 -0.23 1.90 0.61 0.00
2.36 -0.19 1.80 0.64 0.00
2.35 -0.15 1.95 0.77 0.00
2.30 -0.12 1.95 0.82 0.00
2.29 -0.10 1.90 0.82 0.00
2.27 -0.04 1.70 0.78 0.00
2.25 -0.01 1.70 0.82 0.00
2.25 0.02 1.65 0.82 0.00
2.24 0.12 1.50 0.78 0.00
2.22 0.13 1.56 0.88 0.00
2.19 0.16 1.64 0.99 0.00
2.15 0.19 1.56 1.00 0.00
2.12 0.22 1.41 0.92 0.00
2.10 0.24 1.45 1.01 0.00
2.05 0.29 1.42 1.07 0.00
2.02 0.31 1.35 1.05 0.00
2.00 0.34 1.40 1.14 0.00
1.97 0.39 1.61 1.32 0.00
1.94 0.39 1.28 1.14 0.00
1.86 0.42 1.54 1.37 0.00
1.81 0.42 2.28 1.30 1.00
1.80 0.46 2.30 1.33 0.00
1.80 0.52 2.34 1.36 0.00
1.79 0.53 2.23 1.42 0.00
1.82 0.60 2.42 1.39 0.00
1.96 0.65 2.39 1.55 0.00
1.95 0.67 2.40 1.56 0.00
1.95 0.70 2.48 1.55 0.00
1.90 0.74 2.19 1.70 0.00
2.00 0.79 2.55 1.63 0.00
1.99 0.86 2.49 1.73 0.00
2.00 0.86 2.56 1.69 0.00
2.06 0.90 2.63 1.73 0.00
2.09 0.93 2.57 1.81 0.00
2.11 0.98 2.56 1.88 0.00
2.12 1.05 2.52 1.97 0.00
2.17 1.04 2.61 1.94 0.00
2.22 1.09 2.60 2.02 0.00
2.22 1.12 2.59 2.04 0.00
2.24 1.16 2.54 2.11 0.00
2.27 1.19 2.61 2.13 0.00
2.26 1.20 2.55 2.16 0.00
2.29 1.25 2.58 2.20 0.00
2.34 1.32 2.61 2.28 0.00
2.34 1.33 2.63 2.28 0.00
2.36 1.38 2.61 2.35 0.00
2.34 1.42 2.64 2.38 0.00
2.34 1.45 2.60 2.42 0.00
2.35 1.49 2.57 2.46 0.00
2.36 1.54 2.48 2.54 0.00
2.37 1.56 2.51 2.55 0.00
2.38 1.60 2.47 2.60 0.00
2.39 1.64 2.45 2.64 0.00
2.40 1.71 2.43 2.71 0.00
2.41 1.73 2.42 2.73 0.00
2.40 1.76 2.36 2.76 0.00
2.41 1.80 2.33 2.80 0.00
2.41 1.84 2.30 2.83 0.00
2.42 1.90 2.30 2.90 0.00
2.41 1.92 2.25 2.91 0.00
2.41 1.96 2.25 2.95 0.00
2.40 2.00 2.23 2.99 0.00
2.39 2.04 2.22 3.03 0.00
2.40 2.05 2.29 3.05 0.00
2.38 2.12 2.16 3.10 0.00
2.37 2.16 2.07 3.12 0.00
2.37 2.21 2.01 3.15 0.00
2.36 2.24 1.95 3.15 0.00
2.37 2.28 1.88 3.15 0.00
2.37 2.33 1.79 3.14 0.00
2.37 2.37 1.70 3.11 0.00
2.35 2.41 1.68 3.15 0.00
2.34 2.43 1.65 3.14 0.00
2.29 2.47 1.48 3.06 0.00
2.25 2.50 1.44 3.08 0.00
2.22 2.52 1.46 3.16 0.00
2.20 2.55 1.43 3.19 0.00
2.14 2.58 1.38 3.23 0.00
2.11 2.60 1.34 3.24 0.00
2.14 2.63 1.52 3.41 0.00
2.08 2.65 1.42 3.40 0.00
2.05 2.78 1.71 3.72 0.00
2.00 2.80 1.53 3.69 0.00
1.99 2.82 1.51 3.70 0.00
1.94 2.80 1.22 3.49 0.00
1.94 2.80 1.92 3.80 1.00
1.94 2.84 1.96 3.84 0.00
1.93 2.89 1.98 3.89 0.00
1.92 2.92 1.90 3.92 0.00
1.93 2.96 1.83 3.95 0.00
1.93 3.00 1.82 3.99 0.00
1.93 3.04 1.81 4.03 0.00
1.93 3.08 1.77 4.06 0.00
1.92 3.12 1.76 4.11 0.00
1.92 3.16 1.73 4.14 0.00
1.92 3.20 1.72 4.18 0.00
1.91 3.24 1.70 4.22 0.00
1.91 3.28 1.68 4.26 0.00
1.90 3.32 1.68 4.30 0.00
1.89 3.36 1.67 4.34 0.00
1.87 3.40 1.66 4.38 0.00
1.87 3.44 1.66 4.42 0.00
1.86 3.48 1.67 4.46 0.00
1.85 3.52 1.68 4.50 0.00
1.84 3.56 1.68 4.54 0.00
1.83 3.60 1.69 4.59 0.00
1.83 3.64 1.70 4.63 0.00
1.81 3.64 1.74 4.64 0.00
1.84 3.64 1.53 4.59 0.00
1.84 3.76 1.60 4.73 0.00
1.79 3.78 1.78 4.78 0.00
1.81 3.81 1.61 4.79 0.00
1.78 3.86 1.75 4.86 0.00
1.79 3.89 1.58 4.87 0.00
