1.00 5.80 1.26 6.77 0.00
1.00 5.80 1.86 6.30 1.00
1.03 5.82 1.91 6.30 0.00
1.07 5.84 1.99 6.22 0.00
1.10 5.85 2.06 6.13 0.00
1.14 5.88 2.12 6.06 0.00
1.18 5.89 2.18 5.93 0.00
1.20 5.91 2.20 5.92 0.00
1.25 5.94 2.24 5.88 0.00
1.28 5.95 2.28 5.87 0.00
1.32 5.94 2.31 5.78 0.00
1.37 5.92 2.36 5.83 0.00
1.42 5.91 2.39 5.65 0.00
1.46 5.93 2.44 5.74 0.00
1.51 5.93 2.46 5.60 0.00
1.56 5.86 2.44 5.39 0.00
1.60 5.87 2.42 5.30 0.00
1.65 5.88 2.41 5.23 0.00
1.69 5.84 2.33 5.07 0.00
1.73 5.81 2.28 4.98 0.00
1.76 5.78 2.23 4.89 0.00
1.80 5.74 2.10 4.78 0.00
1.85 5.72 2.05 4.74 0.00
1.88 5.69 1.99 4.70 0.00
1.89 5.64 1.96 4.64 0.00
1.89 5.60 1.96 4.60 0.00
1.89 5.56 1.96 4.57 0.00
1.89 5.53 1.96 4.53 0.00
1.90 5.49 1.95 4.49 0.00
1.90 5.45 1.94 4.45 0.00
1.90 5.41 1.93 4.41 0.00
1.90 5.38 1.91 4.38 0.00
1.91 5.33 1.92 4.33 0.00
1.91 5.29 1.90 4.29 0.00
1.91 5.25 1.88 4.25 0.00
1.91 5.21 1.87 4.21 0.00
1.91 5.17 1.87 4.17 0.00
1.91 5.13 1.87 4.13 0.00
1.91 5.09 1.89 4.09 0.00
1.91 5.04 1.91 4.04 0.00
1.90 5.00 1.94 4.00 0.00
1.90 4.96 1.96 3.96 0.00
1.90 4.92 1.98 3.92 0.00
1.90 4.88 2.01 3.89 0.00
1.90 4.84 2.02 3.85 0.00
1.90 4.80 2.03 3.81 0.00
1.91 4.76 2.04 3.77 0.00
1.91 4.72 2.03 3.73 0.00
1.92 4.68 2.03 3.68 0.00
1.92 4.64 2.03 3.64 0.00
1.93 4.60 2.01 3.60 0.00
1.93 4.56 2.00 3.56 0.00
1.95 4.54 1.97 3.54 0.00
1.94 4.48 2.00 3.48 0.00
1.95 4.44 2.00 3.44 0.00
1.95 4.40 1.98 3.40 0.00
1.95 4.36 2.01 3.36 0.00
1.95 4.32 1.96 3.32 0.00
1.96 4.27 1.98 3.27 0.00
1.97 4.24 2.03 3.25 0.00
1.98 4.21 2.06 3.22 0.00
1.96 4.15 1.95 3.15 0.00
1.97 4.13 2.00 3.13 0.00
1.95 4.08 1.86 3.08 0.00
1.96 4.03 1.98 3.03 0.00
1.96 3.99 1.98 2.99 0.00
1.96 3.95 1.94 2.95 0.00
1.96 3.91 1.99 2.91 0.00
1.97 3.86 1.86 2.87 0.00
1.96 3.80 1.83 2.81 0.00
1.95 3.75 1.81 2.76 0.00
1.92 3.74 1.50 2.83 0.00
1.96 3.68 1.61 2.75 0.00
1.94 3.64 1.66 2.68 0.00
1.94 3.63 1.50 2.73 0.00
1.92 3.58 1.50 2.68 0.00
1.90 3.55 1.45 2.66 0.00
1.88 3.51 1.48 2.59 0.00
1.86 3.47 1.47 2.55 0.00
1.84 3.43 1.49 2.50 0.00
1.82 3.39 1.51 2.44 0.00
1.80 3.35 1.53 2.39 0.00
1.79 3.31 1.52 2.35 0.00
1.78 3.27 1.51 2.31 0.00
1.76 3.23 1.50 2.27 0.00
1.75 3.19 1.49 2.23 0.00
1.74 3.15 1.48 2.19 0.00
1.73 3.11 1.47 2.15 0.00
1.72 3.07 1.45 2.11 0.00
1.71 3.03 1.44 2.07 0.00
1.70 2.99 1.42 2.03 0.00
1.69 2.95 1.41 1.99 0.00
1.68 2.91 1.39 1.95 0.00
1.67 2.87 1.38 1.92 0.00
1.65 2.83 1.36 1.88 0.00
1.64 2.79 1.35 1.84 0.00
1.63 2.76 1.34 1.80 0.00
1.60 2.79 1.36 1.82 0.00
1.60 2.79 0.75 2.28 1.00
1.60 2.79 0.64 3.04 1.00
1.61 2.79 1.10 3.65 1.00
1.60 2.79 1.86 3.76 1.00
1.62 2.83 1.81 3.81 0.00
1.63 2.87 1.78 3.86 0.00
1.64 2.91 1.76 3.90 0.00
1.65 2.95 1.73 3.94 0.00
1.66 2.98 1.71 3.98 0.00
1.67 3.02 1.69 4.02 0.00
1.67 3.06 1.69 4.06 0.00
1.67 3.10 1.69 4.10 0.00
1.67 3.14 1.69 4.14 0.00
1.67 3.18 1.66 4.18 0.00
1.67 3.21 1.60 4.21 0.00
1.67 3.25 1.52 4.24 0.00
1.67 3.29 1.42 4.26 0.00
1.67 3.32 1.32 4.26 0.00
1.67 3.36 1.23 4.26 0.00
1.67 3.40 1.13 4.24 0.00
1.67 3.40 1.89 4.38 1.00
1.68 3.44 1.91 4.41 0.00
1.69 3.48 1.91 4.45 0.00
1.70 3.52 1.91 4.49 0.00
1.71 3.55 1.91 4.53 0.00
1.72 3.59 1.91 4.57 0.00
1.73 3.63 1.91 4.61 0.00
1.76 3.65 1.82 4.65 0.00
1.74 3.63 1.89 4.62 0.00
1.74 3.74 1.93 4.72 0.00
1.76 3.78 1.90 4.77 0.00
1.77 3.78 1.80 4.78 0.00
1.79 3.81 1.84 4.80 0.00
1.78 3.84 1.70 4.84 0.00
1.77 3.88 1.76 4.88 0.00
1.79 3.90 1.53 4.87 0.00
1.79 3.95 1.73 4.95 0.00
1.79 4.00 1.70 4.99 0.00
1.81 4.05 1.62 5.03 0.00
1.80 4.08 1.53 5.04 0.00
1.79 4.11 1.50 5.07 0.00
1.79 4.17 1.39 5.09 0.00
1.78 4.20 1.37 5.11 0.00
1.78 4.25 1.38 5.16 0.00
1.76 4.27 1.36 5.19 0.00
1.73 4.30 1.31 5.20 0.00
1.71 4.33 1.24 5.21 0.00
1.69 4.37 1.14 5.20 0.00
1.68 4.40 1.04 5.17 0.00
1.68 4.44 0.97 5.15 0.00
1.64 4.48 0.84 5.07 0.00
1.63 4.52 0.78 5.05 0.00
1.62 4.55 0.70 4.95 0.00
1.58 4.56 0.61 4.81 0.00
1.54 4.58 0.55 4.73 0.00
1.50 4.60 0.50 4.66 0.00
1.46 4.62 0.46 4.58 0.00
1.42 4.63 0.43 4.51 0.00
1.40 4.64 0.41 4.46 0.00
1.35 4.64 0.36 4.46 0.00
1.32 4.64 0.34 4.45 0.00
1.26 4.64 0.28 4.43 0.00
1.21 4.62 0.23 4.42 0.00
1.18 4.61 0.24 4.27 0.00
1.13 4.60 0.21 4.21 0.00
1.09 4.60 0.20 4.14 0.00
1.04 4.59 0.18 4.08 0.00
1.00 4.58 0.20 3.98 0.00
0.95 4.56 0.17 3.93 0.00
0.90 4.53 0.21 3.80 0.00
0.86 4.49 0.46 3.57 0.00
0.84 4.47 0.29 3.63 0.00
0.79 4.45 0.21 3.64 0.00
0.75 4.40 0.33 3.49 0.00
0.72 4.38 0.38 3.45 0.00
0.71 4.31 0.32 3.39 0.00
0.68 4.29 0.37 3.34 0.00
0.68 4.26 0.41 3.30 0.00
0.67 4.21 0.34 3.26 0.00
0.64 4.20 0.39 3.23 0.00
0.64 4.14 0.36 3.18 0.00
0.63 4.13 0.43 3.15 0.00
0.63 4.06 0.29 3.12 0.00
0.59 4.04 0.51 3.04 0.00
0.59 3.99 0.41 3.01 0.00
0.58 4.00 -0.29 3.51 1.00
0.60 3.96 -0.24 4.49 1.00
0.58 3.97 -0.25 4.53 0.00
0.54 4.00 -0.37 4.41 0.00
0.49 4.03 -0.45 4.36 0.00
0.46 4.04 -0.52 4.23 0.00
0.42 4.07 -0.56 4.26 0.00
0.39 4.09 -0.61 4.06 0.00
0.34 4.11 -0.66 4.09 0.00
0.31 4.13 -0.68 3.98 0.00
0.24 4.13 -0.71 3.80 0.00
0.21 4.11 -0.76 3.91 0.00
0.16 4.11 -0.79 3.79 0.00
0.15 4.13 -0.84 4.00 0.00
0.11 4.14 -0.85 3.88 0.00
0.06 4.10 -0.87 3.72 0.00
0.05 4.11 -0.91 3.80 0.00
-0.03 4.06 -0.84 3.48 0.00
-0.03 4.05 -1.02 4.21 1.00
-0.07 4.06 -1.06 4.16 0.00
-0.09 4.07 -1.09 4.19 0.00
-0.13 4.07 -1.11 4.24 0.00
-0.17 4.06 -1.17 4.13 0.00
-0.23 4.07 -1.23 4.14 0.00
-0.28 4.09 -1.28 4.05 0.00
-0.32 4.10 -1.31 4.18 0.00
-0.34 4.11 -1.34 4.16 0.00
-0.43 4.12 -1.40 3.91 0.00
-0.45 4.10 -1.43 3.95 0.00
-0.48 4.09 -1.45 3.87 0.00
-0.49 4.09 -1.45 3.84 0.00
-0.50 4.12 -1.31 3.53 0.00
-0.59 4.10 -1.45 3.60 0.00
-0.65 4.06 -1.51 3.55 0.00
-0.68 4.06 -1.46 3.44 0.00
-0.68 4.05 -1.68 4.11 1.00
-0.73 4.06 -1.72 3.97 0.00
-0.77 4.04 -1.76 3.87 0.00
-0.81 4.05 -1.76 3.76 0.00
-0.86 4.06 -1.77 3.64 0.00
-0.89 4.07 -1.78 3.61 0.00
-0.93 4.06 -1.70 3.42 0.00
-0.98 4.04 -1.68 3.33 0.00
-1.01 4.03 -1.74 3.34 0.00
-1.04 4.00 -1.76 3.30 0.00
-1.07 3.98 -1.84 3.33 0.00
-1.07 3.95 -1.83 3.31 0.00
-1.14 3.91 -1.87 3.23 0.00
-1.17 3.89 -1.87 3.17 0.00
-1.21 3.86 -1.87 3.11 0.00
-1.23 3.84 -1.46 2.87 0.00
-1.27 3.79 -1.73 2.91 0.00
-1.09 3.63 -0.82 2.67 1.00
-1.09 3.63 -1.58 2.76 1.00
-1.09 3.63 -2.05 3.36 1.00
-1.09 3.63 -1.97 4.12 1.00
-1.09 3.63 -1.37 4.59 1.00
-1.10 3.67 -1.40 4.62 0.00
-1.12 3.65 -1.40 4.61 0.00
-1.16 3.74 -1.41 4.71 0.00
-1.12 3.78 -1.50 4.70 0.00
-1.14 3.83 -1.44 4.79 0.00
-1.15 3.85 -1.55 4.77 0.00
-1.12 3.87 -1.52 4.78 0.00
-1.17 3.92 -1.56 4.84 0.00
-1.19 3.97 -1.59 4.89 0.00
-1.21 4.00 -1.64 4.91 0.00
-1.57 4.08 -1.87 5.03 0.00
-1.32 4.13 -1.28 5.13 0.00
-1.31 4.17 -1.23 5.17 0.00
-1.31 4.07 -1.58 5.03 0.00
-1.50 4.41 -1.04 5.30 0.00
-1.39 4.20 -2.06 4.95 0.00
-1.39 4.20 -1.33 5.20 1.00
-1.39 4.24 -1.30 5.23 0.00
-1.39 4.28 -1.29 5.27 0.00
-1.38 4.32 -1.28 5.31 0.00
-1.38 4.36 -1.27 5.35 0.00
-1.38 4.39 -1.25 5.39 0.00
-1.38 4.43 -1.23 5.42 0.00
-1.38 4.47 -1.22 5.46 0.00
-1.39 4.51 -1.21 5.50 0.00
-1.39 4.55 -1.23 5.53 0.00
-1.39 4.58 -1.23 5.57 0.00
-1.41 4.62 -1.22 5.60 0.00
-1.32 4.65 -1.21 5.64 0.00
-1.34 4.71 -1.06 5.67 0.00
-1.33 4.74 -1.19 5.73 0.00
-1.35 4.78 -1.11 5.75 0.00
-1.34 4.83 -1.10 5.80 0.00
-1.33 4.87 -1.04 5.82 0.00
-1.34 4.88 -1.15 5.87 0.00
-1.35 4.88 -1.33 5.88 0.00
-1.31 4.96 -0.97 5.91 0.00
-1.37 5.06 -0.63 5.73 0.00
-1.28 5.05 -0.97 6.00 0.00
-1.24 5.09 -0.77 5.97 0.00
-1.26 5.13 -0.87 6.05 0.00
-1.24 5.17 -0.88 6.10 0.00
-1.22 5.19 -0.71 6.05 0.00
-1.21 5.24 -0.81 6.16 0.00
-1.23 5.28 -0.84 6.20 0.00
-1.21 5.30 -0.85 6.23 0.00
-1.16 5.34 -0.73 6.24 0.00
-1.15 5.39 -0.70 6.28 0.00
-1.13 5.42 -0.65 6.30 0.00
-1.13 5.49 -0.56 6.31 0.00
-1.08 5.50 -0.43 6.26 0.00
-1.05 5.55 -0.33 6.24 0.00
-1.05 5.59 -0.26 6.21 0.00
-1.02 5.62 -0.17 6.15 0.00
-1.00 5.66 -0.15 6.20 0.00
-0.96 5.74 -0.03 6.11 0.00
-0.93 5.74 -0.01 6.12 0.00
-0.91 5.74 -0.04 6.23 0.00
-0.89 5.75 -0.02 6.24 0.00
-0.84 5.75 0.05 6.20 0.00
-0.80 5.76 0.12 6.16 0.00
-0.77 5.80 0.20 6.07 0.00
-0.73 5.81 0.24 6.05 0.00
-0.68 5.82 0.30 6.04 0.00
-0.64 5.83 0.36 5.91 0.00
-0.59 5.84 0.41 5.89 0.00
-0.55 5.84 0.45 5.85 0.00
-0.51 5.84 0.49 5.81 0.00
-0.46 5.85 0.54 5.77 0.00
-0.42 5.85 0.56 5.67 0.00
-0.39 5.85 0.58 5.61 0.00
-0.34 5.85 0.61 5.55 0.00
-0.30 5.85 0.63 5.49 0.00
-0.28 5.85 0.62 5.41 0.00
-0.22 5.84 0.71 5.46 0.00
-0.18 5.81 0.72 5.38 0.00
-0.14 5.79 0.77 5.37 0.00
-0.10 5.77 0.78 5.29 0.00
-0.06 5.75 0.80 5.24 0.00
-0.01 5.73 0.83 5.19 0.00
0.03 5.71 0.81 5.09 0.00
0.06 5.69 0.82 5.03 0.00
0.10 5.66 0.83 4.97 0.00
0.14 5.64 0.83 4.92 0.00
0.16 5.60 0.84 4.87 0.00
0.20 5.58 0.85 4.82 0.00
0.23 5.55 0.84 4.76 0.00
0.27 5.53 0.83 4.70 0.00
0.30 5.50 0.85 4.67 0.00
0.32 5.47 0.86 4.63 0.00
0.35 5.42 0.90 4.58 0.00
0.37 5.38 0.89 4.53 0.00
0.39 5.34 0.91 4.48 0.00
0.42 5.31 0.92 4.45 0.00
0.44 5.28 0.94 4.41 0.00
0.46 5.24 0.94 4.36 0.00
0.48 5.20 0.97 4.33 0.00
0.51 5.16 0.99 4.29 0.00
0.52 5.14 0.98 4.24 0.00
0.55 5.09 0.96 4.18 0.00
0.57 5.05 0.96 4.13 0.00
0.59 5.01 0.94 4.07 0.00
0.61 4.97 0.94 4.02 0.00
0.64 4.93 0.91 3.97 0.00
0.65 4.89 0.93 3.93 0.00
0.67 4.84 0.99 3.90 0.00
0.68 4.80 0.95 3.83 0.00
0.70 4.75 0.96 3.78 0.00
0.71 4.70 0.99 3.74 0.00
0.72 4.64 1.11 3.72 0.00
0.73 4.60 1.01 3.64 0.00
0.72 4.57 1.15 3.67 0.00
0.75 4.58 0.88 3.59 0.00
0.74 4.56 0.81 3.56 0.00
0.75 4.50 0.81 3.50 0.00
0.76 4.47 0.93 3.48 0.00
0.77 4.43 0.92 3.44 0.00
0.77 4.41 1.02 3.44 0.00
0.79 4.35 1.06 3.38 0.00
0.78 4.33 0.95 3.34 0.00
0.78 4.31 0.98 3.33 0.00
0.79 4.27 0.89 3.28 0.00
0.80 4.20 1.01 3.22 0.00
0.81 4.14 1.02 3.16 0.00
0.83 4.14 0.94 3.14 0.00
0.82 4.09 0.96 3.10 0.00
0.83 4.01 1.09 3.05 0.00
0.84 3.98 1.13 3.02 0.00
0.85 3.95 1.14 2.99 0.00
0.85 3.95 0.40 3.06 1.00
0.85 3.95 -0.08 3.60 1.00
0.85 3.94 -0.06 4.34 1.00
0.82 3.96 -0.12 4.30 0.00
0.78 3.97 -0.20 4.18 0.00
0.77 4.02 -0.19 4.33 0.00
0.71 4.02 -0.28 4.16 0.00
0.65 4.04 -0.34 3.94 0.00
0.63 4.04 -0.37 4.03 0.00
0.58 4.06 -0.40 3.82 0.00
0.53 4.06 -0.40 3.70 0.00
0.52 4.04 -0.48 3.95 0.00
0.45 4.05 -0.52 3.82 0.00
0.38 4.03 -0.54 3.64 0.00
0.34 4.02 -0.57 3.61 0.00
0.32 3.98 -0.55 3.48 0.00
0.28 3.96 -0.63 3.54 0.00
0.22 3.96 -0.57 3.35 0.00
0.17 3.96 -0.54 3.25 0.00
0.17 3.95 -0.83 3.93 1.00
0.13 3.97 -0.86 3.79 0.00
0.09 3.95 -0.90 3.79 0.00
0.05 3.95 -0.91 3.68 0.00
0.02 3.96 -0.96 3.76 0.00
-0.04 3.96 -0.98 3.61 0.00
-0.08 3.92 -1.02 3.58 0.00
-0.11 3.95 -1.04 3.57 0.00
-0.16 3.91 -1.07 3.51 0.00
-0.20 3.90 -1.10 3.46 0.00
-0.24 3.88 -1.13 3.42 0.00
-0.29 3.83 -1.15 3.32 0.00
-0.31 3.84 -1.08 3.21 0.00
-0.32 3.81 -0.90 3.00 0.00
-0.38 3.81 -1.07 3.08 0.00
-0.44 3.79 -1.18 3.12 0.00
-0.44 3.76 -0.82 2.83 0.00
-0.45 3.76 -1.39 3.43 1.00
-0.46 3.76 -1.33 4.25 1.00
-0.48 3.78 -1.46 3.94 0.00
-0.53 3.80 -1.50 4.03 0.00
-0.57 3.83 -1.55 4.02 0.00
-0.60 3.85 -1.60 3.96 0.00
-0.64 3.87 -1.64 3.89 0.00
-0.68 3.88 -1.68 3.85 0.00
-0.71 3.89 -1.69 3.70 0.00
-0.75 3.88 -1.74 3.80 0.00
-0.79 3.88 -1.79 3.81 0.00
-0.84 3.89 -1.82 3.65 0.00
-0.88 3.88 -1.86 3.70 0.00
-0.93 3.87 -1.84 3.47 0.00
-0.95 3.87 -1.77 3.29 0.00
-0.98 3.87 -1.48 3.00 0.00
-1.04 3.84 -1.82 3.22 0.00
-1.09 3.86 -1.91 3.29 0.00
-1.08 3.86 -2.05 4.13 1.00
-1.09 3.87 -1.59 4.73 1.00
-1.11 3.85 -1.03 4.85 1.00
-1.10 3.86 -1.06 4.86 0.00
-1.10 3.92 -1.01 4.92 0.00
-1.11 3.98 -0.98 4.97 0.00
-1.10 4.00 -1.00 5.00 0.00
-1.10 4.06 -1.01 5.06 0.00
-1.12 4.08 -0.98 5.08 0.00
-1.08 4.11 -0.96 5.11 0.00
-1.07 4.18 -1.05 5.18 0.00
-1.08 4.20 -1.02 5.20 0.00
-1.07 4.24 -1.05 5.24 0.00
-1.08 4.26 -1.04 5.26 0.00
-1.07 4.30 -1.13 5.30 0.00
-1.07 4.34 -1.09 5.34 0.00
-1.06 4.39 -1.19 5.38 0.00
-1.07 4.43 -1.31 5.40 0.00
-1.07 4.47 -1.33 5.43 0.00
-1.08 4.50 -1.36 5.47 0.00
-1.07 4.56 -1.32 5.53 0.00
-1.11 4.59 -1.46 5.53 0.00
-1.12 4.62 -1.44 5.56 0.00
-1.14 4.66 -1.44 5.61 0.00
-1.14 4.70 -1.44 5.65 0.00
-1.15 4.72 -1.45 5.67 0.00
-1.18 4.77 -1.53 5.71 0.00
-1.17 4.81 -1.59 5.72 0.00
-1.19 4.86 -1.65 5.74 0.00
-1.19 4.87 -1.62 5.77 0.00
-1.19 4.88 -1.80 5.68 0.00
-1.20 4.96 -1.62 5.87 0.00
-1.23 4.97 -1.76 5.82 0.00
-1.23 5.03 -1.59 5.96 0.00
-1.25 5.08 -1.67 5.99 0.00
-1.24 5.08 -0.73 5.94 1.00
-1.22 5.14 -0.67 5.97 0.00
-1.18 5.18 -0.52 5.93 0.00
-1.17 5.22 -0.55 6.00 0.00
-1.13 5.24 -0.49 6.01 0.00
-1.12 5.28 -0.37 5.94 0.00
-1.10 5.31 -0.29 5.88 0.00
-1.08 5.34 -0.23 5.87 0.00
-1.04 5.37 -0.21 5.93 0.00
-1.01 5.39 -0.19 5.96 0.00
-0.97 5.41 -0.13 5.95 0.00
-0.95 5.45 -0.09 5.97 0.00
-0.91 5.47 0.02 5.83 0.00
-0.85 5.48 0.08 5.85 0.00
-0.79 5.52 0.16 5.82 0.00
-0.80 5.52 0.19 5.67 0.00
-0.75 5.55 0.24 5.66 0.00
-0.70 5.56 0.30 5.64 0.00
-0.67 5.56 0.32 5.65 0.00
-0.63 5.57 0.36 5.64 0.00
-0.58 5.58 0.42 5.63 0.00
-0.55 5.57 0.45 5.64 0.00
-0.51 5.58 0.49 5.63 0.00
-0.47 5.59 0.53 5.60 0.00
-0.43 5.59 0.57 5.56 0.00
-0.39 5.59 0.61 5.48 0.00
-0.33 5.58 0.65 5.39 0.00
-0.31 5.59 0.67 5.36 0.00
-0.26 5.59 0.70 5.31 0.00
-0.22 5.59 0.72 5.26 0.00
-0.19 5.58 0.74 5.21 0.00
-0.14 5.57 0.80 5.21 0.00
-0.09 5.55 0.84 5.19 0.00
-0.04 5.53 0.88 5.15 0.00
0.00 5.51 0.91 5.09 0.00
0.05 5.50 0.94 5.05 0.00
0.10 5.48 0.97 5.00 0.00
0.15 5.46 1.00 4.95 0.00
0.19 5.44 1.02 4.89 0.00
0.23 5.43 1.04 4.84 0.00
0.28 5.40 1.06 4.79 0.00
0.31 5.38 1.10 4.76 0.00
0.35 5.35 1.14 4.73 0.00
0.39 5.32 1.17 4.69 0.00
0.43 5.29 1.19 4.65 0.00
0.46 5.26 1.17 4.56 0.00
0.50 5.23 1.15 4.48 0.00
0.53 5.21 1.11 4.39 0.00
0.57 5.18 1.07 4.31 0.00
0.59 5.14 1.06 4.26 0.00
0.61 5.11 1.05 4.21 0.00
0.65 5.07 1.05 4.16 0.00
0.66 5.03 1.05 4.11 0.00
0.69 4.99 1.02 4.04 0.00
0.70 4.96 1.07 4.03 0.00
0.72 4.90 1.03 3.95 0.00
0.73 4.87 1.07 3.93 0.00
0.76 4.82 1.04 3.86 0.00
0.76 4.77 1.02 3.81 0.00
0.78 4.75 1.14 3.82 0.00
0.78 4.66 1.01 3.69 0.00
0.82 4.59 1.21 3.67 0.00
0.86 4.56 1.10 3.59 0.00
0.83 4.56 1.08 3.60 0.00
0.84 4.50 0.87 3.50 0.00
0.84 4.45 0.90 3.45 0.00
0.83 4.42 0.89 3.42 0.00
0.84 4.38 1.03 3.40 0.00
0.83 4.34 0.97 3.35 0.00
0.84 4.30 1.05 3.33 0.00
0.87 4.26 1.19 3.31 0.00
0.85 4.22 1.07 3.25 0.00
0.86 4.18 1.07 3.21 0.00
0.88 4.13 1.25 3.20 0.00
0.88 4.10 1.16 3.14 0.00
0.90 4.06 1.32 3.16 0.00
0.90 4.01 1.35 3.12 0.00
0.92 3.97 1.57 3.22 0.00
0.91 3.94 1.59 3.21 0.00
0.93 3.90 1.62 3.17 0.00
0.97 3.86 1.75 3.23 0.00
0.98 3.87 1.05 2.87 1.00
0.99 3.85 0.36 3.07 1.00
0.99 3.85 -0.01 3.77 1.00
0.98 3.87 0.24 4.53 1.00
0.97 3.89 0.10 4.39 0.00
0.92 3.93 0.06 4.44 0.00
0.89 3.95 0.00 4.41 0.00
0.87 3.99 0.01 4.50 0.00
0.82 4.01 -0.12 4.34 0.00
0.80 4.04 -0.11 4.46 0.00
0.80 4.10 0.04 4.75 0.00
0.74 4.08 -0.11 4.62 0.00
0.72 4.10 -0.10 4.68 0.00
0.66 4.11 -0.31 4.36 0.00
0.60 4.13 -0.37 4.37 0.00
0.57 4.13 -0.42 4.27 0.00
0.49 4.12 -0.51 4.12 0.00
0.49 4.14 -0.50 3.98 0.00
0.45 4.17 -0.52 3.93 0.00
0.43 4.19 -0.45 3.72 0.00
0.42 4.20 -0.45 3.70 0.00
0.38 4.17 -0.40 3.55 0.00
0.30 4.19 -0.39 3.47 0.00
0.29 4.17 -0.42 3.47 0.00
0.23 4.13 -0.34 3.31 0.00
0.22 4.13 -0.38 3.34 0.00
0.18 4.06 -0.42 3.26 0.00
