4.60 7.80 4.77 6.82 0.00
4.63 7.76 4.64 6.76 0.00
4.63 7.72 4.71 6.72 0.00
4.63 7.68 4.72 6.68 0.00
4.64 7.64 4.72 6.64 0.00
4.64 7.60 4.72 6.60 0.00
4.64 7.56 4.72 6.56 0.00
4.65 7.52 4.71 6.52 0.00
4.65 7.48 4.70 6.48 0.00
4.65 7.44 4.68 6.44 0.00
4.65 7.41 4.62 6.41 0.00
4.66 7.37 4.63 6.37 0.00
4.67 7.32 4.62 6.32 0.00
4.66 7.28 4.61 6.28 0.00
4.66 7.24 4.68 6.24 0.00
4.66 7.20 4.69 6.20 0.00
4.67 7.16 4.68 6.16 0.00
4.67 7.12 4.72 6.12 0.00
4.67 7.08 4.67 6.08 0.00
4.67 7.04 4.64 6.04 0.00
4.67 7.00 4.62 6.00 0.00
4.67 6.96 4.57 5.96 0.00
4.67 6.91 4.54 5.92 0.00
4.67 6.87 4.50 5.89 0.00
4.67 6.83 4.47 5.85 0.00
4.67 6.79 4.44 5.82 0.00
4.66 6.76 4.42 5.79 0.00
4.65 6.71 4.41 5.75 0.00
4.64 6.67 4.40 5.70 0.00
4.63 6.63 4.38 5.67 0.00
4.62 6.59 4.37 5.63 0.00
4.61 6.55 4.36 5.59 0.00
4.60 6.52 4.35 5.55 0.00
4.57 6.48 4.38 5.50 0.00
4.57 6.44 4.36 5.47 0.00
4.56 6.40 4.34 5.43 0.00
4.56 6.36 4.30 5.40 0.00
4.55 6.33 4.28 5.36 0.00
4.54 6.29 4.26 5.33 0.00
4.53 6.25 4.23 5.29 0.00
4.52 6.21 4.20 5.26 0.00
4.51 6.17 4.18 5.23 0.00
4.50 6.13 4.16 5.19 0.00
4.49 6.09 4.14 5.16 0.00
4.47 6.06 4.12 5.12 0.00
4.46 6.02 4.12 5.08 0.00
4.44 5.98 4.12 5.03 0.00
4.43 5.94 4.12 4.99 0.00
4.41 5.92 4.19 4.95 0.00
4.40 5.88 4.20 4.90 0.00
4.39 5.84 4.18 4.86 0.00
4.38 5.80 4.12 4.84 0.00
4.37 5.76 4.04 4.82 0.00
4.36 5.72 3.96 4.81 0.00
4.36 5.68 3.88 4.80 0.00
4.34 5.65 3.82 4.80 0.00
4.34 5.61 3.76 4.79 0.00
4.33 5.57 3.70 4.79 0.00
4.31 5.53 3.65 4.77 0.00
4.28 5.50 3.63 4.74 0.00
4.25 5.47 3.62 4.69 0.00
4.22 5.43 3.62 4.62 0.00
4.21 5.39 3.65 4.56 0.00
4.17 5.37 3.77 4.46 0.00
4.13 5.32 3.67 4.44 0.00
4.13 5.33 3.16 5.10 1.00
4.13 5.35 3.23 5.78 1.00
4.14 5.36 3.74 6.28 1.00
4.14 5.37 4.35 6.35 1.00
4.16 5.43 4.19 6.43 0.00
4.18 5.47 4.22 6.46 0.00
4.21 5.54 4.09 6.53 0.00
4.21 5.52 4.35 6.51 0.00
4.21 5.57 4.37 6.56 0.00
4.22 5.61 4.51 6.57 0.00
4.22 5.65 4.47 6.61 0.00
4.21 5.68 4.34 6.67 0.00
4.21 5.72 4.29 6.72 0.00
4.22 5.76 4.16 6.75 0.00
4.23 5.79 4.06 6.78 0.00
4.23 5.84 3.94 6.79 0.00
4.24 5.87 3.85 6.80 0.00
4.25 5.91 3.79 6.80 0.00
4.25 5.95 3.74 6.81 0.00
4.23 5.99 3.67 6.82 0.00
4.23 5.99 4.42 6.97 1.00
4.24 6.03 4.33 7.03 0.00
4.25 6.07 4.35 7.07 0.00
4.25 6.11 4.32 7.11 0.00
4.26 6.15 4.26 7.15 0.00
4.26 6.19 4.26 7.19 0.00
4.28 6.23 4.17 7.22 0.00
4.28 6.27 4.18 7.26 0.00
4.28 6.30 4.16 7.30 0.00
4.27 6.34 4.16 7.33 0.00
4.27 6.38 4.13 7.37 0.00
4.26 6.42 4.08 7.40 0.00
4.27 6.44 4.00 7.41 0.00
4.28 6.47 3.93 7.40 0.00
4.31 6.50 3.86 7.39 0.00
4.30 6.56 3.81 7.43 0.00
4.26 6.60 3.77 7.48 0.00
4.26 6.65 3.66 7.45 0.00
4.21 6.68 3.53 7.43 0.00
4.19 6.71 3.43 7.36 0.00
4.17 6.76 3.39 7.38 0.00
4.13 6.77 3.31 7.35 0.00
4.11 6.80 3.28 7.35 0.00
4.07 6.82 3.26 7.41 0.00
4.04 6.83 3.19 7.35 0.00
4.01 6.88 3.10 7.31 0.00
3.98 6.90 3.22 7.54 0.00
3.99 6.89 3.27 7.58 0.00
4.01 6.87 3.54 7.76 0.00
3.92 6.94 3.15 7.57 0.00
3.85 6.98 2.93 7.38 0.00
3.78 7.05 2.78 7.14 0.00
3.72 7.07 2.72 7.09 0.00
3.68 7.05 2.68 7.08 0.00
3.64 7.06 2.65 7.02 0.00
3.60 7.07 2.60 6.99 0.00
3.56 7.07 2.56 7.05 0.00
3.52 7.06 2.52 6.94 0.00
3.47 7.06 2.48 6.92 0.00
3.38 7.06 2.45 6.69 0.00
3.36 7.07 2.47 6.62 0.00
3.35 7.07 2.52 6.52 0.00
3.31 7.08 2.49 6.51 0.00
3.28 7.03 2.45 6.47 0.00
3.22 7.01 2.36 6.49 0.00
3.19 6.98 2.39 6.37 0.00
3.14 6.95 2.38 6.30 0.00
3.09 6.91 2.32 6.28 0.00
3.07 6.89 2.37 6.17 0.00
3.03 6.85 2.34 6.12 0.00
2.96 6.81 2.31 6.06 0.00
2.93 6.76 2.29 6.00 0.00
2.90 6.74 2.30 5.94 0.00
2.86 6.68 2.28 5.87 0.00
2.82 6.64 2.26 5.81 0.00
2.79 6.60 2.25 5.75 0.00
2.76 6.56 2.23 5.71 0.00
2.74 6.52 2.22 5.66 0.00
2.71 6.49 2.26 5.59 0.00
2.69 6.44 2.27 5.53 0.00
2.66 6.40 2.30 5.47 0.00
2.64 6.36 2.31 5.42 0.00
2.61 6.32 2.35 5.36 0.00
2.60 6.28 2.38 5.30 0.00
2.57 6.24 2.39 5.26 0.00
2.55 6.20 2.42 5.21 0.00
2.55 6.17 2.43 5.18 0.00
2.54 6.12 2.42 5.13 0.00
2.54 6.08 2.43 5.09 0.00
2.53 6.04 2.40 5.05 0.00
2.53 6.00 2.34 5.02 0.00
2.52 5.96 2.27 4.99 0.00
2.52 5.92 2.21 4.97 0.00
2.51 5.88 2.15 4.95 0.00
2.51 5.84 2.10 4.93 0.00
2.50 5.80 2.03 4.92 0.00
2.50 5.76 2.00 4.89 0.00
2.47 5.72 1.97 4.86 0.00
2.45 5.68 1.94 4.82 0.00
2.42 5.64 1.93 4.77 0.00
2.40 5.60 1.90 4.74 0.00
2.38 5.55 1.94 4.66 0.00
2.35 5.51 1.98 4.58 0.00
2.32 5.47 2.02 4.52 0.00
2.30 5.43 2.08 4.46 0.00
2.28 5.38 2.14 4.39 0.00
2.25 5.33 2.21 4.33 0.00
2.22 5.29 2.28 4.29 0.00
2.23 5.25 2.28 4.25 0.00
2.24 5.22 2.30 4.22 0.00
2.23 5.17 2.29 4.17 0.00
2.23 5.13 2.26 4.13 0.00
2.24 5.08 2.23 4.08 0.00
2.24 5.04 2.21 4.04 0.00
2.24 5.01 2.15 4.01 0.00
2.24 4.96 2.14 3.97 0.00
2.25 4.92 2.11 3.93 0.00
2.24 4.88 2.10 3.89 0.00
2.25 4.84 2.13 3.85 0.00
2.23 4.80 2.12 3.81 0.00
2.22 4.76 2.14 3.76 0.00
2.22 4.71 2.17 3.71 0.00
2.21 4.68 2.15 3.68 0.00
2.20 4.64 2.22 3.64 0.00
2.20 4.59 2.25 3.59 0.00
2.19 4.55 2.27 3.56 0.00
2.20 4.52 2.33 3.53 0.00
2.20 4.47 2.30 3.47 0.00
2.21 4.44 2.28 3.45 0.00
2.21 4.39 2.31 3.40 0.00
2.20 4.35 2.34 3.36 0.00
2.22 4.31 2.33 3.31 0.00
2.22 4.27 2.33 3.28 0.00
2.24 4.23 2.30 3.24 0.00
2.23 4.19 2.27 3.19 0.00
2.24 4.14 2.23 3.14 0.00
2.25 4.10 2.23 3.10 0.00
2.27 4.06 2.19 3.07 0.00
2.28 4.03 2.24 3.03 0.00
2.28 3.97 2.15 2.98 0.00
2.28 3.95 2.12 2.96 0.00
2.27 3.88 2.20 2.88 0.00
2.25 3.85 2.11 2.86 0.00
2.23 3.80 1.97 2.84 0.00
2.23 3.76 1.99 2.79 0.00
2.22 3.72 1.93 2.77 0.00
2.22 3.67 1.94 2.71 0.00
2.20 3.65 1.87 2.70 0.00
2.19 3.60 1.84 2.67 0.00
2.17 3.55 1.90 2.59 0.00
2.13 3.52 1.96 2.54 0.00
2.12 3.48 1.93 2.50 0.00
2.11 3.44 1.94 2.45 0.00
2.10 3.40 1.94 2.41 0.00
2.09 3.36 1.95 2.37 0.00
2.09 3.32 1.97 2.32 0.00
2.08 3.28 2.01 2.28 0.00
2.07 3.23 2.04 2.23 0.00
2.06 3.19 1.99 2.19 0.00
2.06 3.16 2.02 2.16 0.00
2.06 3.11 2.06 2.11 0.00
2.04 3.11 1.97 2.11 0.00
2.05 3.03 2.08 2.03 0.00
2.06 3.00 2.00 2.00 0.00
2.06 2.95 2.02 1.95 0.00
2.06 2.91 1.99 1.92 0.00
2.05 2.89 1.92 1.90 0.00
2.06 2.83 1.93 1.84 0.00
2.06 2.80 1.81 1.83 0.00
2.14 2.82 1.41 2.13 0.00
2.04 2.71 1.81 1.74 0.00
2.07 2.64 1.83 1.66 0.00
2.06 2.61 1.75 1.66 0.00
2.04 2.58 1.71 1.64 0.00
2.03 2.55 1.67 1.62 0.00
2.02 2.50 1.69 1.56 0.00
2.02 2.48 1.87 1.49 0.00
1.99 2.43 1.58 1.52 0.00
2.00 2.34 1.68 1.39 0.00
1.95 2.32 1.58 1.39 0.00
1.93 2.29 1.58 1.36 0.00
1.85 2.27 1.54 1.32 0.00
1.84 2.14 1.99 1.15 0.00
1.73 2.05 2.39 1.30 0.00
1.81 2.14 1.51 1.18 0.00
1.77 2.25 0.78 2.10 0.00
1.79 2.06 1.59 1.08 0.00
1.79 2.00 1.72 1.01 0.00
1.80 1.98 1.65 0.99 0.00
1.81 1.94 1.68 0.95 0.00
1.79 1.90 1.71 0.90 0.00
1.78 1.86 1.73 0.86 0.00
1.78 1.82 1.73 0.82 0.00
1.77 1.78 1.72 0.78 0.00
1.77 1.74 1.72 0.74 0.00
1.77 1.70 1.71 0.70 0.00
1.77 1.66 1.70 0.66 0.00
1.77 1.66 1.02 1.00 1.00
1.77 1.66 0.77 1.73 1.00
1.77 1.66 1.11 2.41 1.00
1.77 1.66 1.84 2.66 1.00
1.77 1.66 2.52 2.31 1.00
1.80 1.69 2.58 2.31 0.00
1.82 1.71 2.63 2.30 0.00
1.79 1.73 2.60 2.33 0.00
1.84 1.78 2.72 2.25 0.00
1.91 1.81 2.84 2.16 0.00
1.93 1.85 2.87 2.20 0.00
1.97 1.84 2.88 2.26 0.00
2.01 1.87 2.95 2.23 0.00
2.04 1.88 2.97 2.24 0.00
2.10 1.90 3.06 2.17 0.00
2.13 1.91 3.09 2.19 0.00
2.17 1.93 3.10 2.31 0.00
2.20 1.94 3.15 2.24 0.00
2.20 1.93 3.18 2.15 0.00
2.25 1.91 3.23 2.13 0.00
2.28 1.94 3.26 2.16 0.00
2.36 1.97 3.35 2.07 0.00
2.37 1.96 3.37 1.94 0.00
2.41 1.97 3.40 1.84 0.00
2.46 2.00 3.44 1.80 0.00
2.52 1.99 3.44 1.61 0.00
2.54 2.00 3.40 1.49 0.00
2.59 2.03 3.38 1.42 0.00
2.61 1.98 3.40 1.37 0.00
2.64 1.96 3.44 1.35 0.00
2.67 1.94 3.46 1.32 0.00
2.71 1.92 3.51 1.32 0.00
2.73 1.89 3.47 1.21 0.00
2.76 1.87 3.47 1.15 0.00
2.79 1.84 3.46 1.10 0.00
2.82 1.82 3.46 1.05 0.00
2.85 1.80 3.46 1.01 0.00
2.88 1.77 3.31 0.87 0.00
2.91 1.74 3.24 0.79 0.00
2.94 1.70 3.16 0.73 0.00
2.98 1.68 3.10 0.69 0.00
3.00 1.64 3.00 0.64 0.00
3.02 1.60 2.96 0.60 0.00
3.01 1.56 2.96 0.56 0.00
3.00 1.54 2.96 0.54 0.00
3.00 1.49 2.95 0.49 0.00
2.99 1.45 2.91 0.46 0.00
3.01 1.39 2.82 0.41 0.00
3.00 1.37 2.91 0.37 0.00
3.00 1.32 2.89 0.33 0.00
3.00 1.30 2.97 0.30 0.00
2.98 1.23 2.84 0.24 0.00
2.98 1.20 2.76 0.22 0.00
2.96 1.14 2.61 0.21 0.00
2.94 1.13 2.43 0.27 0.00
2.94 1.07 2.62 0.13 0.00
2.93 1.03 2.58 0.09 0.00
2.93 1.00 2.54 0.08 0.00
2.92 0.96 2.48 0.06 0.00
2.91 0.92 2.44 0.04 0.00
2.90 0.88 2.41 0.01 0.00
2.88 0.84 2.39 -0.03 0.00
2.85 0.80 2.38 -0.08 0.00
2.83 0.76 2.39 -0.14 0.00
2.81 0.72 2.41 -0.19 0.00
2.79 0.69 2.44 -0.25 0.00
2.77 0.65 2.47 -0.30 0.00
2.75 0.61 2.47 -0.36 0.00
2.72 0.57 2.48 -0.41 0.00
2.71 0.53 2.46 -0.44 0.00
2.70 0.49 2.44 -0.48 0.00
2.69 0.45 2.43 -0.52 0.00
2.69 0.41 2.42 -0.56 0.00
2.67 0.38 2.36 -0.57 0.00
2.66 0.33 2.38 -0.63 0.00
2.66 0.28 2.37 -0.67 0.00
2.64 0.25 2.34 -0.71 0.00
2.63 0.22 2.35 -0.74 0.00
2.62 0.17 2.33 -0.79 0.00
2.61 0.12 2.34 -0.84 0.00
2.60 0.08 2.33 -0.88 0.00
2.60 0.04 2.32 -0.92 0.00
2.57 0.00 2.34 -0.97 0.00
2.56 -0.03 2.40 -1.02 0.00
2.55 -0.07 2.39 -1.06 0.00
2.54 -0.10 2.38 -1.09 0.00
2.54 -0.15 2.34 -1.13 0.00
2.53 -0.19 2.31 -1.16 0.00
2.52 -0.23 2.25 -1.19 0.00
2.52 -0.27 2.18 -1.21 0.00
2.51 -0.31 2.13 -1.23 0.00
2.52 -0.33 2.19 -1.27 0.00
2.51 -0.38 2.15 -1.31 0.00
2.50 -0.43 2.07 -1.33 0.00
2.48 -0.46 2.06 -1.36 0.00
2.46 -0.50 2.02 -1.40 0.00
2.44 -0.54 1.93 -1.40 0.00
2.42 -0.57 1.87 -1.41 0.00
2.42 -0.61 1.83 -1.42 0.00
2.40 -0.65 1.82 -1.47 0.00
2.36 -0.65 1.92 -1.55 0.00
2.33 -0.70 1.99 -1.64 0.00
2.28 -0.72 2.08 -1.70 0.00
2.27 -0.77 2.04 -1.74 0.00
2.26 -0.81 1.99 -1.77 0.00
2.27 -0.85 2.00 -1.81 0.00
2.22 -0.90 1.91 -1.85 0.00
2.23 -0.92 1.82 -1.83 0.00
2.22 -0.97 1.70 -1.83 0.00
2.22 -1.01 1.75 -1.89 0.00
2.21 -1.06 1.57 -1.83 0.00
2.20 -1.09 1.61 -1.90 0.00
2.20 -1.12 1.60 -1.92 0.00
2.18 -1.17 1.58 -1.97 0.00
2.14 -1.22 1.60 -2.05 0.00
2.11 -1.25 1.52 -2.06 0.00
2.09 -1.30 1.50 -2.11 0.00
2.08 -1.34 1.47 -2.13 0.00
2.04 -1.39 1.42 -2.17 0.00
1.99 -1.44 1.29 -2.16 0.00
1.97 -1.48 1.34 -2.26 0.00
1.95 -1.50 1.30 -2.25 0.00
1.91 -1.57 1.27 -2.34 0.00
1.86 -1.62 1.08 -2.24 0.00
1.84 -1.66 1.02 -2.24 0.00
1.81 -1.70 0.94 -2.20 0.00
1.77 -1.74 0.85 -2.12 0.00
1.74 -1.79 0.78 -2.07 0.00
1.70 -1.80 0.73 -2.06 0.00
1.66 -1.81 0.69 -2.06 0.00
1.62 -1.82 0.65 -2.07 0.00
1.58 -1.83 0.61 -2.07 0.00
1.55 -1.84 0.59 -2.09 0.00
1.51 -1.83 0.60 -2.25 0.00
1.47 -1.83 0.61 -2.35 0.00
1.43 -1.83 0.61 -2.40 0.00
1.39 -1.83 0.61 -2.45 0.00
1.35 -1.87 0.57 -2.50 0.00
1.31 -1.90 0.52 -2.51 0.00
1.28 -1.93 0.49 -2.54 0.00
1.24 -1.96 0.42 -2.53 0.00
1.20 -1.99 0.35 -2.51 0.00
1.17 -2.02 0.28 -2.48 0.00
1.13 -2.05 0.22 -2.46 0.00
1.09 -2.08 0.15 -2.43 0.00
1.05 -2.11 0.10 -2.42 0.00
1.01 -2.13 0.05 -2.39 0.00
0.98 -2.14 0.00 -2.37 0.00
0.95 -2.14 -0.01 -2.43 0.00
0.92 -2.12 -0.00 -2.51 0.00
0.87 -2.12 -0.01 -2.58 0.00
0.83 -2.10 -0.02 -2.62 0.00
0.79 -2.11 -0.11 -2.54 0.00
0.71 -2.17 -0.17 -2.63 0.00
0.65 -2.18 -0.20 -2.69 0.00
0.63 -2.21 -0.29 -2.61 0.00
0.59 -2.26 -0.32 -2.68 0.00
0.58 -2.27 -0.36 -2.61 0.00
0.55 -2.29 -0.40 -2.61 0.00
0.51 -2.32 -0.45 -2.60 0.00
0.47 -2.34 -0.50 -2.58 0.00
0.44 -2.35 -0.54 -2.56 0.00
0.39 -2.36 -0.58 -2.58 0.00
0.35 -2.37 -0.62 -2.59 0.00
0.32 -2.38 -0.65 -2.62 0.00
0.27 -2.37 -0.68 -2.66 0.00
0.23 -2.37 -0.71 -2.71 0.00
0.19 -2.39 -0.75 -2.74 0.00
0.15 -2.40 -0.80 -2.72 0.00
0.11 -2.42 -0.84 -2.74 0.00
0.07 -2.43 -0.87 -2.78 0.00
0.02 -2.45 -0.89 -2.85 0.00
-0.02 -2.46 -0.90 -2.93 0.00
