0.20 -8.90 0.84 -9.67 0.00
0.22 -8.93 0.88 -9.68 0.00
0.25 -8.96 0.92 -9.70 0.00
0.27 -8.99 0.96 -9.72 0.00
0.30 -9.02 1.01 -9.72 0.00
0.32 -9.05 1.05 -9.74 0.00
0.39 -9.03 0.87 -9.91 0.00
0.39 -9.10 1.08 -9.83 0.00
0.40 -9.15 1.10 -9.86 0.00
0.43 -9.15 1.19 -9.80 0.00
0.42 -9.19 1.31 -9.66 0.00
0.51 -9.21 1.27 -9.86 0.00
0.52 -9.20 1.38 -9.71 0.00
0.54 -9.23 1.47 -9.60 0.00
0.58 -9.29 1.53 -9.61 0.00
0.61 -9.30 1.54 -9.66 0.00
0.65 -9.32 1.59 -9.63 0.00
0.68 -9.33 1.67 -9.51 0.00
0.71 -9.34 1.71 -9.46 0.00
0.73 -9.33 1.73 -9.40 0.00
0.75 -9.31 1.75 -9.31 0.00
0.82 -9.35 1.82 -9.32 0.00
0.84 -9.41 1.81 -9.19 0.00
0.86 -9.35 1.81 -9.06 0.00
0.96 -9.35 1.95 -9.22 0.00
0.99 -9.40 1.98 -9.27 0.00
1.04 -9.38 2.01 -9.17 0.00
1.07 -9.38 2.04 -9.11 0.00
1.15 -9.34 2.14 -9.21 0.00
1.19 -9.37 2.11 -9.00 0.00
1.22 -9.34 2.18 -9.05 0.00
1.23 -9.32 2.01 -8.69 0.00
1.29 -9.29 2.17 -8.81 0.00
1.33 -9.23 2.04 -8.53 0.00
1.37 -9.24 2.14 -8.61 0.00
1.41 -9.21 2.08 -8.48 0.00
1.44 -9.20 2.11 -8.45 0.00
1.48 -9.19 2.15 -8.45 0.00
1.51 -9.17 2.13 -8.39 0.00
1.54 -9.15 2.11 -8.32 0.00
1.57 -9.12 2.10 -8.27 0.00
1.60 -9.09 2.10 -8.22 0.00
1.62 -9.05 2.10 -8.17 0.00
1.65 -9.01 2.08 -8.11 0.00
1.67 -8.98 2.06 -8.06 0.00
1.69 -8.94 2.04 -8.00 0.00
1.71 -8.90 2.02 -7.95 0.00
1.74 -8.86 2.00 -7.90 0.00
1.75 -8.82 1.98 -7.85 0.00
1.76 -8.78 1.98 -7.81 0.00
1.77 -8.75 1.97 -7.76 0.00
1.78 -8.71 1.97 -7.72 0.00
1.79 -8.67 1.96 -7.68 0.00
1.80 -8.63 1.96 -7.64 0.00
1.81 -8.59 1.97 -7.60 0.00
1.82 -8.55 1.96 -7.56 0.00
1.82 -8.51 1.97 -7.52 0.00
1.83 -8.47 1.97 -7.48 0.00
1.84 -8.43 1.92 -7.44 0.00
1.84 -8.39 1.84 -7.39 0.00
1.84 -8.35 1.75 -7.36 0.00
1.85 -8.31 1.66 -7.33 0.00
1.86 -8.27 1.58 -7.31 0.00
1.87 -8.24 1.48 -7.32 0.00
1.87 -8.20 1.38 -7.33 0.00
1.88 -8.20 2.15 -7.24 1.00
1.89 -8.19 2.12 -7.22 0.00
1.94 -8.16 1.92 -7.16 0.00
1.91 -8.07 2.07 -7.08 0.00
1.92 -8.05 1.98 -7.05 0.00
1.94 -8.00 2.11 -7.02 0.00
1.95 -7.95 1.76 -6.96 0.00
1.96 -7.92 1.80 -6.94 0.00
1.97 -7.92 2.08 -6.92 0.00
1.97 -7.87 2.05 -6.88 0.00
1.99 -7.78 1.97 -6.79 0.00
1.99 -7.75 2.08 -6.75 0.00
1.98 -7.70 2.03 -6.70 0.00
1.96 -7.66 1.82 -6.67 0.00
1.97 -7.61 1.79 -6.62 0.00
1.97 -7.58 1.75 -6.61 0.00
1.94 -7.54 1.66 -6.58 0.00
1.93 -7.50 1.66 -6.53 0.00
1.93 -7.45 1.65 -6.49 0.00
1.93 -7.41 1.61 -6.46 0.00
1.93 -7.39 1.72 -6.41 0.00
1.93 -7.36 1.86 -6.36 0.00
1.93 -7.34 1.86 -6.35 0.00
1.98 -7.28 1.88 -6.28 0.00
1.89 -7.23 1.66 -6.25 0.00
1.88 -7.21 1.72 -6.22 0.00
1.84 -7.15 1.31 -6.31 0.00
1.80 -7.11 1.16 -6.35 0.00
1.78 -7.09 1.10 -6.35 0.00
1.75 -7.03 0.95 -6.44 0.00
1.67 -7.04 0.77 -6.60 0.00
1.61 -6.90 1.67 -5.90 0.00
1.57 -6.93 0.86 -6.23 0.00
1.57 -6.93 1.56 -5.93 1.00
1.57 -6.89 1.52 -5.89 0.00
1.57 -6.85 1.51 -5.85 0.00
1.56 -6.81 1.51 -5.81 0.00
1.56 -6.77 1.51 -5.77 0.00
1.56 -6.73 1.50 -5.73 0.00
1.56 -6.69 1.49 -5.69 0.00
1.56 -6.65 1.47 -5.65 0.00
1.55 -6.61 1.46 -5.62 0.00
1.55 -6.57 1.45 -5.58 0.00
1.55 -6.53 1.43 -5.54 0.00
1.55 -6.49 1.41 -5.50 0.00
1.54 -6.45 1.40 -5.46 0.00
1.54 -6.41 1.38 -5.42 0.00
1.53 -6.37 1.37 -5.38 0.00
1.53 -6.33 1.36 -5.34 0.00
1.52 -6.29 1.35 -5.30 0.00
1.52 -6.29 2.10 -5.47 1.00
1.56 -6.26 1.96 -5.34 0.00
1.58 -6.23 1.85 -5.27 0.00
1.55 -6.32 0.90 -5.56 0.00
1.61 -6.10 1.92 -5.15 0.00
1.65 -5.98 2.40 -5.33 0.00
1.60 -6.03 1.74 -5.03 0.00
1.65 -5.98 2.08 -5.08 0.00
1.59 -5.96 1.65 -4.96 0.00
1.61 -5.82 2.06 -4.93 0.00
1.62 -5.90 1.63 -4.90 0.00
1.62 -5.85 1.64 -4.85 0.00
1.62 -5.81 1.61 -4.81 0.00
1.63 -5.77 1.59 -4.77 0.00
1.63 -5.73 1.59 -4.73 0.00
1.63 -5.69 1.56 -4.69 0.00
1.64 -5.65 1.54 -4.65 0.00
1.64 -5.65 2.27 -4.88 1.00
1.64 -5.65 2.63 -5.55 1.00
1.64 -5.64 2.63 -5.48 0.00
1.66 -5.67 2.58 -5.27 0.00
1.75 -5.63 2.72 -5.38 0.00
1.80 -5.64 2.75 -5.32 0.00
1.85 -5.63 2.77 -5.23 0.00
1.89 -5.62 2.75 -5.12 0.00
1.91 -5.62 2.81 -5.18 0.00
1.95 -5.60 2.72 -4.96 0.00
2.04 -5.60 2.74 -4.88 0.00
2.05 -5.60 2.79 -4.92 0.00
2.05 -5.55 2.64 -4.74 0.00
2.09 -5.50 2.64 -4.67 0.00
2.12 -5.43 2.61 -4.55 0.00
2.15 -5.43 2.60 -4.54 0.00
2.15 -5.40 2.64 -4.53 0.00
2.18 -5.35 2.52 -4.41 0.00
2.19 -5.35 3.14 -5.03 1.00
2.19 -5.35 3.11 -5.73 1.00
2.22 -5.37 3.11 -5.83 0.00
2.26 -5.39 3.16 -5.81 0.00
2.30 -5.41 3.14 -5.95 0.00
2.33 -5.41 3.23 -5.85 0.00
2.33 -5.41 3.27 -5.76 0.00
2.40 -5.45 3.33 -5.82 0.00
2.45 -5.46 3.44 -5.58 0.00
2.48 -5.48 3.48 -5.40 0.00
2.54 -5.50 3.48 -5.17 0.00
2.56 -5.52 3.48 -5.12 0.00
2.60 -5.52 3.50 -5.10 0.00
2.63 -5.52 3.56 -5.15 0.00
2.66 -5.50 3.57 -5.07 0.00
2.69 -5.44 3.59 -5.00 0.00
2.75 -5.43 3.58 -4.87 0.00
2.80 -5.45 3.65 -4.92 0.00
2.80 -5.44 3.78 -5.62 1.00
2.82 -5.45 3.82 -5.56 0.00
2.89 -5.45 3.89 -5.42 0.00
2.94 -5.45 3.94 -5.38 0.00
2.99 -5.48 3.98 -5.34 0.00
2.97 -5.51 3.97 -5.50 0.00
3.04 -5.51 4.03 -5.33 0.00
3.11 -5.50 4.07 -5.23 0.00
3.09 -5.51 4.05 -5.23 0.00
3.20 -5.47 4.15 -5.17 0.00
3.23 -5.44 4.14 -5.03 0.00
3.21 -5.47 4.13 -5.06 0.00
3.29 -5.46 4.16 -4.96 0.00
3.35 -5.43 4.22 -4.94 0.00
3.35 -5.41 4.19 -4.85 0.00
3.39 -5.39 4.20 -4.80 0.00
3.43 -5.40 4.18 -4.73 0.00
3.43 -5.41 4.43 -5.48 1.00
3.45 -5.41 4.45 -5.41 0.00
3.50 -5.42 4.49 -5.27 0.00
3.56 -5.41 4.56 -5.29 0.00
3.59 -5.42 4.58 -5.25 0.00
3.63 -5.44 4.61 -5.25 0.00
3.67 -5.43 4.61 -5.10 0.00
3.73 -5.42 4.67 -5.10 0.00
3.78 -5.42 4.58 -4.81 0.00
3.79 -5.40 4.73 -5.05 0.00
3.83 -5.37 4.78 -5.06 0.00
3.87 -5.38 4.81 -5.05 0.00
3.91 -5.36 4.82 -4.96 0.00
3.96 -5.37 4.89 -5.01 0.00
4.01 -5.33 4.88 -4.84 0.00
4.03 -5.32 4.84 -4.74 0.00
4.06 -5.30 4.80 -4.62 0.00
4.06 -5.30 5.06 -5.27 1.00
4.06 -5.30 4.78 -5.99 1.00
4.06 -5.30 4.07 -6.30 1.00
4.06 -5.33 4.00 -6.33 0.00
4.06 -5.41 3.84 -6.39 0.00
4.06 -5.43 3.86 -6.41 0.00
4.06 -5.45 3.84 -6.42 0.00
4.08 -5.53 4.07 -6.53 0.00
4.06 -5.59 3.67 -6.51 0.00
4.05 -5.60 3.47 -6.41 0.00
4.05 -5.62 3.43 -6.41 0.00
4.02 -5.65 3.39 -6.43 0.00
4.00 -5.69 3.35 -6.45 0.00
3.97 -5.72 3.31 -6.47 0.00
3.95 -5.75 3.27 -6.49 0.00
3.92 -5.79 3.24 -6.52 0.00
3.89 -5.82 3.20 -6.54 0.00
3.86 -5.85 3.17 -6.57 0.00
3.84 -5.88 3.14 -6.60 0.00
3.80 -5.92 3.01 -6.54 0.00
3.77 -5.96 2.93 -6.51 0.00
3.73 -5.99 2.85 -6.46 0.00
3.70 -6.03 2.77 -6.41 0.00
3.66 -6.07 2.71 -6.36 0.00
3.63 -6.10 2.65 -6.31 0.00
3.59 -6.11 2.60 -6.31 0.00
3.55 -6.12 2.57 -6.32 0.00
3.50 -6.13 2.52 -6.33 0.00
3.46 -6.14 2.48 -6.31 0.00
3.42 -6.14 2.44 -6.30 0.00
3.38 -6.15 2.39 -6.28 0.00
3.34 -6.16 2.35 -6.27 0.00
3.30 -6.17 2.31 -6.26 0.00
3.26 -6.18 2.26 -6.25 0.00
3.22 -6.19 2.22 -6.24 0.00
3.18 -6.19 2.18 -6.23 0.00
3.14 -6.19 2.14 -6.24 0.00
3.10 -6.19 2.10 -6.28 0.00
3.05 -6.19 2.07 -6.36 0.00
3.01 -6.19 2.05 -6.45 0.00
2.97 -6.20 2.03 -6.53 0.00
2.93 -6.20 2.02 -6.62 0.00
2.88 -6.20 2.02 -6.69 0.00
2.84 -6.20 2.02 -6.77 0.00
2.80 -6.22 2.01 -6.82 0.00
2.77 -6.24 1.97 -6.84 0.00
2.73 -6.27 1.94 -6.87 0.00
2.70 -6.29 1.91 -6.90 0.00
2.67 -6.32 1.89 -6.95 0.00
2.63 -6.35 1.89 -7.02 0.00
2.60 -6.37 1.89 -7.08 0.00
2.58 -6.41 1.79 -7.02 0.00
2.56 -6.45 1.72 -6.99 0.00
2.53 -6.48 1.66 -6.98 0.00
2.49 -6.50 1.62 -6.99 0.00
2.46 -6.52 1.59 -7.01 0.00
2.43 -6.54 1.54 -7.00 0.00
2.39 -6.56 1.47 -6.96 0.00
2.36 -6.58 1.42 -6.93 0.00
2.32 -6.60 1.36 -6.89 0.00
2.28 -6.62 1.31 -6.86 0.00
2.25 -6.64 1.27 -6.83 0.00
2.21 -6.66 1.22 -6.78 0.00
2.17 -6.67 1.18 -6.78 0.00
2.13 -6.68 1.14 -6.78 0.00
2.09 -6.68 1.10 -6.79 0.00
2.05 -6.68 1.06 -6.79 0.00
2.05 -6.68 1.27 -6.06 1.00
2.05 -6.68 1.94 -5.69 1.00
2.04 -6.65 1.95 -5.65 0.00
2.04 -6.60 1.94 -5.61 0.00
2.03 -6.56 1.94 -5.57 0.00
2.03 -6.52 1.87 -5.53 0.00
2.02 -6.48 1.79 -5.51 0.00
2.02 -6.44 1.70 -5.49 0.00
2.02 -6.40 1.63 -5.48 0.00
2.01 -6.36 1.55 -5.47 0.00
2.01 -6.32 1.48 -5.47 0.00
2.01 -6.28 1.42 -5.47 0.00
1.99 -6.24 1.39 -5.44 0.00
1.96 -6.21 1.36 -5.41 0.00
1.94 -6.19 1.35 -5.38 0.00
1.94 -6.19 1.42 -5.33 0.00
1.88 -6.09 1.31 -5.26 0.00
1.85 -6.06 1.21 -5.29 0.00
1.79 -6.03 1.95 -5.05 1.00
1.79 -6.02 2.63 -5.47 1.00
1.84 -5.98 2.55 -5.28 0.00
1.87 -5.97 2.52 -5.21 0.00
1.93 -5.97 2.57 -5.20 0.00
2.01 -5.90 2.31 -4.94 0.00
2.02 -5.90 2.45 -5.00 0.00
2.03 -5.88 2.54 -5.03 0.00
2.04 -5.84 2.64 -5.04 0.00
2.04 -5.81 2.49 -4.91 0.00
2.07 -5.77 2.45 -4.85 0.00
2.08 -5.73 2.44 -4.80 0.00
2.10 -5.70 2.38 -4.74 0.00
2.12 -5.66 2.34 -4.69 0.00
2.14 -5.62 2.28 -4.64 0.00
2.16 -5.60 2.23 -4.60 0.00
2.15 -5.57 2.25 -4.58 0.00
2.17 -5.50 2.20 -4.50 0.00
2.18 -5.50 2.94 -4.85 1.00
2.18 -5.49 3.18 -5.55 1.00
2.23 -5.49 3.23 -5.40 0.00
2.27 -5.51 3.26 -5.37 0.00
2.31 -5.50 3.31 -5.44 0.00
2.41 -5.57 3.31 -5.12 0.00
2.40 -5.56 3.40 -5.46 0.00
2.44 -5.55 3.37 -5.18 0.00
2.49 -5.52 3.45 -5.23 0.00
2.52 -5.51 3.48 -5.24 0.00
2.55 -5.49 3.51 -5.22 0.00
2.59 -5.48 3.55 -5.21 0.00
2.64 -5.47 3.54 -5.04 0.00
2.65 -5.45 3.56 -5.03 0.00
2.69 -5.43 3.53 -4.90 0.00
2.74 -5.44 3.54 -4.84 0.00
2.78 -5.43 3.52 -4.75 0.00
2.83 -5.42 3.51 -4.69 0.00
2.82 -5.41 3.81 -5.30 1.00
2.86 -5.42 3.85 -5.38 0.00
2.88 -5.40 3.88 -5.37 0.00
2.89 -5.40 3.87 -5.22 0.00
2.98 -5.39 3.97 -5.23 0.00
3.01 -5.41 4.00 -5.22 0.00
3.09 -5.42 4.01 -5.03 0.00
3.09 -5.42 4.01 -5.04 0.00
3.13 -5.40 4.10 -5.13 0.00
3.16 -5.40 4.16 -5.38 0.00
3.23 -5.38 4.14 -4.95 0.00
3.26 -5.37 4.20 -5.04 0.00
3.31 -5.36 4.21 -4.93 0.00
3.33 -5.36 4.26 -4.98 0.00
3.37 -5.33 4.25 -4.85 0.00
3.41 -5.33 4.29 -4.86 0.00
3.43 -5.33 4.33 -4.89 0.00
3.43 -5.33 4.38 -5.65 1.00
3.46 -5.35 4.41 -5.67 0.00
3.50 -5.36 4.47 -5.59 0.00
3.53 -5.38 4.52 -5.54 0.00
3.58 -5.38 4.57 -5.49 0.00
3.63 -5.39 4.63 -5.44 0.00
3.65 -5.41 4.64 -5.32 0.00
3.69 -5.42 4.66 -5.16 0.00
3.73 -5.43 4.70 -5.19 0.00
3.78 -5.42 4.70 -5.02 0.00
3.83 -5.39 4.79 -5.12 0.00
3.86 -5.41 4.82 -5.12 0.00
3.91 -5.38 4.89 -5.17 0.00
3.95 -5.42 4.89 -5.08 0.00
3.98 -5.42 4.73 -4.76 0.00
4.04 -5.37 4.86 -4.79 0.00
4.07 -5.36 4.90 -4.80 0.00
4.07 -5.37 5.06 -5.52 1.00
4.08 -5.39 4.52 -6.28 1.00
4.09 -5.45 4.53 -6.34 0.00
4.10 -5.45 4.47 -6.38 0.00
4.11 -5.49 4.27 -6.48 0.00
4.12 -5.59 4.30 -6.57 0.00
4.19 -5.60 4.79 -6.40 0.00
4.18 -5.60 4.67 -6.48 0.00
4.20 -5.64 4.71 -6.50 0.00
4.22 -5.68 4.77 -6.51 0.00
4.23 -5.71 4.82 -6.52 0.00
4.25 -5.74 4.87 -6.52 0.00
4.26 -5.78 4.91 -6.54 0.00
4.29 -5.81 4.94 -6.57 0.00
4.31 -5.83 4.96 -6.60 0.00
4.34 -5.86 5.00 -6.61 0.00
4.36 -5.89 5.06 -6.61 0.00
4.38 -5.92 5.12 -6.59 0.00
4.41 -5.94 5.10 -6.67 0.00
4.44 -5.97 5.09 -6.74 0.00
4.47 -6.00 5.07 -6.80 0.00
4.50 -6.02 5.07 -6.85 0.00
4.53 -6.05 5.04 -6.91 0.00
4.55 -6.08 5.04 -6.95 0.00
4.57 -6.11 5.04 -6.99 0.00
4.58 -6.10 5.08 -6.97 0.00
4.62 -6.12 4.78 -7.10 0.00
4.63 -6.15 4.93 -7.10 0.00
4.63 -6.25 5.05 -7.16 0.00
4.65 -6.29 5.12 -7.18 0.00
4.68 -6.30 5.11 -7.19 0.00
4.69 -6.33 5.17 -7.20 0.00
4.71 -6.36 5.22 -7.22 0.00
4.73 -6.40 5.28 -7.23 0.00
4.76 -6.43 5.32 -7.25 0.00
4.76 -6.45 5.39 -7.22 0.00
4.79 -6.49 5.39 -7.29 0.00
4.82 -6.55 5.39 -7.38 0.00
4.83 -6.57 5.41 -7.39 0.00
4.92 -6.63 5.42 -7.50 0.00
4.93 -6.62 5.51 -7.43 0.00
4.94 -6.62 5.49 -7.46 0.00
5.00 -6.69 5.59 -7.49 0.00
4.99 -6.71 5.55 -7.53 0.00
4.96 -6.77 5.64 -7.50 0.00
4.99 -6.80 5.64 -7.56 0.00
5.02 -6.82 5.68 -7.57 0.00
5.04 -6.86 5.75 -7.57 0.00
5.07 -6.89 5.88 -7.48 0.00
5.09 -6.90 5.96 -7.39 0.00
5.11 -6.94 5.96 -7.47 0.00
5.19 -6.95 6.02 -7.50 0.00
5.21 -6.98 6.09 -7.45 0.00
5.25 -7.04 6.13 -7.50 0.00
5.27 -7.03 6.25 -7.20 0.00
5.28 -7.07 6.18 -7.49 0.00
5.32 -7.06 6.32 -7.02 0.00
5.36 -7.07 6.36 -7.02 0.00
5.40 -7.07 6.39 -6.92 0.00
5.46 -7.08 6.45 -6.92 0.00
5.49 -7.09 6.49 -6.96 0.00
5.52 -7.08 6.49 -6.88 0.00
5.53 -7.09 6.43 -6.65 0.00
5.60 -7.06 6.56 -6.80 0.00
5.64 -7.06 6.59 -6.75 0.00
5.69 -7.05 6.63 -6.71 0.00
5.73 -7.08 6.60 -7.56 1.00
5.75 -7.08 6.04 -8.04 1.00
5.77 -7.11 5.13 -7.87 1.00
5.79 -7.12 5.11 -7.86 0.00
5.72 -7.19 4.96 -7.83 0.00
5.71 -7.21 5.00 -7.91 0.00
5.67 -7.23 4.82 -7.76 0.00
5.62 -7.26 4.78 -7.81 0.00
5.63 -7.28 4.76 -7.78 0.00
5.56 -7.33 4.69 -7.82 0.00
5.54 -7.34 4.69 -7.86 0.00
5.48 -7.36 4.61 -7.86 0.00
5.46 -7.38 4.59 -7.86 0.00
5.45 -7.38 4.56 -7.84 0.00
5.39 -7.44 4.52 -7.93 0.00
5.38 -7.45 4.49 -7.91 0.00
5.33 -7.48 4.45 -7.96 0.00
5.29 -7.50 4.41 -7.98 0.00
5.25 -7.52 4.37 -7.98 0.00
5.22 -7.54 4.29 -7.92 0.00
5.20 -7.52 4.21 -7.67 0.00
5.13 -7.59 4.16 -7.82 0.00
5.09 -7.61 4.10 -7.77 0.00
5.06 -7.63 4.07 -7.70 0.00
5.02 -7.65 4.02 -7.64 0.00
4.99 -7.67 3.99 -7.61 0.00
4.94 -7.66 3.94 -7.68 0.00
4.89 -7.65 3.89 -7.56 0.00
4.88 -7.65 3.88 -7.72 0.00
4.79 -7.63 3.79 -7.52 0.00
4.75 -7.66 3.76 -7.73 0.00
4.66 -7.66 3.66 -7.65 0.00
4.65 -7.63 3.66 -7.78 0.00
4.67 -7.65 3.67 -7.65 0.00
4.67 -7.61 3.67 -7.75 0.00
4.66 -7.61 3.66 -7.66 0.00
4.67 -7.66 3.67 -7.66 0.00
4.60 -7.68 3.73 -8.16 0.00
4.49 -7.68 3.50 -7.88 0.00
4.42 -7.70 3.43 -7.59 0.00
4.41 -7.60 3.41 -7.55 0.00
4.31 -7.76 3.32 -7.66 0.00
4.24 -7.71 3.24 -7.78 0.00
4.21 -7.82 3.22 -7.77 0.00
4.21 -7.69 3.22 -7.52 0.00
4.22 -7.75 3.40 -8.32 0.00
4.17 -7.72 3.19 -7.89 0.00
4.09 -7.74 3.11 -7.90 0.00
4.03 -7.66 3.04 -7.80 0.00
3.99 -7.65 3.00 -7.78 0.00
3.94 -7.69 2.94 -7.76 0.00
3.92 -7.68 3.13 -7.07 1.00
3.84 -7.68 2.96 -7.21 0.00
3.74 -7.64 2.90 -7.11 0.00
3.75 -7.64 2.98 -7.00 0.00
3.74 -7.56 2.89 -7.03 0.00
3.69 -7.53 2.81 -7.06 0.00
3.66 -7.50 2.77 -7.04 0.00
3.61 -7.48 2.72 -7.03 0.00
3.56 -7.46 2.66 -7.02 0.00
3.53 -7.43 2.61 -7.02 0.00
3.46 -7.40 2.54 -7.01 0.00
3.43 -7.40 2.51 -6.99 0.00
3.39 -7.37 2.45 -7.01 0.00
3.38 -7.39 2.40 -7.57 0.00
3.31 -7.33 2.36 -7.03 0.00
3.22 -7.33 2.23 -7.40 0.00
3.21 -7.30 2.22 -7.14 0.00
3.13 -7.36 2.46 -6.63 1.00
3.13 -7.28 3.13 -6.28 1.00
3.13 -7.27 3.10 -6.27 0.00
3.12 -7.19 3.09 -6.19 0.00
3.14 -7.18 3.19 -6.18 0.00
3.13 -7.15 3.24 -6.15 0.00
3.15 -7.06 2.99 -6.07 0.00
3.14 -7.00 2.86 -6.04 0.00
3.16 -6.96 2.49 -6.21 0.00
3.14 -6.92 2.74 -6.00 0.00
3.12 -6.88 2.62 -6.02 0.00
3.11 -6.85 2.57 -6.01 0.00
3.14 -6.82 2.87 -5.85 0.00
3.10 -6.81 2.62 -5.93 0.00
3.12 -6.78 2.65 -5.90 0.00
3.07 -6.76 2.55 -5.90 0.00
3.05 -6.68 2.55 -5.81 0.00
3.01 -6.57 2.58 -5.66 0.00
3.03 -6.47 2.82 -5.50 0.00
2.98 -6.44 2.68 -5.48 0.00
3.00 -6.42 2.78 -5.44 0.00
2.93 -6.38 2.60 -5.43 0.00
2.91 -6.35 2.43 -5.47 0.00
2.90 -6.32 2.35 -5.48 0.00
2.88 -6.28 2.28 -5.48 0.00
2.86 -6.24 2.21 -5.47 0.00
2.84 -6.20 2.15 -5.48 0.00
2.82 -6.16 2.09 -5.48 0.00
2.80 -6.12 2.04 -5.48 0.00
2.76 -6.09 2.00 -5.44 0.00
2.73 -6.06 1.96 -5.41 0.00
2.69 -6.03 1.92 -5.39 0.00
2.65 -6.00 1.88 -5.36 0.00
2.61 -5.96 1.84 -5.33 0.00
2.61 -5.96 2.52 -4.97 1.00
2.60 -5.93 2.56 -4.93 0.00
2.59 -5.88 2.56 -4.88 0.00
2.59 -5.84 2.56 -4.84 0.00
2.59 -5.80 2.56 -4.80 0.00
2.59 -5.76 2.50 -4.77 0.00
2.59 -5.72 2.44 -4.73 0.00
2.59 -5.68 2.38 -4.70 0.00
2.59 -5.64 2.29 -4.68 0.00
2.58 -5.60 2.26 -4.66 0.00
2.59 -5.60 2.42 -4.61 0.00
2.60 -5.54 2.15 -4.65 0.00
2.57 -5.47 2.15 -4.57 0.00
2.55 -5.42 2.13 -4.51 0.00
2.54 -5.40 2.32 -4.42 0.00
2.50 -5.35 2.08 -4.45 0.00
2.51 -5.31 2.07 -4.42 0.00
2.52 -5.27 2.83 -4.32 1.00
2.58 -5.24 3.57 -5.09 1.00
2.80 -5.20 3.56 -5.86 1.00
2.79 -5.15 2.88 -6.15 1.00
2.80 -5.09 2.18 -5.87 1.00
2.76 -5.06 1.77 -5.17 1.00
2.75 -4.97 1.95 -4.37 1.00
2.75 -4.93 2.69 -3.93 1.00
2.80 -5.02 2.80 -4.02 1.00
2.82 -4.93 3.55 -4.24 1.00
2.92 -4.60 3.67 -5.26 1.00
2.98 -4.61 3.43 -5.50 1.00
2.99 -4.65 2.98 -5.65 1.00
2.88 -4.77 2.59 -5.72 1.00
2.88 -4.77 2.00 -5.23 1.00
2.88 -4.77 1.93 -4.47 1.00
2.88 -4.77 2.42 -3.88 1.00
2.86 -4.73 2.35 -3.87 0.00
2.84 -4.69 2.29 -3.85 0.00
2.80 -4.72 2.20 -3.92 0.00
2.71 -4.60 2.33 -3.68 0.00
2.75 -4.58 2.28 -3.70 0.00
2.71 -4.54 2.11 -3.74 0.00
2.74 -4.51 2.04 -3.80 0.00
2.67 -4.46 1.98 -3.74 0.00
2.63 -4.37 1.87 -3.73 0.00
2.63 -4.41 2.00 -3.64 0.00
2.56 -4.33 1.77 -3.72 0.00
2.56 -4.23 1.83 -3.55 0.00
2.50 -4.25 1.67 -3.70 0.00
2.48 -4.23 1.65 -3.66 0.00
2.46 -4.20 1.62 -3.66 0.00
2.41 -4.17 1.63 -3.54 0.00
2.40 -4.17 2.33 -3.17 1.00
2.40 -4.18 2.13 -3.21 0.00
2.41 -4.11 2.56 -3.12 0.00
2.42 -4.02 2.46 -3.02 0.00
2.42 -4.01 2.43 -3.01 0.00
2.42 -3.92 2.17 -2.95 0.00
2.40 -3.91 2.02 -2.98 0.00
2.40 -3.89 1.93 -3.01 0.00
2.39 -3.84 1.88 -2.97 0.00
2.38 -3.80 1.76 -3.02 0.00
2.34 -3.76 1.68 -3.01 0.00
2.31 -3.73 1.65 -2.97 0.00
2.28 -3.69 1.67 -2.91 0.00
2.25 -3.66 1.52 -2.97 0.00
2.23 -3.63 1.56 -2.88 0.00
2.20 -3.59 1.52 -2.85 0.00
2.17 -3.55 1.48 -2.82 0.00
2.18 -3.55 2.21 -2.55 1.00
2.17 -3.51 2.09 -2.52 0.00
2.19 -3.46 2.15 -2.46 0.00
2.21 -3.42 2.07 -2.43 0.00
2.18 -3.39 1.88 -2.44 0.00
2.18 -3.35 1.78 -2.44 0.00
2.20 -3.33 1.72 -2.45 0.00
2.19 -3.27 1.57 -2.49 0.00
2.02 -3.31 1.04 -3.09 0.00
2.04 -3.18 1.15 -2.71 0.00
2.07 -3.14 1.66 -2.22 0.00
2.05 -3.10 1.59 -2.21 0.00
2.05 -3.06 1.53 -2.20 0.00
2.04 -3.02 1.48 -2.19 0.00
2.02 -2.99 1.44 -2.17 0.00
1.98 -3.00 1.41 -2.18 0.00
2.01 -2.92 1.22 -2.30 0.00
1.99 -2.88 1.14 -2.36 0.00
1.94 -2.84 1.03 -2.44 0.00
1.90 -2.81 0.96 -2.47 0.00
1.86 -2.75 0.87 -2.65 0.00
1.85 -2.78 0.88 -2.55 0.00
1.78 -2.74 0.81 -2.50 0.00
1.75 -2.73 0.77 -2.53 0.00
1.71 -2.73 0.73 -2.55 0.00
1.68 -2.73 0.70 -2.52 0.00
1.63 -2.70 0.67 -2.42 0.00
1.57 -2.70 0.61 -2.41 0.00
1.53 -2.69 0.58 -2.36 0.00
1.51 -2.68 0.56 -2.37 0.00
1.43 -2.65 0.47 -2.40 0.00
1.43 -2.67 0.51 -2.28 0.00
1.39 -2.64 0.49 -2.22 0.00
1.37 -2.62 0.46 -2.21 0.00
1.31 -2.58 0.35 -2.31 0.00
1.29 -2.57 0.33 -2.28 0.00
1.25 -2.55 0.30 -2.24 0.00
1.20 -2.55 0.27 -2.19 0.00
1.14 -2.49 0.16 -2.28 0.00
1.13 -2.51 0.22 -2.09 0.00
1.10 -2.51 0.20 -2.06 0.00
1.07 -2.48 0.16 -2.07 0.00
1.00 -2.49 0.11 -2.03 0.00
0.96 -2.48 0.13 -1.93 0.00
0.91 -2.46 0.08 -1.91 0.00
0.87 -2.46 0.07 -1.87 0.00
0.83 -2.41 -0.09 -2.04 0.00
0.81 -2.40 -0.08 -1.94 0.00
0.79 -2.37 0.02 -1.73 0.00
0.73 -2.35 -0.10 -1.79 0.00
0.72 -2.30 -0.14 -1.78 0.00
0.68 -2.27 -0.16 -1.73 0.00
0.62 -2.22 -0.20 -1.66 0.00
0.61 -2.21 -0.19 -1.60 0.00
0.58 -2.19 -0.16 -1.53 0.00
0.55 -2.17 -0.16 -1.46 0.00
0.52 -2.14 -0.13 -1.38 0.00
0.48 -2.12 -0.10 -1.31 0.00
0.45 -2.09 -0.10 -1.26 0.00
0.42 -2.07 -0.08 -1.20 0.00
0.38 -2.04 -0.06 -1.14 0.00
0.37 -2.00 -0.08 -1.11 0.00
0.35 -1.97 -0.10 -1.07 0.00
0.33 -1.93 -0.11 -1.03 0.00
0.31 -1.89 -0.12 -0.99 0.00
0.29 -1.86 -0.08 -0.93 0.00
0.28 -1.82 -0.08 -0.89 0.00
0.26 -1.79 -0.06 -0.84 0.00
0.24 -1.75 -0.06 -0.80 0.00
0.23 -1.72 -0.04 -0.75 0.00
0.22 -1.69 -0.03 -0.73 0.00
0.20 -1.65 -0.02 -0.67 0.00
0.19 -1.61 -0.03 -0.63 0.00
0.18 -1.57 -0.01 -0.59 0.00
0.17 -1.52 -0.04 -0.54 0.00
0.16 -1.48 0.00 -0.50 0.00
0.15 -1.46 0.00 -0.47 0.00
0.16 -1.44 -0.23 -0.52 0.00
0.14 -1.37 -0.08 -0.40 0.00
0.14 -1.35 -0.16 -0.40 0.00
0.10 -1.29 -0.17 -0.33 0.00
