-1.60 -7.40 -0.80 -6.80 0.00
-1.60 -7.40 -0.61 -7.54 1.00
-1.56 -7.40 -0.57 -7.54 0.00
-1.52 -7.41 -0.52 -7.51 0.00
-1.48 -7.42 -0.48 -7.47 0.00
-1.44 -7.42 -0.44 -7.43 0.00
-1.40 -7.43 -0.40 -7.38 0.00
-1.36 -7.43 -0.36 -7.33 0.00
-1.32 -7.44 -0.33 -7.27 0.00
-1.28 -7.44 -0.30 -7.22 0.00
-1.24 -7.44 -0.27 -7.18 0.00
-1.20 -7.43 -0.24 -7.14 0.00
-1.16 -7.42 -0.21 -7.10 0.00
-1.12 -7.41 -0.19 -7.04 0.00
-1.08 -7.40 -0.16 -7.01 0.00
-1.04 -7.39 -0.14 -6.96 0.00
-1.00 -7.38 -0.12 -6.90 0.00
-0.95 -7.36 -0.10 -6.85 0.00
-0.92 -7.34 -0.10 -6.76 0.00
-0.89 -7.33 -0.09 -6.73 0.00
-0.82 -7.31 -0.10 -6.61 0.00
-0.79 -7.30 -0.05 -6.63 0.00
-0.75 -7.29 -0.05 -6.57 0.00
-0.73 -7.25 0.07 -6.64 0.00
-0.64 -7.26 0.27 -6.85 0.00
-0.64 -7.13 0.04 -6.40 0.00
-0.61 -7.11 0.01 -6.32 0.00
-0.51 -7.07 -0.17 -6.12 0.00
-0.47 -7.03 -0.19 -6.07 0.00
-0.47 -7.01 -0.08 -6.09 0.00
-0.45 -6.96 -0.02 -6.06 0.00
-0.42 -6.93 -0.05 -6.00 0.00
-0.39 -6.89 -0.11 -5.93 0.00
-0.37 -6.85 -0.09 -5.89 0.00
-0.35 -6.81 -0.18 -5.83 0.00
-0.33 -6.78 -0.23 -5.78 0.00
-0.32 -6.74 -0.25 -5.74 0.00
-0.32 -6.70 -0.25 -5.70 0.00
-0.31 -6.66 -0.25 -5.66 0.00
-0.31 -6.62 -0.25 -5.62 0.00
-0.31 -6.58 -0.26 -5.58 0.00
-0.30 -6.54 -0.24 -5.54 0.00
-0.30 -6.50 -0.24 -5.50 0.00
-0.30 -6.45 -0.26 -5.46 0.00
-0.30 -6.42 -0.24 -5.42 0.00
-0.30 -6.38 -0.22 -5.38 0.00
-0.29 -6.34 -0.21 -5.34 0.00
-0.29 -6.30 -0.20 -5.30 0.00
-0.29 -6.25 -0.20 -5.26 0.00
-0.29 -6.21 -0.19 -5.22 0.00
-0.28 -6.18 -0.19 -5.18 0.00
-0.27 -6.14 -0.19 -5.14 0.00
-0.27 -6.10 -0.19 -5.10 0.00
-0.27 -6.06 -0.18 -5.06 0.00
-0.26 -6.02 -0.19 -5.02 0.00
-0.26 -5.98 -0.19 -4.98 0.00
-0.26 -5.94 -0.19 -4.94 0.00
-0.25 -5.90 -0.19 -4.90 0.00
-0.25 -5.86 -0.19 -4.86 0.00
-0.25 -5.82 -0.19 -4.82 0.00
-0.25 -5.78 -0.18 -4.78 0.00
-0.24 -5.74 -0.19 -4.74 0.00
-0.24 -5.70 -0.19 -4.70 0.00
-0.24 -5.66 -0.18 -4.66 0.00
-0.24 -5.62 -0.17 -4.62 0.00
-0.23 -5.58 -0.17 -4.58 0.00
-0.23 -5.54 -0.14 -4.54 0.00
-0.23 -5.50 -0.17 -4.50 0.00
-0.22 -5.46 -0.16 -4.46 0.00
-0.22 -5.42 -0.17 -4.42 0.00
-0.22 -5.38 -0.17 -4.38 0.00
-0.22 -5.34 -0.16 -4.34 0.00
-0.21 -5.30 -0.17 -4.30 0.00
-0.21 -5.26 -0.16 -4.26 0.00
-0.21 -5.22 -0.17 -4.22 0.00
-0.21 -5.18 -0.18 -4.18 0.00
-0.21 -5.14 -0.17 -4.14 0.00
-0.21 -5.10 -0.16 -4.10 0.00
-0.20 -5.06 -0.17 -4.06 0.00
-0.20 -5.02 -0.17 -4.02 0.00
-0.20 -4.98 -0.17 -3.98 0.00
-0.20 -4.94 -0.18 -3.94 0.00
-0.20 -4.90 -0.19 -3.90 0.00
-0.20 -4.86 -0.22 -3.86 0.00
-0.19 -4.82 -0.25 -3.82 0.00
-0.19 -4.78 -0.27 -3.78 0.00
-0.19 -4.74 -0.29 -3.75 0.00
-0.19 -4.70 -0.32 -3.71 0.00
-0.19 -4.66 -0.36 -3.68 0.00
-0.20 -4.62 -0.38 -3.64 0.00
-0.20 -4.58 -0.39 -3.60 0.00
-0.21 -4.54 -0.41 -3.56 0.00
-0.21 -4.50 -0.41 -3.52 0.00
-0.22 -4.46 -0.42 -3.48 0.00
-0.23 -4.42 -0.42 -3.44 0.00
-0.24 -4.38 -0.41 -3.40 0.00
-0.25 -4.34 -0.41 -3.35 0.00
-0.25 -4.30 -0.34 -3.31 0.00
-0.25 -4.26 -0.43 -3.28 0.00
-0.24 -4.21 -0.51 -3.25 0.00
-0.24 -4.17 -0.59 -3.23 0.00
-0.24 -4.13 -0.67 -3.22 0.00
-0.24 -4.08 -0.73 -3.21 0.00
-0.26 -4.05 -0.76 -3.18 0.00
-0.28 -4.02 -0.77 -3.14 0.00
-0.30 -3.98 -0.78 -3.11 0.00
-0.31 -3.95 -0.83 -3.09 0.00
-0.34 -3.91 -0.83 -3.04 0.00
-0.36 -3.88 -0.83 -3.00 0.00
-0.37 -3.84 -0.87 -2.98 0.00
-0.39 -3.81 -0.86 -2.93 0.00
-0.38 -3.78 -1.00 -2.99 0.00
-0.42 -3.74 -0.96 -2.90 0.00
-0.44 -3.71 -0.95 -2.84 0.00
-0.45 -3.67 -0.98 -2.82 0.00
-0.43 -3.63 -1.07 -2.86 0.00
-0.48 -3.58 -1.11 -2.81 0.00
-0.50 -3.55 -1.08 -2.73 0.00
-0.51 -3.54 -1.05 -2.70 0.00
-0.57 -3.47 -1.25 -2.74 0.00
-0.59 -3.46 -1.17 -2.64 0.00
-0.61 -3.43 -1.22 -2.64 0.00
-0.65 -3.38 -1.27 -2.60 0.00
-0.71 -3.35 -1.42 -2.66 0.00
-0.69 -3.33 -1.29 -2.53 0.00
-0.71 -3.29 -1.29 -2.47 0.00
-0.73 -3.24 -1.20 -2.36 0.00
-0.76 -3.20 -1.25 -2.33 0.00
-0.77 -3.17 -1.33 -2.34 0.00
-0.80 -3.16 -1.36 -2.32 0.00
-0.80 -3.15 -0.57 -2.17 1.00
-0.81 -3.09 -0.48 -2.14 0.00
-0.79 -3.07 -0.53 -2.10 0.00
-0.78 -3.02 -0.44 -2.07 0.00
-0.76 -2.99 -0.44 -2.04 0.00
-0.76 -2.95 -0.36 -2.03 0.00
-0.74 -2.89 -0.25 -2.03 0.00
-0.74 -2.84 -0.13 -2.05 0.00
-0.72 -2.82 -0.17 -1.98 0.00
-0.70 -2.76 -0.08 -1.98 0.00
-0.68 -2.73 -0.05 -1.95 0.00
-0.63 -2.68 -0.13 -1.81 0.00
-0.63 -2.67 -0.01 -1.88 0.00
-0.59 -2.63 0.03 -1.85 0.00
-0.56 -2.58 0.20 -1.93 0.00
-0.50 -2.53 0.26 -1.88 0.00
-0.49 -2.52 0.28 -1.88 0.00
-0.46 -2.49 0.37 -1.93 0.00
-0.42 -2.46 0.45 -1.96 0.00
-0.37 -2.43 0.55 -2.03 0.00
-0.35 -2.40 0.59 -2.06 0.00
-0.31 -2.37 0.66 -2.12 0.00
-0.27 -2.34 0.72 -2.18 0.00
-0.22 -2.31 0.78 -2.28 0.00
-0.19 -2.31 0.81 -2.26 0.00
-0.16 -2.30 0.84 -2.22 0.00
-0.11 -2.31 0.89 -2.24 0.00
-0.07 -2.30 0.93 -2.24 0.00
-0.03 -2.30 0.97 -2.24 0.00
0.01 -2.30 1.01 -2.23 0.00
0.05 -2.30 1.05 -2.23 0.00
0.09 -2.29 1.09 -2.23 0.00
0.13 -2.29 1.13 -2.23 0.00
0.17 -2.29 1.17 -2.25 0.00
0.21 -2.29 1.21 -2.26 0.00
0.25 -2.28 1.25 -2.26 0.00
0.29 -2.28 1.29 -2.27 0.00
0.33 -2.28 1.33 -2.27 0.00
0.37 -2.28 1.37 -2.26 0.00
0.41 -2.28 1.41 -2.25 0.00
0.45 -2.28 1.45 -2.25 0.00
0.49 -2.28 1.49 -2.23 0.00
0.53 -2.28 1.53 -2.22 0.00
0.57 -2.28 1.57 -2.23 0.00
0.59 -2.27 1.59 -2.23 0.00
0.59 -2.27 1.59 -2.18 0.00
0.69 -2.28 1.69 -2.29 0.00
0.73 -2.28 1.73 -2.30 0.00
0.77 -2.29 1.77 -2.35 0.00
0.81 -2.29 1.80 -2.39 0.00
0.85 -2.30 1.83 -2.49 0.00
0.93 -2.27 1.92 -2.40 0.00
0.94 -2.27 1.93 -2.44 0.00
0.99 -2.29 1.98 -2.41 0.00
1.03 -2.30 2.02 -2.45 0.00
1.06 -2.32 2.03 -2.55 0.00
1.08 -2.31 2.06 -2.53 0.00
1.11 -2.31 2.10 -2.46 0.00
1.17 -2.33 2.16 -2.48 0.00
1.23 -2.33 2.19 -2.59 0.00
1.25 -2.33 2.24 -2.43 0.00
1.28 -2.35 2.26 -2.56 0.00
1.33 -2.37 2.31 -2.59 0.00
1.38 -2.36 2.36 -2.57 0.00
1.41 -2.35 2.40 -2.48 0.00
1.46 -2.32 2.37 -2.73 0.00
1.50 -2.34 2.44 -2.66 0.00
1.53 -2.31 2.42 -2.76 0.00
1.59 -2.34 2.49 -2.77 0.00
1.60 -2.39 2.54 -2.74 0.00
1.65 -2.39 2.59 -2.71 0.00
1.69 -2.39 2.61 -2.80 0.00
1.72 -2.41 2.68 -2.67 0.00
1.79 -2.44 2.76 -2.66 0.00
1.83 -2.46 2.83 -2.56 0.00
1.88 -2.46 2.78 -2.89 0.00
1.89 -2.47 2.84 -2.78 0.00
1.94 -2.47 2.88 -2.80 0.00
1.95 -2.49 2.90 -2.82 0.00
1.98 -2.51 2.93 -2.83 0.00
2.02 -2.52 2.96 -2.87 0.00
2.05 -2.53 3.00 -2.85 0.00
2.09 -2.55 3.04 -2.88 0.00
2.13 -2.56 3.07 -2.90 0.00
2.17 -2.58 3.10 -2.93 0.00
2.19 -2.59 3.14 -2.91 0.00
2.25 -2.60 3.20 -2.91 0.00
2.28 -2.62 3.25 -2.87 0.00
2.32 -2.63 3.28 -2.90 0.00
2.37 -2.64 3.35 -2.83 0.00
2.39 -2.64 3.38 -2.79 0.00
2.43 -2.67 3.42 -2.82 0.00
2.46 -2.69 3.46 -2.79 0.00
2.51 -2.69 3.51 -2.78 0.00
2.55 -2.70 3.55 -2.74 0.00
2.59 -2.70 3.59 -2.65 0.00
2.63 -2.71 3.61 -2.53 0.00
2.67 -2.70 3.66 -2.55 0.00
2.71 -2.70 3.70 -2.55 0.00
2.73 -2.69 3.72 -2.50 0.00
2.79 -2.69 3.78 -2.55 0.00
2.82 -2.68 3.81 -2.54 0.00
2.87 -2.67 3.86 -2.51 0.00
2.88 -2.70 3.82 -2.38 0.00
2.93 -2.66 3.93 -2.61 0.00
2.99 -2.66 3.98 -2.56 0.00
3.03 -2.65 4.03 -2.70 0.00
3.09 -2.67 4.09 -2.68 0.00
3.14 -2.62 4.13 -2.55 0.00
3.15 -2.63 4.10 -2.31 0.00
3.21 -2.62 4.13 -2.24 0.00
3.23 -2.61 4.13 -2.17 0.00
3.26 -2.62 4.09 -2.07 0.00
3.29 -2.61 4.08 -1.99 0.00
3.33 -2.59 4.09 -1.94 0.00
3.39 -2.53 4.20 -1.93 0.00
3.38 -2.52 4.19 -1.93 0.00
3.41 -2.52 4.25 -1.97 0.00
3.44 -2.51 4.28 -1.98 0.00
3.48 -2.48 4.34 -1.97 0.00
3.53 -2.45 4.48 -2.13 0.00
3.58 -2.46 4.48 -2.02 0.00
3.60 -2.42 4.47 -1.94 0.00
3.63 -2.42 4.39 -1.77 0.00
3.65 -2.42 4.35 -1.70 0.00
3.75 -2.39 4.49 -1.71 0.00
3.76 -2.34 4.31 -1.50 0.00
3.75 -2.32 4.15 -1.41 0.00
3.77 -2.30 4.08 -1.35 0.00
3.79 -2.27 4.09 -1.31 0.00
3.80 -2.21 4.10 -1.26 0.00
3.82 -2.19 4.10 -1.23 0.00
3.84 -2.16 4.10 -1.20 0.00
3.86 -2.13 4.10 -1.16 0.00
3.86 -2.07 3.98 -1.08 0.00
3.86 -2.04 3.93 -1.04 0.00
3.87 -2.00 3.87 -1.00 0.00
3.89 -1.95 3.85 -0.96 0.00
3.90 -1.92 3.78 -0.93 0.00
3.90 -1.86 3.71 -0.88 0.00
3.89 -1.83 3.68 -0.85 0.00
3.89 -1.79 3.60 -0.83 0.00
3.88 -1.75 3.58 -0.79 0.00
3.88 -1.71 3.52 -0.77 0.00
3.87 -1.63 3.42 -0.74 0.00
3.85 -1.58 3.42 -0.68 0.00
3.83 -1.53 3.38 -0.64 0.00
3.81 -1.50 3.29 -0.64 0.00
3.78 -1.45 3.20 -0.63 0.00
3.75 -1.41 3.12 -0.64 0.00
3.73 -1.36 3.03 -0.65 0.00
3.72 -1.30 2.96 -0.65 0.00
3.69 -1.27 2.87 -0.69 0.00
3.68 -1.22 2.86 -0.63 0.00
3.62 -1.21 2.78 -0.68 0.00
3.59 -1.17 2.75 -0.64 0.00
3.56 -1.16 2.70 -0.64 0.00
3.53 -1.14 2.69 -0.60 0.00
3.48 -1.12 2.64 -0.58 0.00
3.45 -1.10 2.61 -0.55 0.00
3.41 -1.08 2.58 -0.53 0.00
3.38 -1.05 2.54 -0.50 0.00
3.34 -1.02 2.50 -0.48 0.00
3.31 -1.00 2.47 -0.46 0.00
3.28 -0.97 2.45 -0.41 0.00
3.24 -0.95 2.40 -0.41 0.00
3.20 -0.93 2.37 -0.37 0.00
3.17 -0.91 2.34 -0.36 0.00
3.13 -0.89 2.32 -0.30 0.00
3.10 -0.86 2.30 -0.26 0.00
3.07 -0.84 2.29 -0.22 0.00
3.03 -0.82 2.26 -0.17 0.00
2.99 -0.79 2.25 -0.12 0.00
2.96 -0.77 2.23 -0.09 0.00
2.93 -0.74 2.20 -0.06 0.00
2.90 -0.72 2.17 -0.03 0.00
2.87 -0.69 2.16 0.01 0.00
2.84 -0.65 2.10 0.02 0.00
2.82 -0.61 2.04 0.02 0.00
2.79 -0.58 1.98 0.01 0.00
2.76 -0.56 1.95 0.03 0.00
2.73 -0.53 1.91 0.05 0.00
2.70 -0.51 1.89 0.08 0.00
2.66 -0.49 1.83 0.08 0.00
2.63 -0.46 1.82 0.12 0.00
2.60 -0.43 1.79 0.15 0.00
2.57 -0.41 1.75 0.16 0.00
2.53 -0.39 1.72 0.19 0.00
2.52 -0.36 1.69 0.20 0.00
2.47 -0.34 1.65 0.23 0.00
2.44 -0.32 1.64 0.28 0.00
2.43 -0.30 1.62 0.29 0.00
2.36 -0.28 1.52 0.27 0.00
2.34 -0.25 1.44 0.20 0.00
2.30 -0.23 1.39 0.18 0.00
2.26 -0.20 1.35 0.21 0.00
2.22 -0.18 1.31 0.23 0.00
2.20 -0.16 1.33 0.33 0.00
2.15 -0.13 1.30 0.39 0.00
2.12 -0.13 1.29 0.42 0.00
2.08 -0.11 1.12 0.19 0.00
2.06 -0.10 1.16 0.34 0.00
2.03 -0.10 1.29 0.57 0.00
1.90 -0.07 1.00 0.37 0.00
1.88 0.01 1.47 0.92 0.00
1.78 -0.02 0.78 0.00 0.00
1.79 -0.02 1.16 0.75 0.00
1.81 0.04 1.17 0.81 0.00
1.83 0.06 1.25 0.88 0.00
1.82 0.06 2.00 1.04 1.00
1.82 0.10 2.06 1.07 0.00
1.83 0.14 2.11 1.10 0.00
1.80 0.19 2.16 1.12 0.00
1.80 0.24 2.31 1.10 0.00
1.80 0.27 2.21 1.18 0.00
1.82 0.30 2.26 1.20 0.00
1.82 0.35 2.35 1.20 0.00
1.81 0.34 2.25 1.24 0.00
1.90 0.41 2.37 1.30 0.00
1.98 0.45 2.53 1.29 0.00
2.00 0.48 2.53 1.32 0.00
1.97 0.50 2.62 1.26 0.00
2.00 0.53 2.72 1.22 0.00
2.01 0.55 2.76 1.22 0.00
2.01 0.57 2.82 1.15 0.00
2.01 0.67 2.83 1.24 0.00
2.01 0.73 2.82 1.31 0.00
2.08 0.74 3.00 1.12 0.00
2.10 0.77 3.06 1.07 0.00
2.15 0.79 3.09 1.13 0.00
2.18 0.80 3.15 1.06 0.00
2.24 0.81 3.20 1.08 0.00
2.27 0.82 3.23 1.10 0.00
2.31 0.84 3.30 1.04 0.00
2.33 0.84 3.31 1.06 0.00
2.37 0.85 3.35 1.05 0.00
2.41 0.86 3.39 1.06 0.00
2.45 0.87 3.43 1.05 0.00
2.49 0.88 3.47 1.06 0.00
2.52 0.89 3.51 1.05 0.00
2.56 0.90 3.55 1.03 0.00
2.60 0.90 3.59 1.05 0.00
2.64 0.91 3.64 0.98 0.00
2.68 0.92 3.68 0.94 0.00
2.73 0.92 3.73 0.90 0.00
2.77 0.94 3.77 0.89 0.00
2.81 0.93 3.81 0.82 0.00
2.86 0.94 3.85 0.79 0.00
2.90 0.93 3.88 0.75 0.00
2.93 0.93 3.91 0.73 0.00
2.97 0.92 3.95 0.74 0.00
3.01 0.91 3.99 0.71 0.00
3.05 0.91 4.02 0.66 0.00
3.08 0.89 4.06 0.71 0.00
3.12 0.89 4.07 0.60 0.00
3.16 0.88 4.13 0.65 0.00
3.21 0.88 4.16 0.56 0.00
3.24 0.87 4.17 0.51 0.00
3.23 0.86 3.69 -0.02 1.00
3.23 0.85 3.09 -0.14 1.00
3.21 0.81 3.14 -0.19 0.00
3.22 0.76 3.06 -0.22 0.00
3.20 0.73 3.04 -0.26 0.00
3.20 0.70 3.09 -0.30 0.00
3.17 0.64 3.14 -0.36 0.00
3.16 0.61 3.07 -0.38 0.00
3.15 0.57 3.05 -0.42 0.00
3.17 0.53 3.06 -0.46 0.00
3.15 0.50 2.99 -0.48 0.00
3.14 0.46 3.05 -0.54 0.00
3.14 0.42 2.97 -0.57 0.00
3.14 0.37 2.96 -0.61 0.00
3.15 0.34 3.01 -0.65 0.00
3.14 0.30 3.01 -0.69 0.00
3.14 0.26 3.02 -0.73 0.00
3.13 0.22 3.02 -0.78 0.00
3.12 0.18 3.01 -0.81 0.00
3.12 0.14 2.98 -0.85 0.00
3.10 0.11 3.01 -0.89 0.00
3.09 0.09 2.95 -0.90 0.00
3.08 0.07 2.89 -0.91 0.00
3.05 0.01 2.87 -0.97 0.00
3.06 -0.06 2.84 -1.03 0.00
3.05 -0.11 2.82 -1.09 0.00
3.06 -0.14 2.82 -1.11 0.00
3.06 -0.18 2.83 -1.15 0.00
3.06 -0.22 2.82 -1.19 0.00
3.06 -0.25 2.84 -1.23 0.00
3.04 -0.30 2.81 -1.27 0.00
3.05 -0.34 2.89 -1.33 0.00
3.03 -0.37 2.79 -1.34 0.00
3.03 -0.41 2.85 -1.39 0.00
3.02 -0.45 2.83 -1.43 0.00
3.02 -0.49 2.82 -1.47 0.00
3.01 -0.52 2.81 -1.51 0.00
3.00 -0.56 2.81 -1.54 0.00
2.99 -0.60 2.80 -1.58 0.00
2.99 -0.64 2.79 -1.62 0.00
2.98 -0.68 2.79 -1.66 0.00
2.97 -0.72 2.78 -1.70 0.00
2.96 -0.76 2.78 -1.74 0.00
2.96 -0.79 2.77 -1.77 0.00
2.95 -0.83 2.79 -1.81 0.00
2.94 -0.87 2.77 -1.86 0.00
2.93 -0.91 2.78 -1.90 0.00
2.93 -0.95 2.79 -1.94 0.00
2.92 -0.99 2.78 -1.98 0.00
2.91 -1.03 2.80 -2.02 0.00
2.91 -1.07 2.77 -2.06 0.00
2.91 -1.11 2.75 -2.10 0.00
2.90 -1.15 2.70 -2.12 0.00
2.90 -1.19 2.70 -2.17 0.00
2.89 -1.23 2.68 -2.21 0.00
2.88 -1.27 2.67 -2.24 0.00
2.88 -1.31 2.65 -2.28 0.00
2.88 -1.34 2.61 -2.30 0.00
2.86 -1.39 2.60 -2.35 0.00
2.85 -1.42 2.55 -2.37 0.00
2.85 -1.47 2.57 -2.43 0.00
2.83 -1.51 2.53 -2.46 0.00
2.82 -1.54 2.52 -2.49 0.00
2.81 -1.58 2.52 -2.54 0.00
2.80 -1.62 2.53 -2.59 0.00
2.79 -1.67 2.54 -2.64 0.00
2.78 -1.70 2.55 -2.68 0.00
2.77 -1.74 2.55 -2.72 0.00
2.77 -1.78 2.52 -2.75 0.00
2.73 -1.82 2.44 -2.77 0.00
2.72 -1.85 2.40 -2.80 0.00
2.73 -1.90 2.37 -2.84 0.00
2.72 -1.94 2.31 -2.85 0.00
2.70 -1.99 2.25 -2.88 0.00
2.69 -2.03 2.23 -2.92 0.00
2.67 -2.06 2.12 -2.90 0.00
2.66 -2.10 2.09 -2.92 0.00
2.65 -2.13 2.10 -2.96 0.00
2.62 -2.17 2.04 -2.98 0.00
2.60 -2.20 2.00 -3.00 0.00
2.58 -2.23 1.96 -3.02 0.00
2.56 -2.26 1.92 -3.03 0.00
2.53 -2.30 1.87 -3.04 0.00
2.50 -2.33 1.83 -3.07 0.00
2.47 -2.36 1.79 -3.09 0.00
2.44 -2.40 1.72 -3.08 0.00
2.42 -2.43 1.64 -3.06 0.00
2.39 -2.46 1.56 -3.03 0.00
2.36 -2.49 1.49 -2.99 0.00
2.33 -2.52 1.43 -2.96 0.00
2.29 -2.55 1.37 -2.92 0.00
2.26 -2.59 1.31 -2.88 0.00
2.22 -2.60 1.25 -2.85 0.00
2.20 -2.61 1.23 -2.87 0.00
2.15 -2.60 1.19 -2.88 0.00
2.12 -2.59 1.18 -2.94 0.00
2.09 -2.60 1.15 -2.95 0.00
2.05 -2.65 1.07 -2.83 0.00
2.01 -2.57 1.07 -2.90 0.00
1.96 -2.58 1.01 -2.90 0.00
1.95 -2.66 0.97 -2.84 0.00
1.89 -2.68 0.94 -2.98 0.00
1.85 -2.67 0.89 -2.94 0.00
1.81 -2.69 0.86 -3.01 0.00
1.77 -2.70 0.79 -2.92 0.00
1.73 -2.72 0.74 -2.89 0.00
1.69 -2.74 0.71 -2.89 0.00
1.66 -2.74 0.66 -2.83 0.00
1.62 -2.75 0.62 -2.80 0.00
1.58 -2.75 0.58 -2.86 0.00
1.54 -2.76 0.54 -2.78 0.00
1.48 -2.77 0.63 -3.30 0.00
1.50 -2.80 0.88 -3.58 0.00
1.44 -2.78 0.46 -2.96 0.00
1.44 -2.78 0.69 -2.12 1.00
1.42 -2.74 0.60 -2.16 0.00
1.38 -2.68 0.51 -2.17 0.00
1.36 -2.65 0.45 -2.23 0.00
1.32 -2.63 0.41 -2.22 0.00
1.28 -2.61 0.37 -2.21 0.00
1.29 -2.62 0.53 -1.97 0.00
1.22 -2.59 0.33 -2.14 0.00
1.17 -2.57 0.30 -2.08 0.00
1.11 -2.50 0.32 -1.89 0.00
1.09 -2.52 0.23 -2.00 0.00
1.08 -2.48 0.21 -1.99 0.00
1.02 -2.50 0.26 -1.85 0.00
0.98 -2.48 0.25 -1.79 0.00
0.96 -2.48 0.33 -1.70 0.00
0.92 -2.44 0.21 -1.74 0.00
0.89 -2.42 0.22 -1.68 0.00
0.86 -2.39 0.06 -1.79 0.00
0.84 -2.33 -0.00 -1.80 0.00
0.83 -2.30 -0.01 -1.75 0.00
0.79 -2.29 0.06 -1.60 0.00
0.74 -2.28 -0.03 -1.63 0.00
0.69 -2.24 -0.09 -1.62 0.00
0.66 -2.18 -0.08 -1.51 0.00
0.65 -2.17 -0.07 -1.47 0.00
0.62 -2.15 -0.04 -1.40 0.00
0.59 -2.13 -0.01 -1.33 0.00
0.56 -2.11 0.03 -1.26 0.00
0.52 -2.08 0.05 -1.20 0.00
0.50 -2.06 0.07 -1.15 0.00
0.48 -2.02 0.05 -1.12 0.00
0.47 -1.99 0.04 -1.08 0.00
0.45 -1.95 0.04 -1.04 0.00
0.43 -1.91 0.08 -0.98 0.00
0.42 -1.88 0.02 -0.96 0.00
0.40 -1.84 0.03 -0.91 0.00
0.39 -1.80 0.04 -0.86 0.00
0.37 -1.77 0.06 -0.82 0.00
0.35 -1.73 0.09 -0.77 0.00
0.35 -1.69 0.16 -0.71 0.00
0.33 -1.68 0.12 -0.70 0.00
0.31 -1.62 0.15 -0.63 0.00
0.29 -1.59 0.17 -0.60 0.00
0.29 -1.54 0.16 -0.55 0.00
0.28 -1.50 0.16 -0.51 0.00
0.28 -1.47 0.16 -0.47 0.00
0.28 -1.41 0.20 -0.42 0.00
0.27 -1.37 0.22 -0.37 0.00
0.27 -1.33 0.27 -0.33 0.00
0.27 -1.33 0.98 -0.62 1.00
0.27 -1.33 1.27 -1.32 1.00
0.34 -1.29 1.32 -1.48 0.00
0.36 -1.32 1.35 -1.49 0.00
0.40 -1.30 1.39 -1.45 0.00
0.44 -1.30 1.43 -1.43 0.00
0.46 -1.31 1.46 -1.35 0.00
0.54 -1.34 1.54 -1.44 0.00
0.55 -1.32 1.55 -1.36 0.00
0.60 -1.34 1.59 -1.42 0.00
0.62 -1.33 1.62 -1.35 0.00
0.66 -1.34 1.66 -1.39 0.00
0.70 -1.33 1.70 -1.38 0.00
0.76 -1.34 1.75 -1.41 0.00
0.77 -1.34 1.77 -1.38 0.00
0.82 -1.34 1.82 -1.35 0.00
0.88 -1.34 1.87 -1.46 0.00
0.90 -1.35 1.90 -1.40 0.00
0.93 -1.34 1.92 -1.45 0.00
0.99 -1.35 1.97 -1.55 0.00
1.03 -1.36 2.01 -1.56 0.00
1.07 -1.36 1.98 -1.78 0.00
1.12 -1.37 2.11 -1.49 0.00
1.16 -1.37 2.15 -1.25 0.00
1.19 -1.37 2.18 -1.44 0.00
1.25 -1.38 2.19 -1.04 0.00
1.27 -1.38 2.27 -1.40 0.00
