-0.79 -5.50 -1.79 -5.40 0.00
-0.83 -5.50 -1.83 -5.54 0.00
-0.88 -5.49 -1.86 -5.68 0.00
-0.92 -5.49 -1.88 -5.74 0.00
-0.97 -5.48 -1.89 -5.86 0.00
-1.01 -5.48 -1.89 -5.94 0.00
-1.05 -5.48 -1.89 -6.01 0.00
-1.09 -5.49 -1.92 -6.04 0.00
-1.12 -5.51 -1.95 -6.06 0.00
-1.15 -5.54 -1.98 -6.08 0.00
-1.17 -5.55 -2.01 -6.10 0.00
-1.21 -5.58 -1.99 -6.20 0.00
-1.24 -5.60 -2.00 -6.25 0.00
-1.28 -5.60 -1.93 -6.36 0.00
-1.31 -5.63 -1.94 -6.41 0.00
-1.35 -5.65 -1.92 -6.47 0.00
-1.37 -5.68 -1.96 -6.49 0.00
-1.37 -5.68 -2.36 -5.84 1.00
-1.42 -5.68 -2.40 -5.85 0.00
-1.46 -5.68 -2.45 -5.82 0.00
-1.50 -5.68 -2.41 -6.08 0.00
-1.55 -5.71 -2.52 -5.94 0.00
-1.58 -5.71 -2.46 -6.17 0.00
-1.63 -5.72 -2.53 -6.15 0.00
-1.66 -5.72 -2.50 -6.26 0.00
-1.70 -5.73 -2.52 -6.31 0.00
-1.74 -5.75 -2.52 -6.37 0.00
-1.77 -5.77 -2.56 -6.39 0.00
-1.80 -5.79 -2.59 -6.41 0.00
-1.83 -5.82 -2.62 -6.43 0.00
-1.87 -5.85 -2.63 -6.50 0.00
-1.89 -5.85 -2.60 -6.56 0.00
-1.93 -5.88 -2.61 -6.61 0.00
-1.98 -5.90 -2.65 -6.64 0.00
-1.98 -5.87 -2.98 -5.93 1.00
-2.02 -5.87 -3.02 -5.89 0.00
-2.06 -5.88 -3.06 -5.89 0.00
-2.10 -5.86 -3.05 -6.16 0.00
-2.14 -5.85 -3.01 -6.34 0.00
-2.17 -5.84 -3.00 -6.40 0.00
-2.19 -5.84 -2.81 -6.63 0.00
-2.28 -5.87 -2.97 -6.60 0.00
-2.33 -5.86 -2.95 -6.65 0.00
-2.35 -5.91 -2.96 -6.70 0.00
-2.35 -5.93 -3.07 -6.63 0.00
-2.41 -6.01 -3.03 -6.79 0.00
-2.44 -6.02 -3.03 -6.83 0.00
-2.47 -6.05 -3.08 -6.85 0.00
-2.50 -6.11 -2.79 -7.06 0.00
-2.49 -6.12 -2.71 -7.09 0.00
-2.50 -6.23 -2.72 -7.21 0.00
-2.51 -6.27 -3.37 -6.78 1.00
-2.51 -6.27 -3.48 -6.03 1.00
-2.51 -6.27 -3.02 -5.41 1.00
-2.53 -6.27 -3.11 -5.45 0.00
-2.58 -6.23 -3.02 -5.33 0.00
-2.54 -6.18 -3.34 -5.58 0.00
-2.58 -6.13 -3.32 -5.46 0.00
-2.62 -6.10 -3.36 -5.44 0.00
-2.64 -6.05 -3.51 -5.55 0.00
-2.66 -6.03 -3.48 -5.47 0.00
-2.67 -6.02 -3.35 -5.29 0.00
-2.73 -5.97 -3.67 -5.63 0.00
-2.77 -5.97 -3.68 -5.56 0.00
-2.80 -5.94 -3.73 -5.57 0.00
-2.81 -5.88 -3.59 -5.25 0.00
-2.86 -5.90 -3.82 -5.60 0.00
-2.91 -5.89 -3.90 -5.74 0.00
-2.94 -5.87 -3.93 -5.73 0.00
-3.01 -5.85 -3.98 -5.63 0.00
-3.04 -5.84 -4.00 -5.56 0.00
-3.09 -5.83 -4.08 -5.67 0.00
-3.13 -5.82 -4.13 -5.82 0.00
-3.16 -5.81 -4.16 -5.89 0.00
-3.20 -5.80 -4.18 -6.00 0.00
-3.24 -5.79 -4.19 -6.10 0.00
-3.28 -5.78 -4.19 -6.20 0.00
-3.32 -5.77 -4.19 -6.26 0.00
-3.35 -5.79 -4.21 -6.31 0.00
-3.39 -5.81 -4.25 -6.32 0.00
-3.42 -5.82 -4.27 -6.35 0.00
-3.45 -5.85 -4.30 -6.38 0.00
-3.49 -5.86 -4.28 -6.48 0.00
-3.52 -5.88 -4.26 -6.55 0.00
-3.55 -5.89 -4.23 -6.63 0.00
-3.58 -5.92 -4.22 -6.68 0.00
-3.58 -5.91 -4.57 -6.03 1.00
-3.61 -5.90 -4.60 -6.02 0.00
-3.61 -5.90 -4.58 -6.12 0.00
-3.69 -5.91 -4.62 -6.27 0.00
-3.73 -5.89 -4.59 -6.40 0.00
-3.78 -5.91 -4.69 -6.33 0.00
-3.82 -5.91 -4.70 -6.39 0.00
-3.86 -5.89 -4.66 -6.50 0.00
-3.91 -5.90 -4.62 -6.60 0.00
-3.91 -5.96 -4.71 -6.56 0.00
-3.94 -6.01 -4.71 -6.65 0.00
-3.97 -6.01 -4.71 -6.68 0.00
-4.00 -6.04 -4.70 -6.76 0.00
-4.03 -6.06 -4.64 -6.85 0.00
-4.04 -6.07 -4.54 -6.94 0.00
-4.07 -6.09 -4.55 -6.96 0.00
-4.07 -6.14 -4.35 -7.10 0.00
-4.06 -6.15 -4.91 -6.68 1.00
-4.06 -6.11 -5.05 -6.07 1.00
-4.06 -6.11 -4.72 -5.36 1.00
-4.06 -6.12 -3.96 -5.12 1.00
-4.06 -6.08 -3.91 -5.09 0.00
-4.05 -6.03 -3.93 -5.03 0.00
-4.04 -6.01 -3.87 -5.02 0.00
-4.04 -5.96 -3.76 -5.00 0.00
-3.97 -5.91 -3.50 -5.02 0.00
-4.02 -5.84 -4.22 -4.86 0.00
-4.00 -5.83 -3.90 -4.84 0.00
-4.00 -5.80 -3.84 -4.81 0.00
-4.01 -5.77 -3.88 -4.77 0.00
-4.01 -5.73 -3.90 -4.73 0.00
-4.00 -5.69 -3.90 -4.69 0.00
-3.99 -5.63 -3.93 -4.63 0.00
-3.99 -5.60 -4.01 -4.60 0.00
-3.98 -5.57 -4.10 -4.57 0.00
-3.99 -5.53 -4.27 -4.57 0.00
-3.98 -5.50 -4.33 -4.57 0.00
-3.97 -5.50 -3.61 -4.57 1.00
-3.98 -5.50 -3.06 -5.09 1.00
-3.94 -5.48 -3.02 -5.08 0.00
-3.87 -5.47 -2.99 -4.98 0.00
-3.86 -5.48 -2.92 -5.12 0.00
-3.79 -5.43 -2.88 -5.04 0.00
-3.75 -5.42 -2.84 -5.01 0.00
-3.74 -5.41 -2.84 -4.98 0.00
-3.71 -5.39 -2.80 -4.97 0.00
-3.67 -5.37 -2.77 -4.92 0.00
-3.63 -5.36 -2.73 -4.92 0.00
-3.60 -5.34 -2.71 -4.89 0.00
-3.56 -5.33 -2.64 -4.92 0.00
-3.53 -5.34 -2.65 -4.86 0.00
-3.48 -5.28 -2.61 -4.79 0.00
-3.47 -5.27 -2.53 -4.92 0.00
-3.43 -5.27 -2.53 -4.83 0.00
-3.37 -5.23 -2.48 -4.77 0.00
-3.34 -5.26 -2.34 -5.26 1.00
-3.28 -5.29 -2.28 -5.19 0.00
-3.23 -5.30 -2.23 -5.29 0.00
-3.20 -5.29 -2.20 -5.27 0.00
-3.16 -5.28 -2.16 -5.30 0.00
-3.12 -5.28 -2.12 -5.26 0.00
-3.07 -5.27 -2.07 -5.15 0.00
-3.02 -5.27 -2.03 -5.13 0.00
-2.98 -5.27 -1.99 -5.15 0.00
-2.94 -5.26 -1.95 -5.11 0.00
-2.90 -5.26 -1.91 -5.11 0.00
-2.87 -5.26 -1.88 -5.16 0.00
-2.85 -5.26 -1.85 -5.27 0.00
-2.79 -5.26 -1.79 -5.14 0.00
-2.73 -5.25 -1.75 -5.05 0.00
-2.71 -5.25 -1.72 -5.14 0.00
-2.64 -5.24 -1.70 -4.88 0.00
-2.60 -5.25 -1.63 -5.02 0.00
-2.55 -5.24 -1.60 -4.93 0.00
-2.49 -5.19 -1.56 -4.84 0.00
-2.44 -5.20 -1.49 -4.86 0.00
-2.41 -5.15 -1.44 -4.88 0.00
-2.36 -5.10 -1.42 -4.77 0.00
-2.30 -5.13 -1.33 -4.90 0.00
-2.28 -5.10 -1.29 -4.93 0.00
-2.23 -5.08 -1.28 -4.79 0.00
-2.22 -5.08 -1.24 -4.92 0.00
-2.18 -5.09 -1.21 -4.85 0.00
-2.11 -5.06 -1.13 -4.86 0.00
-2.04 -5.04 -1.09 -4.71 0.00
-2.03 -5.06 -1.03 -4.97 0.00
-1.94 -5.06 -0.94 -4.99 0.00
-1.94 -5.04 -0.95 -4.89 0.00
-1.90 -5.03 -0.90 -4.93 0.00
-1.86 -5.03 -0.86 -4.97 0.00
-1.83 -5.02 -0.83 -5.03 0.00
-1.78 -5.01 -0.78 -5.09 0.00
-1.74 -5.01 -0.74 -5.12 0.00
-1.70 -5.00 -0.71 -5.17 0.00
-1.66 -5.00 -0.68 -5.22 0.00
-1.62 -5.00 -0.66 -5.26 0.00
-1.59 -5.01 -0.62 -5.26 0.00
-1.54 -5.02 -0.59 -5.31 0.00
-1.50 -5.03 -0.55 -5.33 0.00
-1.46 -5.04 -0.50 -5.32 0.00
-1.42 -5.05 -0.47 -5.37 0.00
-1.38 -5.06 -0.43 -5.38 0.00
-1.34 -5.08 -0.40 -5.41 0.00
-1.30 -5.09 -0.37 -5.43 0.00
-1.27 -5.11 -0.32 -5.43 0.00
-1.22 -5.12 -0.28 -5.46 0.00
-1.19 -5.13 -0.29 -5.57 0.00
-1.15 -5.15 -0.29 -5.67 0.00
-1.11 -5.17 -0.28 -5.72 0.00
-1.07 -5.17 -0.32 -5.84 0.00
-1.04 -5.21 -0.32 -5.90 0.00
-1.06 -5.22 -0.56 -6.09 0.00
-0.94 -5.26 -0.19 -5.91 0.00
-1.00 -5.29 -0.17 -5.86 0.00
-0.98 -5.32 -0.73 -6.29 0.00
-0.89 -5.36 -0.48 -6.27 0.00
-0.86 -5.41 -0.47 -6.33 0.00
-0.86 -5.44 -0.60 -6.41 0.00
-0.80 -5.48 -0.45 -6.41 0.00
-0.77 -5.49 -0.46 -6.44 0.00
-0.77 -5.53 -0.34 -6.43 0.00
-0.77 -5.57 -0.27 -6.44 0.00
-0.75 -5.61 -0.22 -6.46 0.00
-0.74 -5.65 -0.17 -6.48 0.00
-0.71 -5.69 -0.13 -6.49 0.00
-0.69 -5.72 -0.13 -6.54 0.00
-0.63 -5.75 -0.14 -6.62 0.00
-0.62 -5.80 -0.05 -6.62 0.00
-0.60 -5.81 0.12 -6.51 0.00
-0.57 -5.87 0.16 -6.56 0.00
-0.55 -5.89 0.23 -6.51 0.00
-0.50 -5.98 0.17 -6.72 0.00
-0.46 -5.98 0.18 -6.75 0.00
-0.44 -6.03 0.21 -6.79 0.00
-0.43 -6.06 0.21 -6.82 0.00
-0.40 -6.09 0.27 -6.83 0.00
-0.37 -6.12 0.29 -6.87 0.00
-0.34 -6.16 0.26 -6.95 0.00
-0.31 -6.19 0.21 -7.04 0.00
-0.28 -6.22 0.16 -7.12 0.00
-0.26 -6.25 0.10 -7.19 0.00
-0.23 -6.28 0.06 -7.24 0.00
-0.20 -6.32 0.00 -7.30 0.00
-0.17 -6.35 -0.05 -7.34 0.00
-0.17 -6.39 -0.04 -7.38 0.00
-0.17 -6.43 -0.03 -7.42 0.00
-0.16 -6.47 -0.02 -7.46 0.00
-0.16 -6.51 -0.05 -7.51 0.00
-0.15 -6.55 -0.07 -7.55 0.00
-0.14 -6.59 -0.10 -7.59 0.00
-0.14 -6.63 -0.13 -7.63 0.00
-0.13 -6.67 -0.16 -7.67 0.00
-0.13 -6.71 -0.16 -7.71 0.00
-0.13 -6.75 -0.16 -7.75 0.00
-0.13 -6.79 -0.16 -7.79 0.00
-0.13 -6.83 -0.16 -7.83 0.00
-0.14 -6.87 -0.15 -7.87 0.00
-0.14 -6.91 -0.14 -7.91 0.00
-0.14 -6.95 -0.12 -7.95 0.00
-0.14 -6.99 -0.10 -7.99 0.00
-0.14 -7.03 -0.08 -8.03 0.00
-0.14 -7.07 -0.07 -8.07 0.00
-0.14 -7.11 -0.04 -8.11 0.00
-0.14 -7.15 -0.04 -8.15 0.00
-0.14 -7.19 -0.02 -8.18 0.00
-0.13 -7.23 -0.01 -8.22 0.00
-0.13 -7.27 -0.00 -8.26 0.00
-0.12 -7.31 0.00 -8.30 0.00
-0.12 -7.35 -0.00 -8.34 0.00
-0.12 -7.39 0.00 -8.38 0.00
-0.11 -7.43 0.00 -8.42 0.00
-0.11 -7.47 0.01 -8.46 0.00
-0.10 -7.51 0.01 -8.50 0.00
-0.10 -7.55 0.02 -8.54 0.00
-0.09 -7.59 0.02 -8.58 0.00
-0.09 -7.63 0.03 -8.62 0.00
-0.08 -7.67 0.03 -8.66 0.00
-0.08 -7.71 0.04 -8.70 0.00
-0.07 -7.75 0.04 -8.74 0.00
-0.07 -7.79 0.06 -8.78 0.00
-0.06 -7.83 0.06 -8.82 0.00
-0.06 -7.87 0.07 -8.86 0.00
-0.05 -7.91 0.09 -8.90 0.00
-0.05 -7.95 0.11 -8.93 0.00
-0.05 -7.98 0.13 -8.97 0.00
-0.04 -8.02 0.14 -9.01 0.00
-0.03 -8.06 0.15 -9.05 0.00
-0.03 -8.10 0.16 -9.09 0.00
-0.02 -8.14 0.17 -9.12 0.00
-0.01 -8.18 0.19 -9.16 0.00
-0.00 -8.22 0.21 -9.20 0.00
0.00 -8.26 0.22 -9.24 0.00
0.01 -8.30 0.25 -9.27 0.00
0.02 -8.34 0.26 -9.31 0.00
0.03 -8.38 0.28 -9.35 0.00
0.04 -8.42 0.31 -9.38 0.00
0.05 -8.46 0.32 -9.42 0.00
0.06 -8.49 0.35 -9.45 0.00
0.07 -8.53 0.39 -9.48 0.00
0.08 -8.57 0.44 -9.50 0.00
0.09 -8.61 0.58 -9.49 0.00
0.10 -8.65 0.66 -9.48 0.00
0.12 -8.69 0.75 -9.47 0.00
0.13 -8.74 0.82 -9.46 0.00
0.15 -8.78 0.90 -9.43 0.00
0.17 -8.82 0.96 -9.43 0.00
0.20 -8.84 1.00 -9.45 0.00
0.23 -8.87 1.03 -9.47 0.00
0.27 -8.89 1.07 -9.49 0.00
0.30 -8.92 1.11 -9.51 0.00
0.33 -8.94 1.15 -9.51 0.00
0.36 -8.97 1.19 -9.53 0.00
0.39 -8.99 1.24 -9.53 0.00
0.43 -9.01 1.28 -9.54 0.00
0.46 -9.04 1.32 -9.54 0.00
0.50 -9.05 1.35 -9.57 0.00
0.51 -9.08 1.37 -9.59 0.00
0.59 -9.08 1.56 -9.35 0.00
0.60 -9.15 1.59 -9.27 0.00
0.62 -9.16 1.60 -9.36 0.00
0.66 -9.17 1.64 -9.36 0.00
0.70 -9.18 1.68 -9.36 0.00
0.74 -9.18 1.73 -9.36 0.00
0.78 -9.19 1.77 -9.34 0.00
0.82 -9.20 1.81 -9.35 0.00
0.86 -9.21 1.85 -9.34 0.00
0.89 -9.22 1.89 -9.32 0.00
0.92 -9.21 1.91 -9.32 0.00
0.96 -9.19 1.96 -9.29 0.00
1.01 -9.18 2.00 -9.28 0.00
1.06 -9.19 2.05 -9.27 0.00
1.10 -9.23 2.09 -9.41 0.00
1.14 -9.21 2.11 -9.47 0.00
1.18 -9.21 2.13 -9.51 0.00
1.21 -9.24 2.19 -9.46 0.00
1.26 -9.24 2.25 -9.41 0.00
1.32 -9.21 2.32 -9.27 0.00
1.35 -9.24 2.34 -9.40 0.00
1.38 -9.27 2.37 -9.39 0.00
1.43 -9.27 2.42 -9.38 0.00
1.47 -9.28 2.47 -9.35 0.00
1.51 -9.25 2.51 -9.22 0.00
1.56 -9.30 2.56 -9.41 0.00
1.57 -9.31 2.57 -9.37 0.00
1.60 -9.31 2.60 -9.31 0.00
1.64 -9.31 2.64 -9.34 0.00
1.68 -9.31 2.68 -9.26 0.00
1.73 -9.32 2.72 -9.15 0.00
1.77 -9.31 2.76 -9.16 0.00
1.81 -9.30 2.80 -9.17 0.00
1.85 -9.29 2.84 -9.18 0.00
1.89 -9.29 2.88 -9.18 0.00
1.93 -9.28 2.92 -9.17 0.00
1.96 -9.28 2.96 -9.17 0.00
2.00 -9.27 3.00 -9.15 0.00
2.04 -9.27 3.03 -9.14 0.00
2.08 -9.27 3.07 -9.12 0.00
2.12 -9.26 3.10 -9.09 0.00
2.16 -9.26 3.14 -9.04 0.00
2.20 -9.25 3.16 -9.00 0.00
2.23 -9.25 3.19 -8.94 0.00
2.27 -9.24 3.21 -8.89 0.00
2.31 -9.24 3.22 -8.82 0.00
2.34 -9.23 3.22 -8.76 0.00
2.38 -9.21 3.27 -8.75 0.00
2.41 -9.19 3.30 -8.73 0.00
2.45 -9.17 3.34 -8.72 0.00
2.49 -9.15 3.38 -8.70 0.00
2.52 -9.13 3.42 -8.70 0.00
2.56 -9.11 3.47 -8.69 0.00
2.59 -9.10 3.51 -8.69 0.00
2.62 -9.08 3.54 -8.67 0.00
2.66 -9.06 3.57 -8.66 0.00
2.69 -9.05 3.60 -8.64 0.00
2.72 -9.04 3.61 -8.59 0.00
2.75 -9.02 3.61 -8.51 0.00
2.79 -9.01 3.60 -8.42 0.00
2.82 -8.99 3.58 -8.34 0.00
2.85 -8.98 3.53 -8.25 0.00
2.88 -8.96 3.47 -8.16 0.00
2.91 -8.93 3.49 -8.12 0.00
2.93 -8.90 3.52 -8.09 0.00
2.96 -8.87 3.53 -8.05 0.00
2.98 -8.84 3.56 -8.02 0.00
3.00 -8.80 3.58 -7.99 0.00
3.02 -8.77 3.60 -7.96 0.00
3.05 -8.74 3.62 -7.92 0.00
3.07 -8.71 3.65 -7.89 0.00
3.09 -8.68 3.67 -7.86 0.00
3.11 -8.65 3.63 -7.79 0.00
3.14 -8.62 3.55 -7.71 0.00
3.16 -8.59 3.48 -7.64 0.00
3.17 -8.55 3.45 -7.59 0.00
3.19 -8.57 3.13 -7.58 0.00
3.22 -8.50 3.31 -7.51 0.00
3.24 -8.45 3.02 -7.48 0.00
3.25 -8.47 3.28 -7.47 1.00
3.24 -8.43 3.78 -7.59 1.00
3.18 -8.43 4.14 -8.14 1.00
3.17 -8.44 3.97 -9.03 1.00
3.16 -8.47 3.84 -9.20 0.00
3.24 -8.48 3.84 -9.29 0.00
3.30 -8.54 4.16 -9.05 0.00
3.30 -8.53 3.87 -9.35 0.00
3.31 -8.60 3.66 -9.54 0.00
3.39 -8.63 3.82 -9.53 0.00
3.39 -8.64 3.72 -9.58 0.00
3.40 -8.65 3.64 -9.62 0.00
3.41 -8.69 3.65 -9.66 0.00
3.42 -8.73 3.64 -9.71 0.00
3.43 -8.77 3.63 -9.75 0.00
3.44 -8.81 3.61 -9.80 0.00
3.45 -8.85 3.60 -9.84 0.00
3.46 -8.89 3.59 -9.89 0.00
3.47 -8.93 3.56 -9.93 0.00
3.48 -8.97 3.53 -9.97 0.00
3.48 -9.02 3.38 -10.01 0.00
3.48 -9.06 3.25 -10.03 0.00
3.49 -9.10 3.12 -10.03 0.00
3.49 -9.14 3.01 -10.01 0.00
3.49 -9.18 2.90 -9.99 0.00
3.49 -9.22 2.82 -9.95 0.00
3.48 -9.26 2.75 -9.94 0.00
3.45 -9.29 2.72 -9.97 0.00
3.42 -9.32 2.69 -10.00 0.00
3.39 -9.35 2.66 -10.03 0.00
3.35 -9.38 2.60 -10.03 0.00
3.32 -9.41 2.53 -10.02 0.00
3.29 -9.44 2.46 -10.01 0.00
3.26 -9.47 2.40 -9.99 0.00
3.22 -9.50 2.34 -9.96 0.00
3.20 -9.53 2.27 -9.89 0.00
3.22 -9.50 2.27 -9.83 0.00
3.21 -9.53 2.21 -9.48 0.00
3.04 -9.54 2.17 -10.04 0.00
3.05 -9.50 2.05 -9.56 0.00
3.10 -9.45 2.50 -8.65 0.00
3.09 -9.40 2.86 -8.42 0.00
2.88 -9.58 1.88 -9.53 0.00
2.85 -9.62 1.86 -9.48 0.00
2.84 -9.64 1.86 -9.42 0.00
2.80 -9.65 1.85 -9.35 0.00
2.76 -9.65 1.82 -9.31 0.00
2.72 -9.64 1.78 -9.30 0.00
2.68 -9.62 1.74 -9.29 0.00
2.64 -9.61 1.69 -9.28 0.00
2.60 -9.59 1.65 -9.27 0.00
2.56 -9.58 1.61 -9.27 0.00
2.53 -9.53 1.54 -9.36 0.00
2.49 -9.53 1.50 -9.34 0.00
2.44 -9.52 1.46 -9.33 0.00
2.40 -9.51 1.43 -9.28 0.00
2.36 -9.51 1.40 -9.23 0.00
2.32 -9.50 1.38 -9.17 0.00
2.28 -9.49 1.35 -9.11 0.00
2.24 -9.48 1.33 -9.06 0.00
2.20 -9.47 1.31 -9.01 0.00
2.16 -9.47 1.29 -8.97 0.00
2.11 -9.45 1.25 -8.94 0.00
2.07 -9.42 1.21 -8.92 0.00
2.03 -9.40 1.16 -8.89 0.00
1.99 -9.37 1.10 -8.92 0.00
1.95 -9.35 1.03 -8.94 0.00
1.90 -9.32 0.97 -8.97 0.00
1.87 -9.27 0.89 -9.10 0.00
1.84 -9.25 0.84 -9.13 0.00
1.80 -9.25 0.80 -9.13 0.00
1.75 -9.24 0.76 -9.13 0.00
1.72 -9.24 0.72 -9.12 0.00
1.68 -9.23 0.69 -9.10 0.00
1.64 -9.23 0.65 -9.07 0.00
1.60 -9.22 0.61 -9.05 0.00
1.56 -9.22 0.58 -9.03 0.00
1.52 -9.21 0.54 -9.00 0.00
1.48 -9.21 0.51 -8.97 0.00
1.44 -9.20 0.47 -8.93 0.00
1.40 -9.19 0.43 -8.95 0.00
1.36 -9.18 0.39 -8.94 0.00
1.31 -9.17 0.33 -8.96 0.00
1.26 -9.16 0.30 -8.87 0.00
1.23 -9.11 0.24 -8.94 0.00
1.18 -9.10 0.19 -8.95 0.00
1.14 -9.09 0.16 -8.93 0.00
1.10 -9.09 0.11 -8.92 0.00
1.06 -9.08 0.07 -8.90 0.00
1.02 -9.07 0.04 -8.86 0.00
0.97 -9.07 0.00 -8.82 0.00
0.93 -9.06 -0.03 -8.79 0.00
0.89 -9.05 -0.06 -8.74 0.00
0.85 -9.05 -0.09 -8.69 0.00
0.81 -9.04 -0.11 -8.65 0.00
0.77 -9.03 -0.14 -8.60 0.00
0.73 -9.02 -0.17 -8.57 0.00
0.69 -9.00 -0.20 -8.54 0.00
0.65 -8.98 -0.24 -8.51 0.00
0.61 -8.96 -0.28 -8.49 0.00
0.57 -8.93 -0.35 -8.52 0.00
0.53 -8.91 -0.39 -8.52 0.00
0.49 -8.89 -0.43 -8.51 0.00
0.45 -8.88 -0.48 -8.51 0.00
0.41 -8.86 -0.53 -8.52 0.00
0.37 -8.84 -0.58 -8.54 0.00
0.33 -8.82 -0.63 -8.56 0.00
0.29 -8.81 -0.69 -8.59 0.00
0.25 -8.79 -0.73 -8.61 0.00
0.21 -8.78 -0.78 -8.64 0.00
0.17 -8.77 -0.82 -8.65 0.00
0.13 -8.76 -0.86 -8.66 0.00
0.09 -8.75 -0.90 -8.66 0.00
0.06 -8.75 -0.93 -8.61 0.00
0.02 -8.75 -0.96 -8.55 0.00
-0.02 -8.74 -0.99 -8.49 0.00
-0.06 -8.73 -1.01 -8.43 0.00
-0.10 -8.72 -1.02 -8.33 0.00
-0.14 -8.71 -1.02 -8.24 0.00
-0.18 -8.70 -1.00 -8.13 0.00
-0.22 -8.69 -0.97 -8.03 0.00
-0.26 -8.68 -0.93 -7.93 0.00
-0.30 -8.67 -0.89 -7.86 0.00
-0.33 -8.65 -0.88 -7.81 0.00
-0.35 -8.62 -0.90 -7.78 0.00
-0.37 -8.58 -0.93 -7.76 0.00
-0.39 -8.55 -0.98 -7.74 0.00
-0.41 -8.52 -1.06 -7.76 0.00
-0.40 -8.48 -1.08 -7.74 0.00
-0.40 -8.46 -1.12 -7.76 0.00
-0.45 -8.42 -1.25 -7.82 0.00
-0.45 -8.37 -1.34 -7.92 0.00
-0.45 -8.34 -1.37 -7.97 0.00
-0.41 -8.30 -1.38 -8.05 0.00
-0.58 -8.29 -1.53 -8.00 0.00
-0.65 -8.28 -1.60 -7.97 0.00
-0.64 -8.27 -1.61 -8.00 0.00
-0.68 -8.26 -1.64 -7.98 0.00
-0.73 -8.24 -1.62 -7.78 0.00
-0.89 -8.23 -1.88 -8.08 0.00
-0.83 -8.23 -1.83 -8.18 0.00
-0.85 -8.26 -1.85 -8.24 0.00
-0.86 -8.24 -1.86 -8.24 0.00
-1.38 -8.16 -2.38 -8.15 0.00
-1.36 -8.15 -2.34 -7.92 0.00
-1.46 -8.18 -2.44 -7.96 0.00
-1.12 -8.24 -2.12 -8.20 0.00
-1.03 -8.27 -2.02 -8.39 0.00
-0.96 -8.36 -1.75 -7.74 1.00
-1.06 -8.27 -1.21 -7.28 1.00
-1.10 -8.14 -1.34 -7.17 0.00
-1.12 -8.15 -1.23 -7.16 0.00
-1.12 -8.15 -1.27 -7.16 0.00
-1.10 -8.12 -1.35 -7.15 0.00
-1.09 -8.04 -1.39 -7.09 0.00
-1.11 -8.01 -1.40 -7.05 0.00
-1.09 -7.98 -1.39 -7.02 0.00
-1.12 -7.95 -1.31 -6.97 0.00
-1.11 -7.92 -1.22 -6.93 0.00
-1.15 -7.82 -1.48 -6.87 0.00
-1.12 -7.80 -1.16 -6.80 0.00
-1.17 -7.77 -1.50 -6.83 0.00
-1.18 -7.75 -1.51 -6.81 0.00
-1.19 -7.72 -1.51 -6.77 0.00
-1.20 -7.69 -1.52 -6.74 0.00
-1.22 -7.65 -1.50 -6.69 0.00
-1.23 -7.61 -1.46 -6.64 0.00
-1.24 -7.57 -1.44 -6.59 0.00
-1.25 -7.53 -1.43 -6.55 0.00
-1.26 -7.49 -1.41 -6.50 0.00
-1.27 -7.45 -1.39 -6.46 0.00
-1.28 -7.41 -1.39 -6.42 0.00
-1.29 -7.38 -1.37 -6.38 0.00
-1.29 -7.34 -1.39 -6.35 0.00
-1.31 -7.37 -1.30 -6.37 0.00
-1.32 -7.35 -1.25 -6.35 0.00
-1.30 -7.24 -1.49 -6.26 0.00
-1.30 -7.14 -1.45 -6.15 0.00
-1.29 -7.15 -1.35 -6.15 0.00
-1.31 -7.11 -1.44 -6.12 0.00
-1.31 -7.10 -1.45 -6.11 0.00
-1.32 -7.04 -1.56 -6.07 0.00
-1.32 -7.03 -0.82 -6.16 1.00
-1.32 -7.03 -0.38 -6.70 1.00
-1.32 -7.03 -0.42 -7.45 1.00
-1.32 -7.03 -0.99 -7.97 1.00
-1.33 -7.08 -1.02 -8.03 0.00
-1.32 -7.11 -1.06 -8.08 0.00
-1.30 -7.16 -1.13 -8.15 0.00
-1.27 -7.19 -1.10 -8.18 0.00
-1.25 -7.33 -1.02 -8.30 0.00
-1.23 -7.31 -0.95 -8.27 0.00
-1.22 -7.33 -0.81 -8.24 0.00
-1.21 -7.36 -0.69 -8.21 0.00
-1.19 -7.39 -0.59 -8.19 0.00
-1.18 -7.43 -0.54 -8.20 0.00
-1.16 -7.47 -0.50 -8.22 0.00
-1.13 -7.50 -0.47 -8.25 0.00
-1.10 -7.53 -0.44 -8.28 0.00
-1.07 -7.56 -0.38 -8.29 0.00
-1.05 -7.59 -0.32 -8.28 0.00
-1.02 -7.63 -0.25 -8.27 0.00
-0.99 -7.66 -0.20 -8.26 0.00
-0.96 -7.67 -0.19 -8.32 0.00
-0.95 -7.70 -0.10 -8.23 0.00
-0.94 -7.71 -0.08 -8.22 0.00
-0.85 -7.76 -0.02 -8.32 0.00
-0.81 -7.79 0.04 -8.33 0.00
-0.78 -7.81 0.10 -8.28 0.00
-0.73 -7.86 0.19 -8.25 0.00
-0.70 -7.87 0.22 -8.26 0.00
-0.67 -7.89 0.27 -8.22 0.00
-0.66 -7.93 0.28 -8.29 0.00
-0.62 -7.91 0.34 -8.21 0.00
-0.53 -7.96 0.33 -8.49 0.00
-0.49 -7.94 0.48 -8.18 0.00
-0.47 -7.97 0.49 -8.25 0.00
-0.44 -7.99 0.52 -8.27 0.00
-0.39 -8.00 0.54 -8.34 0.00
-0.35 -8.01 0.55 -8.44 0.00
-0.31 -8.02 0.54 -8.54 0.00
-0.28 -8.03 0.53 -8.63 0.00
-0.24 -8.04 0.51 -8.70 0.00
-0.20 -8.05 0.50 -8.77 0.00
-0.16 -8.07 0.49 -8.83 0.00
-0.13 -8.10 0.50 -8.87 0.00
-0.10 -8.13 0.52 -8.91 0.00
-0.08 -8.16 0.53 -8.96 0.00
-0.05 -8.20 0.55 -9.00 0.00
-0.02 -8.23 0.56 -9.05 0.00
0.00 -8.26 0.56 -9.10 0.00
0.03 -8.30 0.55 -9.15 0.00
0.06 -8.33 0.56 -9.20 0.00
0.08 -8.37 0.55 -9.25 0.00
0.11 -8.40 0.51 -9.32 0.00
0.13 -8.43 0.51 -9.36 0.00
0.15 -8.47 0.52 -9.40 0.00
0.17 -8.51 0.53 -9.44 0.00
0.18 -8.54 0.55 -9.47 0.00
0.20 -8.58 0.56 -9.51 0.00
0.21 -8.62 0.57 -9.55 0.00
0.23 -8.66 0.57 -9.60 0.00
0.24 -8.69 0.58 -9.64 0.00
0.26 -8.73 0.57 -9.68 0.00
0.27 -8.77 0.59 -9.72 0.00
0.29 -8.81 0.59 -9.76 0.00
0.30 -8.85 0.60 -9.80 0.00
0.31 -8.88 0.61 -9.84 0.00
0.32 -8.92 0.63 -9.88 0.00
0.34 -8.96 0.68 -9.90 0.00
0.35 -9.00 0.71 -9.93 0.00
0.36 -9.04 0.73 -9.97 0.00
0.39 -9.06 0.73 -10.00 0.00
0.37 -9.13 0.73 -10.06 0.00
0.37 -9.15 0.45 -10.15 0.00
0.41 -9.17 0.80 -10.10 0.00
0.42 -9.24 0.73 -10.19 0.00
0.37 -9.34 0.26 -10.33 0.00
0.42 -9.31 0.80 -10.24 0.00
0.46 -9.33 1.00 -10.18 0.00
0.48 -9.34 0.96 -10.21 0.00
0.49 -9.36 1.05 -10.19 0.00
0.56 -9.46 0.79 -10.43 0.00
0.51 -9.47 1.07 -10.30 0.00
0.55 -9.51 0.99 -10.41 0.00
0.57 -9.55 1.07 -10.42 0.00
0.56 -9.56 0.35 -10.54 1.00
0.57 -9.55 -0.27 -10.09 1.00
0.54 -9.58 -0.21 -10.23 0.00
0.51 -9.59 -0.17 -10.33 0.00
0.46 -9.64 -0.39 -10.17 0.00
0.47 -9.60 -0.26 -10.29 0.00
0.37 -9.73 -0.56 -10.10 0.00
0.48 -9.87 -0.51 -10.01 0.00
0.31 -9.75 -0.62 -10.13 0.00
0.28 -9.74 -0.67 -10.04 0.00
0.25 -9.76 -0.71 -10.03 0.00
0.21 -9.78 -0.76 -10.02 0.00
0.18 -9.80 -0.81 -9.98 0.00
0.14 -9.82 -0.85 -9.94 0.00
0.10 -9.83 -0.89 -9.94 0.00
0.06 -9.83 -0.93 -9.94 0.00
0.02 -9.84 -0.97 -9.95 0.00
-0.02 -9.84 -1.02 -9.94 0.00
-0.02 -9.84 -0.80 -9.21 1.00
-0.05 -9.80 -0.87 -9.23 0.00
-0.09 -9.77 -0.91 -9.20 0.00
-0.13 -9.76 -0.95 -9.19 0.00
-0.22 -9.78 -0.89 -9.04 0.00
-0.19 -9.75 -1.01 -9.18 0.00
-0.23 -9.69 -0.93 -8.98 0.00
-0.28 -9.63 -0.84 -8.80 0.00
-0.30 -9.62 -0.76 -8.73 0.00
-0.32 -9.57 -0.63 -8.62 0.00
-0.39 -9.57 -0.64 -8.60 0.00
-0.41 -9.54 -0.59 -8.55 0.00
-0.43 -9.51 -0.68 -8.54 0.00
-0.38 -9.42 -0.39 -8.42 0.00
-0.33 -9.39 0.19 -8.53 0.00
-0.43 -9.32 -0.71 -8.36 0.00
-0.43 -9.34 -0.65 -8.36 0.00
-0.44 -9.30 -0.65 -8.32 0.00
-0.44 -9.26 -0.67 -8.29 0.00
-0.45 -9.22 -0.69 -8.25 0.00
-0.46 -9.18 -0.74 -8.22 0.00
-0.47 -9.14 -0.78 -8.19 0.00
-0.48 -9.10 -0.81 -8.15 0.00
-0.50 -9.06 -0.83 -8.12 0.00
-0.51 -9.02 -0.86 -8.08 0.00
-0.52 -8.98 -0.88 -8.04 0.00
-0.54 -8.94 -0.90 -8.01 0.00
-0.55 -8.90 -0.92 -7.97 0.00
-0.56 -8.86 -0.94 -7.94 0.00
-0.54 -8.84 -0.93 -7.92 0.00
-0.57 -8.83 -0.95 -7.90 0.00
-0.64 -8.74 -0.87 -7.76 0.00
-0.66 -8.68 -0.99 -7.74 0.00
-0.70 -8.62 -0.99 -7.66 0.00
-0.69 -8.62 -0.88 -7.64 0.00
-0.71 -8.59 -0.75 -7.59 0.00
-0.72 -8.54 -0.79 -7.54 0.00
-0.72 -8.50 -0.77 -7.50 0.00
-0.70 -8.45 -0.99 -7.49 0.00
-0.76 -8.42 -0.96 -7.44 0.00
-0.78 -8.34 -0.69 -7.35 0.00
-0.78 -8.32 -0.68 -7.33 0.00
-0.77 -8.27 -0.68 -7.27 0.00
-0.80 -8.19 -0.52 -7.23 0.00
-0.77 -8.23 -1.01 -7.26 0.00
-0.98 -8.15 -0.96 -7.15 0.00
-0.84 -8.13 -1.07 -7.16 0.00
-0.84 -8.13 -1.24 -7.21 0.00
-0.81 -8.09 -1.25 -7.18 0.00
-0.83 -8.04 -1.09 -7.07 0.00
-0.86 -7.99 -1.07 -7.01 0.00
-0.88 -7.95 -1.09 -6.97 0.00
-0.89 -7.94 -1.05 -6.95 0.00
-0.92 -7.92 -0.98 -6.92 0.00
-0.97 -7.84 -1.36 -6.92 0.00
-1.06 -7.70 -1.60 -6.86 0.00
-1.02 -7.72 -1.34 -6.77 0.00
-1.01 -7.72 -1.32 -6.77 0.00
-0.95 -7.69 -1.05 -6.69 0.00
-0.93 -7.67 -1.16 -6.69 0.00
-0.94 -7.63 -1.21 -6.67 0.00
-0.95 -7.59 -1.25 -6.64 0.00
-0.95 -7.56 -1.30 -6.62 0.00
-0.96 -7.53 -1.36 -6.61 0.00
-0.97 -7.49 -1.43 -6.60 0.00
-0.97 -7.49 -0.67 -6.53 1.00
-0.95 -7.45 -0.69 -6.48 0.00
-0.94 -7.41 -0.71 -6.44 0.00
-0.93 -7.37 -0.72 -6.39 0.00
-0.91 -7.34 -0.77 -6.35 0.00
-0.90 -7.33 -0.83 -6.33 0.00
-0.83 -7.30 -1.11 -6.34 0.00
-0.88 -7.21 -0.61 -6.24 0.00
-0.88 -7.16 -0.69 -6.18 0.00
-0.86 -7.12 -0.72 -6.13 0.00
-0.86 -7.09 -0.74 -6.10 0.00
-0.86 -7.03 -0.72 -6.04 0.00
-0.83 -7.01 -0.76 -6.01 0.00
-0.91 -6.91 -1.14 -5.94 0.00
-0.89 -6.88 -0.74 -5.89 0.00
-0.89 -6.84 -0.66 -5.87 0.00
-0.93 -6.78 -0.85 -5.78 0.00
-0.91 -6.74 -0.93 -5.74 0.00
-0.90 -6.70 -0.98 -5.71 0.00
-0.90 -6.67 -0.99 -5.67 0.00
-0.90 -6.62 -1.00 -5.63 0.00
-0.90 -6.58 -1.00 -5.59 0.00
-0.91 -6.54 -1.00 -5.55 0.00
-0.91 -6.50 -1.00 -5.50 0.00
-0.92 -6.46 -0.99 -5.46 0.00
-0.92 -6.42 -0.99 -5.42 0.00
-0.92 -6.37 -0.99 -5.38 0.00
-0.93 -6.33 -0.98 -5.33 0.00
-0.93 -6.29 -0.99 -5.29 0.00
-0.93 -6.25 -0.99 -5.25 0.00
-0.94 -6.21 -1.00 -5.21 0.00
-0.94 -6.18 -1.01 -5.18 0.00
-0.94 -6.14 -1.02 -5.14 0.00
-0.94 -6.10 -1.06 -5.11 0.00
-0.94 -6.09 -1.19 -5.12 0.00
-0.99 -6.05 -1.08 -5.05 0.00
-0.95 -5.98 -1.17 -5.00 0.00
-0.95 -5.95 -1.13 -4.97 0.00
-0.94 -5.93 -0.98 -4.93 0.00
-0.96 -5.87 -1.10 -4.88 0.00
-0.93 -5.78 -1.25 -4.83 0.00
-0.94 -5.76 -0.92 -4.76 0.00
-0.97 -5.73 -1.16 -4.75 0.00
-1.00 -5.69 -1.22 -4.71 0.00
-1.00 -5.66 -1.21 -4.68 0.00
-1.02 -5.63 -1.30 -4.67 0.00
-1.03 -5.60 -1.34 -4.65 0.00
-1.04 -5.56 -1.39 -4.63 0.00
-1.05 -5.52 -1.43 -4.60 0.00
-1.06 -5.48 -1.62 -4.65 0.00
-1.08 -5.44 -1.74 -4.68 0.00
-1.09 -5.40 -1.85 -4.74 0.00
-1.11 -5.36 -1.93 -4.78 0.00
-1.13 -5.31 -2.02 -4.86 0.00
-1.16 -5.28 -2.08 -4.89 0.00
-1.19 -5.27 -2.10 -4.85 0.00
-1.23 -5.25 -2.13 -4.83 0.00
-1.26 -5.24 -2.15 -4.78 0.00
-1.29 -5.22 -2.22 -4.86 0.00
-1.33 -5.20 -2.27 -4.87 0.00
-1.37 -5.19 -2.32 -4.87 0.00
-1.40 -5.17 -2.36 -4.90 0.00
-1.44 -5.15 -2.42 -4.94 0.00
-1.48 -5.13 -2.46 -4.96 0.00
-1.51 -5.12 -2.50 -4.98 0.00
-1.55 -5.11 -2.55 -5.21 0.00
-1.58 -5.11 -2.53 -5.44 0.00
-1.64 -5.10 -2.56 -5.49 0.00
-1.68 -5.09 -2.54 -5.60 0.00
-1.73 -5.08 -2.50 -5.72 0.00
-1.77 -5.08 -2.48 -5.78 0.00
-1.80 -5.11 -2.50 -5.82 0.00
-1.83 -5.14 -2.53 -5.85 0.00
-1.86 -5.17 -2.56 -5.88 0.00
-1.89 -5.20 -2.63 -5.86 0.00
-1.92 -5.23 -2.59 -5.97 0.00
-1.95 -5.27 -2.56 -6.06 0.00
-1.98 -5.30 -2.57 -6.11 0.00
-2.01 -5.33 -2.57 -6.16 0.00
-2.04 -5.36 -2.57 -6.21 0.00
-2.07 -5.39 -2.57 -6.26 0.00
-2.09 -5.42 -2.58 -6.30 0.00
-2.11 -5.46 -2.61 -6.33 0.00
-2.13 -5.50 -2.62 -6.37 0.00
-2.15 -5.53 -2.58 -6.43 0.00
-2.17 -5.57 -2.56 -6.49 0.00
-2.19 -5.60 -2.52 -6.55 0.00
-2.21 -5.64 -2.48 -6.60 0.00
-2.23 -5.67 -2.44 -6.65 0.00
-2.25 -5.71 -2.39 -6.70 0.00
-2.27 -5.74 -2.35 -6.74 0.00
-2.28 -5.77 -2.34 -6.77 0.00
-2.26 -5.81 -2.45 -6.79 0.00
-2.27 -5.82 -2.34 -6.82 0.00
-2.22 -5.90 -2.55 -6.85 0.00
-2.28 -5.96 -2.18 -6.96 0.00
-2.29 -6.01 -2.18 -7.00 0.00
-2.28 -6.01 -2.83 -6.85 1.00
-2.28 -6.02 -3.26 -6.24 1.00
-2.29 -6.02 -3.16 -5.52 1.00
-2.33 -5.96 -3.30 -5.75 0.00
-2.36 -5.98 -3.33 -5.73 0.00
-2.37 -5.96 -3.36 -5.77 0.00
-2.41 -5.88 -3.39 -5.69 0.00
-2.44 -5.86 -3.42 -5.69 0.00
-2.51 -5.84 -3.51 -5.75 0.00
-2.54 -5.86 -3.51 -6.11 0.00
