6.60 8.60 6.23 9.53 0.00
6.59 8.64 6.19 9.56 0.00
6.57 8.68 6.10 9.56 0.00
6.56 8.72 6.00 9.55 0.00
6.53 8.77 5.93 9.56 0.00
6.52 8.79 5.85 9.53 0.00
6.51 8.83 5.78 9.51 0.00
6.50 8.87 5.72 9.51 0.00
6.47 8.91 5.67 9.50 0.00
6.43 8.94 5.63 9.53 0.00
6.39 8.97 5.59 9.57 0.00
6.35 9.01 5.59 9.67 0.00
6.31 9.04 5.48 9.60 0.00
6.27 9.06 5.42 9.59 0.00
6.23 9.09 5.37 9.62 0.00
6.18 9.12 5.31 9.61 0.00
6.15 9.16 5.25 9.60 0.00
6.10 9.18 5.17 9.54 0.00
6.06 9.20 5.10 9.47 0.00
6.02 9.22 5.05 9.46 0.00
5.98 9.24 4.99 9.39 0.00
5.95 9.25 4.95 9.32 0.00
5.90 9.28 4.91 9.33 0.00
5.86 9.29 4.86 9.29 0.00
5.82 9.28 4.82 9.29 0.00
5.77 9.28 4.77 9.28 0.00
5.73 9.28 4.73 9.29 0.00
5.69 9.29 4.69 9.28 0.00
5.66 9.27 4.67 9.20 0.00
5.62 9.24 4.62 9.29 0.00
5.59 9.29 4.64 8.96 0.00
5.50 9.27 4.50 9.31 0.00
5.48 9.28 4.53 8.98 0.00
5.45 9.27 4.47 9.06 0.00
5.39 9.24 4.54 8.71 0.00
5.36 9.24 4.51 8.71 0.00
5.32 9.25 4.46 8.75 0.00
5.29 9.20 4.43 8.70 0.00
5.23 9.18 4.37 8.66 0.00
5.22 9.19 4.36 8.67 0.00
5.19 9.17 4.36 8.61 0.00
5.13 9.12 4.38 8.45 0.00
5.08 9.12 4.28 8.52 0.00
5.08 9.11 4.21 8.61 0.00
5.03 9.09 4.25 8.47 0.00
5.03 8.99 4.07 8.71 0.00
4.97 8.98 4.03 8.63 0.00
4.93 9.00 4.14 8.39 0.00
4.89 8.97 4.09 8.37 0.00
4.86 8.95 4.01 8.42 0.00
4.83 8.93 4.18 8.16 0.00
4.80 8.90 4.07 8.21 0.00
4.75 8.89 3.95 8.30 0.00
4.72 8.85 4.02 8.13 0.00
4.72 8.83 4.09 8.05 0.00
4.63 8.77 4.12 7.91 0.00
4.63 8.80 4.05 7.98 0.00
4.62 8.76 3.95 8.01 0.00
4.56 8.69 4.05 7.83 0.00
4.54 8.65 3.92 7.87 0.00
4.51 8.62 3.92 7.81 0.00
4.49 8.58 3.99 7.72 0.00
4.47 8.51 4.19 7.55 0.00
4.42 8.50 3.94 7.62 0.00
4.40 8.46 3.96 7.57 0.00
4.39 8.41 3.94 7.52 0.00
4.35 8.30 3.70 7.54 0.00
4.33 8.30 3.81 7.44 0.00
4.31 8.28 3.89 7.37 0.00
4.28 8.23 3.90 7.30 0.00
4.26 8.18 3.91 7.24 0.00
4.23 8.13 3.93 7.18 0.00
4.21 8.08 3.93 7.12 0.00
4.18 8.03 3.96 7.06 0.00
4.16 7.98 3.98 7.00 0.00
4.15 7.94 3.97 6.96 0.00
4.15 7.90 3.97 6.92 0.00
4.14 7.86 3.99 6.87 0.00
4.14 7.82 4.06 6.83 0.00
4.13 7.78 4.07 6.78 0.00
4.12 7.74 4.10 6.74 0.00
4.13 7.70 4.03 6.70 0.00
4.14 7.66 3.95 6.68 0.00
4.14 7.62 3.92 6.64 0.00
4.13 7.58 3.91 6.60 0.00
4.12 7.53 3.89 6.56 0.00
4.11 7.49 3.89 6.51 0.00
4.10 7.45 3.89 6.47 0.00
4.09 7.41 3.89 6.43 0.00
4.08 7.36 3.90 6.38 0.00
4.07 7.32 3.91 6.34 0.00
4.06 7.28 3.93 6.29 0.00
4.06 7.24 3.95 6.24 0.00
4.05 7.20 3.98 6.20 0.00
4.04 7.17 4.03 6.17 0.00
4.04 7.12 4.05 6.12 0.00
4.05 7.06 4.21 6.07 0.00
4.08 7.03 4.16 6.03 0.00
4.08 6.97 4.05 5.97 0.00
4.08 6.90 4.17 5.91 0.00
4.07 6.87 4.09 5.87 0.00
4.08 6.85 4.17 5.86 0.00
4.09 6.81 4.04 5.82 0.00
4.10 6.77 4.20 5.77 0.00
4.10 6.74 4.10 5.74 0.00
4.11 6.71 4.12 5.71 0.00
4.11 6.66 3.88 5.69 0.00
4.11 6.63 3.99 5.63 0.00
4.11 6.58 4.16 5.58 0.00
4.10 6.55 4.14 5.55 0.00
4.08 6.50 4.09 5.50 0.00
4.10 6.47 4.02 5.47 0.00
4.11 6.44 3.97 5.45 0.00
4.09 6.41 3.88 5.43 0.00
4.09 6.36 3.84 5.39 0.00
4.09 6.32 3.93 5.33 0.00
4.08 6.27 3.88 5.29 0.00
4.08 6.24 3.79 5.28 0.00
4.07 6.20 3.77 5.24 0.00
4.06 6.16 3.67 5.24 0.00
4.05 6.12 3.66 5.20 0.00
4.06 6.09 3.71 5.15 0.00
4.05 6.05 3.70 5.11 0.00
4.04 6.01 3.65 5.08 0.00
4.03 5.97 3.64 5.05 0.00
4.03 5.93 3.63 5.01 0.00
4.04 5.88 3.96 4.88 0.00
4.01 5.87 3.63 4.94 0.00
4.04 5.84 3.88 4.85 0.00
4.03 5.80 3.95 4.81 0.00
4.02 5.77 4.06 4.77 0.00
4.02 5.72 4.02 4.72 0.00
4.03 5.67 3.97 4.67 0.00
4.06 5.63 3.80 4.66 0.00
4.07 5.58 4.02 4.58 0.00
4.02 5.55 4.00 4.55 0.00
4.06 5.52 4.07 4.52 0.00
4.02 5.48 3.83 4.50 0.00
4.02 5.45 3.94 4.45 0.00
4.01 5.41 3.83 4.43 0.00
4.03 5.36 4.05 4.36 0.00
3.99 5.33 3.89 4.34 0.00
3.98 5.29 3.74 4.32 0.00
3.99 5.25 3.77 4.27 0.00
3.98 5.20 3.70 4.24 0.00
4.00 5.20 3.11 4.76 1.00
4.04 5.21 3.12 5.60 1.00
4.04 5.21 3.67 6.14 1.00
4.02 5.21 4.34 6.15 1.00
4.03 5.25 4.41 6.18 0.00
4.02 5.31 4.42 6.23 0.00
4.06 5.33 4.38 6.28 0.00
4.08 5.37 4.44 6.30 0.00
4.09 5.44 4.37 6.40 0.00
4.11 5.45 4.30 6.44 0.00
4.13 5.50 4.29 6.49 0.00
4.16 5.53 4.23 6.53 0.00
4.16 5.56 4.21 6.56 0.00
4.17 5.57 4.26 6.56 0.00
4.17 5.60 4.32 6.59 0.00
4.17 5.66 4.02 6.65 0.00
4.17 5.67 4.07 6.67 0.00
4.20 5.70 4.16 6.70 0.00
4.20 5.73 4.12 6.73 0.00
4.20 5.76 4.01 6.74 0.00
4.21 5.76 4.77 6.59 1.00
4.23 5.80 4.80 6.61 0.00
4.25 5.83 4.89 6.60 0.00
4.27 5.86 4.96 6.59 0.00
4.29 5.90 5.03 6.57 0.00
4.31 5.93 5.09 6.56 0.00
4.34 5.96 5.15 6.53 0.00
4.35 5.99 5.22 6.50 0.00
4.38 6.01 5.26 6.49 0.00
4.41 6.02 5.29 6.50 0.00
4.43 6.04 5.32 6.51 0.00
4.46 6.06 5.31 6.58 0.00
4.49 6.07 5.32 6.63 0.00
4.52 6.08 5.31 6.69 0.00
4.54 6.10 5.31 6.75 0.00
4.57 6.12 5.30 6.81 0.00
4.60 6.13 5.27 6.87 0.00
4.60 6.13 5.59 6.17 1.00
4.60 6.13 5.33 5.45 1.00
4.63 6.10 5.33 5.39 0.00
4.66 6.08 5.34 5.34 0.00
4.70 6.05 5.35 5.29 0.00
4.73 6.02 5.35 5.23 0.00
4.76 5.99 5.36 5.19 0.00
4.79 5.96 5.36 5.14 0.00
4.81 5.92 5.38 5.10 0.00
4.84 5.89 5.36 5.04 0.00
4.86 5.86 5.37 5.00 0.00
4.89 5.83 5.31 4.92 0.00
4.91 5.79 5.29 4.87 0.00
4.93 5.76 5.27 4.82 0.00
4.94 5.75 5.17 4.78 0.00
4.82 5.52 5.82 5.50 0.00
4.99 5.64 5.21 4.67 0.00
5.00 5.60 5.11 4.60 0.00
4.99 5.56 5.18 4.58 0.00
5.00 5.51 5.10 4.52 0.00
5.02 5.47 5.20 4.49 0.00
5.00 5.43 5.21 4.45 0.00
5.00 5.37 5.14 4.38 0.00
5.04 5.35 4.99 4.35 0.00
5.04 5.30 5.13 4.31 0.00
5.05 5.26 5.07 4.26 0.00
5.07 5.23 5.01 4.24 0.00
5.06 5.20 4.97 4.20 0.00
5.04 5.13 4.89 4.14 0.00
5.05 5.11 4.98 4.12 0.00
5.05 5.08 4.92 4.08 0.00
5.03 5.03 4.89 4.04 0.00
5.03 5.00 4.81 4.03 0.00
5.02 4.96 4.74 4.00 0.00
4.99 4.91 4.73 3.94 0.00
4.99 4.88 4.80 3.90 0.00
4.96 4.85 4.75 3.87 0.00
4.96 4.81 4.74 3.84 0.00
4.97 4.76 4.70 3.80 0.00
4.96 4.72 4.67 3.76 0.00
4.95 4.69 4.58 3.76 0.00
4.94 4.65 4.59 3.71 0.00
4.94 4.62 4.46 3.74 0.00
4.93 4.59 4.47 3.70 0.00
4.90 4.53 4.33 3.71 0.00
4.87 4.50 4.34 3.65 0.00
4.82 4.44 4.19 3.67 0.00
4.82 4.39 4.37 3.50 0.00
4.82 4.39 4.39 3.48 0.00
4.80 4.35 4.42 3.43 0.00
4.78 4.31 4.39 3.39 0.00
4.77 4.27 4.30 3.39 0.00
4.75 4.24 4.24 3.38 0.00
4.74 4.20 4.17 3.38 0.00
4.72 4.16 4.10 3.38 0.00
4.71 4.12 4.04 3.37 0.00
4.69 4.09 3.99 3.37 0.00
4.67 4.05 3.94 3.36 0.00
4.64 4.02 3.91 3.33 0.00
4.60 3.99 3.89 3.28 0.00
4.57 3.95 3.91 3.20 0.00
4.53 3.92 3.94 3.12 0.00
4.50 3.89 3.97 3.04 0.00
4.48 3.87 3.98 3.00 0.00
4.44 3.82 4.06 2.89 0.00
4.40 3.79 4.14 2.82 0.00
4.40 3.73 4.12 2.77 0.00
4.39 3.69 4.04 2.75 0.00
4.37 3.66 4.01 2.73 0.00
4.36 3.63 3.97 2.71 0.00
4.35 3.59 3.90 2.70 0.00
4.34 3.55 3.85 2.68 0.00
4.33 3.52 3.75 2.70 0.00
4.32 3.48 3.75 2.66 0.00
4.31 3.44 3.72 2.63 0.00
4.28 3.41 3.72 2.58 0.00
4.26 3.36 3.72 2.53 0.00
4.26 3.33 3.80 2.45 0.00
4.22 3.32 3.81 2.40 0.00
4.17 3.27 3.98 2.29 0.00
4.15 3.23 3.92 2.26 0.00
4.12 3.20 4.00 2.21 0.00
4.12 3.21 3.33 2.59 1.00
4.13 3.21 3.14 3.32 1.00
4.13 3.20 3.47 3.96 1.00
4.12 3.21 4.09 4.21 1.00
4.18 3.21 4.91 3.89 1.00
4.25 3.23 5.07 3.79 0.00
4.25 3.26 5.11 3.77 0.00
4.27 3.30 5.13 3.80 0.00
4.30 3.32 5.20 3.76 0.00
4.33 3.36 5.26 3.72 0.00
4.35 3.38 5.31 3.69 0.00
4.39 3.39 5.34 3.70 0.00
4.42 3.41 5.38 3.71 0.00
4.46 3.42 5.41 3.73 0.00
4.50 3.43 5.46 3.69 0.00
4.53 3.44 5.51 3.64 0.00
4.57 3.45 5.56 3.59 0.00
4.60 3.46 5.60 3.52 0.00
4.63 3.48 5.63 3.49 0.00
4.67 3.48 5.66 3.39 0.00
4.71 3.50 5.69 3.30 0.00
4.75 3.49 5.69 3.15 0.00
4.79 3.48 5.67 3.01 0.00
4.83 3.47 5.64 2.89 0.00
4.87 3.47 5.57 2.76 0.00
4.90 3.46 5.54 2.69 0.00
4.94 3.45 5.48 2.61 0.00
4.98 3.44 5.41 2.54 0.00
5.00 3.40 5.45 2.51 0.00
5.02 3.36 5.50 2.48 0.00
5.03 3.32 5.49 2.44 0.00
5.06 3.29 5.51 2.40 0.00
5.07 3.25 5.50 2.35 0.00
5.09 3.22 5.51 2.31 0.00
5.10 3.19 5.50 2.28 0.00
5.11 3.16 5.52 2.25 0.00
5.14 3.11 5.54 2.19 0.00
5.12 3.12 4.66 2.24 1.00
5.06 3.08 4.59 2.20 0.00
5.05 3.05 4.56 2.18 0.00
5.05 3.03 4.64 2.12 0.00
5.04 2.98 4.52 2.13 0.00
5.03 2.95 4.53 2.08 0.00
5.00 2.91 4.40 2.11 0.00
4.98 2.87 4.37 2.08 0.00
4.96 2.84 4.27 2.11 0.00
4.94 2.80 4.25 2.08 0.00
4.92 2.77 4.19 2.08 0.00
4.91 2.73 4.13 2.09 0.00
4.88 2.70 4.09 2.07 0.00
4.84 2.67 4.04 2.06 0.00
4.80 2.64 4.01 2.02 0.00
4.77 2.61 4.01 1.95 0.00
4.72 2.58 4.02 1.86 0.00
4.69 2.54 3.99 1.83 0.00
4.65 2.51 3.96 1.79 0.00
4.62 2.48 3.94 1.75 0.00
4.59 2.44 3.96 1.67 0.00
4.56 2.42 4.00 1.59 0.00
4.53 2.37 4.02 1.51 0.00
4.49 2.34 4.07 1.43 0.00
4.45 2.31 4.13 1.36 0.00
4.42 2.27 4.18 1.30 0.00
4.39 2.23 4.18 1.25 0.00
4.39 2.20 4.19 1.22 0.00
4.38 2.16 4.18 1.18 0.00
4.37 2.12 4.16 1.14 0.00
4.37 2.08 4.13 1.11 0.00
4.36 2.04 4.08 1.08 0.00
4.36 2.01 4.10 1.05 0.00
4.34 1.97 4.09 1.00 0.00
4.34 1.93 4.05 0.97 0.00
4.33 1.89 4.01 0.94 0.00
4.32 1.85 3.97 0.92 0.00
4.31 1.82 3.93 0.89 0.00
4.30 1.78 3.89 0.86 0.00
4.29 1.74 3.86 0.83 0.00
4.29 1.70 3.81 0.82 0.00
4.29 1.67 3.83 0.77 0.00
4.24 1.62 3.82 0.71 0.00
4.24 1.57 3.87 0.64 0.00
4.22 1.55 3.87 0.61 0.00
4.16 1.51 3.95 0.53 0.00
4.16 1.47 3.90 0.50 0.00
4.12 1.43 3.97 0.44 0.00
4.08 1.39 4.02 0.40 0.00
4.08 1.35 3.94 0.36 0.00
4.08 1.30 3.93 0.31 0.00
4.08 1.28 3.95 0.29 0.00
4.08 1.23 4.00 0.24 0.00
4.09 1.18 3.89 0.20 0.00
4.07 1.16 3.78 0.20 0.00
4.07 1.12 3.79 0.16 0.00
3.96 0.83 4.71 0.18 0.00
3.94 0.92 4.54 0.12 0.00
4.01 0.95 4.09 -0.05 0.00
4.04 0.78 4.18 -0.21 0.00
4.02 0.80 4.07 -0.19 0.00
3.91 0.85 3.90 -0.15 0.00
3.92 0.81 3.81 -0.19 0.00
3.94 0.78 3.85 -0.21 0.00
3.95 0.75 3.86 -0.25 0.00
3.95 0.75 3.18 0.10 1.00
3.95 0.75 2.95 0.83 1.00
3.95 0.75 3.30 1.51 1.00
3.95 0.75 4.03 1.74 1.00
3.95 0.75 4.71 1.39 1.00
3.98 0.77 4.76 1.39 0.00
3.95 0.79 4.78 1.34 0.00
3.98 0.79 4.73 1.46 0.00
4.07 0.85 4.98 1.26 0.00
4.13 0.86 5.10 1.10 0.00
4.14 0.87 5.11 1.08 0.00
4.15 0.91 5.14 1.07 0.00
4.17 0.95 5.15 1.13 0.00
4.29 0.94 5.21 1.32 0.00
4.34 0.96 5.32 1.17 0.00
4.35 0.96 5.33 1.15 0.00
4.35 0.96 5.35 1.01 0.00
4.38 0.95 5.38 0.95 0.00
4.41 0.96 5.41 0.91 0.00
4.44 0.96 5.44 0.89 0.00
4.47 0.96 5.47 0.87 0.00
4.51 0.96 5.50 0.82 0.00
4.55 0.96 5.53 0.72 0.00
4.60 0.95 5.53 0.60 0.00
4.63 0.95 5.53 0.50 0.00
4.67 0.94 5.52 0.41 0.00
4.71 0.94 5.50 0.32 0.00
4.74 0.93 5.61 0.44 0.00
4.77 0.90 5.58 0.32 0.00
4.77 0.89 5.56 0.28 0.00
4.83 0.86 5.53 0.15 0.00
4.84 0.82 5.64 0.22 0.00
4.84 0.82 5.59 0.16 0.00
4.88 0.77 5.48 -0.03 0.00
4.94 0.77 5.44 -0.10 0.00
4.95 0.70 5.48 -0.15 0.00
4.99 0.70 5.40 -0.21 0.00
5.02 0.67 5.37 -0.26 0.00
5.02 0.63 5.31 -0.32 0.00
5.07 0.60 5.31 -0.37 0.00
5.08 0.55 5.14 -0.45 0.00
5.14 0.48 5.24 -0.52 0.00
5.12 0.45 5.19 -0.55 0.00
5.12 0.43 5.22 -0.56 0.00
5.11 0.39 5.17 -0.60 0.00
5.11 0.35 5.18 -0.65 0.00
5.11 0.32 5.16 -0.68 0.00
5.12 0.27 5.19 -0.72 0.00
5.12 0.23 5.16 -0.77 0.00
5.12 0.19 5.19 -0.80 0.00
5.12 0.15 5.19 -0.84 0.00
5.13 0.11 5.19 -0.89 0.00
5.13 0.07 5.19 -0.93 0.00
5.14 0.03 5.15 -0.97 0.00
5.14 -0.01 5.13 -1.01 0.00
5.14 -0.05 5.11 -1.05 0.00
5.14 -0.09 5.08 -1.09 0.00
5.15 -0.13 5.08 -1.12 0.00
5.14 -0.17 5.07 -1.16 0.00
5.14 -0.21 5.06 -1.20 0.00
5.14 -0.25 5.05 -1.24 0.00
5.13 -0.29 5.05 -1.28 0.00
5.13 -0.33 5.03 -1.32 0.00
5.13 -0.37 5.03 -1.36 0.00
5.13 -0.40 5.00 -1.39 0.00
5.12 -0.45 5.01 -1.44 0.00
5.12 -0.48 5.00 -1.48 0.00
5.11 -0.52 5.00 -1.52 0.00
5.11 -0.56 4.99 -1.56 0.00
5.11 -0.60 4.93 -1.59 0.00
5.10 -0.64 4.89 -1.62 0.00
5.10 -0.69 4.81 -1.64 0.00
5.10 -0.72 4.78 -1.67 0.00
5.09 -0.77 4.70 -1.69 0.00
5.08 -0.81 4.65 -1.71 0.00
5.07 -0.85 4.60 -1.74 0.00
5.05 -0.89 4.57 -1.76 0.00
5.04 -0.93 4.53 -1.79 0.00
5.02 -0.97 4.49 -1.82 0.00
4.99 -1.01 4.44 -1.85 0.00
4.97 -1.05 4.40 -1.87 0.00
4.95 -1.09 4.34 -1.89 0.00
4.92 -1.12 4.30 -1.90 0.00
4.90 -1.17 4.23 -1.91 0.00
4.87 -1.21 4.19 -1.94 0.00
4.85 -1.24 4.16 -1.96 0.00
4.81 -1.27 4.15 -2.02 0.00
4.78 -1.29 4.13 -2.04 0.00
4.76 -1.34 4.03 -2.02 0.00
4.73 -1.37 3.97 -2.02 0.00
4.70 -1.40 3.90 -2.00 0.00
4.68 -1.43 3.85 -1.98 0.00
4.64 -1.46 3.79 -1.98 0.00
4.62 -1.49 3.74 -1.97 0.00
4.58 -1.52 3.69 -1.98 0.00
4.54 -1.54 3.65 -2.00 0.00
4.51 -1.55 3.61 -2.00 0.00
4.45 -1.59 3.57 -2.05 0.00
4.40 -1.61 3.53 -2.09 0.00
4.36 -1.63 3.49 -2.12 0.00
4.32 -1.66 3.45 -2.16 0.00
4.29 -1.66 3.43 -2.17 0.00
4.24 -1.69 3.38 -2.21 0.00
4.20 -1.71 3.35 -2.23 0.00
4.16 -1.73 3.31 -2.25 0.00
4.13 -1.76 3.26 -2.26 0.00
4.10 -1.78 3.24 -2.29 0.00
4.05 -1.80 3.17 -2.29 0.00
4.01 -1.83 3.13 -2.30 0.00
3.97 -1.85 3.08 -2.30 0.00
3.94 -1.87 3.04 -2.32 0.00
3.90 -1.88 3.01 -2.33 0.00
3.86 -1.91 2.99 -2.39 0.00
3.81 -1.94 2.91 -2.38 0.00
3.77 -1.97 2.86 -2.37 0.00
3.74 -2.01 2.80 -2.33 0.00
3.71 -2.01 2.77 -2.35 0.00
3.70 -2.04 2.76 -2.37 0.00
3.65 -2.06 2.65 -2.10 0.00
3.60 -2.07 2.64 -2.34 0.00
3.58 -2.08 2.59 -2.23 0.00
3.46 -2.08 2.46 -2.13 0.00
3.45 -2.10 2.46 -2.23 0.00
3.40 -2.11 2.44 -1.86 0.00
3.40 -2.11 2.45 -2.39 0.00
3.33 -2.05 2.33 -2.13 0.00
3.32 -2.13 2.34 -2.32 0.00
3.28 -2.13 2.29 -2.29 0.00
3.22 -2.13 2.22 -2.13 0.00
3.19 -2.15 2.20 -2.25 0.00
3.16 -2.17 2.16 -2.22 0.00
3.14 -2.15 2.15 -2.33 0.00
3.08 -2.16 2.09 -2.27 0.00
3.07 -2.16 2.10 -2.41 0.00
3.00 -2.17 2.01 -2.28 0.00
2.96 -2.17 1.96 -2.20 0.00
2.92 -2.18 1.92 -2.19 0.00
2.91 -2.18 1.91 -2.12 0.00
2.83 -2.19 1.83 -2.24 0.00
2.77 -2.20 1.84 -2.56 0.00
2.76 -2.21 1.77 -2.33 0.00
2.71 -2.20 1.72 -2.33 0.00
2.68 -2.21 1.69 -2.29 0.00
2.65 -2.21 1.65 -2.29 0.00
2.60 -2.21 1.60 -2.29 0.00
2.56 -2.22 1.56 -2.29 0.00
2.52 -2.22 1.52 -2.29 0.00
2.48 -2.23 1.48 -2.30 0.00
2.44 -2.23 1.44 -2.30 0.00
2.40 -2.21 1.42 -2.38 0.00
2.36 -2.22 1.38 -2.39 0.00
2.32 -2.22 1.34 -2.40 0.00
2.29 -2.23 1.31 -2.41 0.00
2.24 -2.24 1.26 -2.40 0.00
2.20 -2.24 1.22 -2.40 0.00
2.16 -2.25 1.18 -2.40 0.00
2.13 -2.26 1.14 -2.40 0.00
2.08 -2.27 1.09 -2.41 0.00
