2.00 -8.60 2.07 -9.60 0.00
2.01 -8.64 2.06 -9.64 0.00
2.01 -8.68 2.05 -9.68 0.00
2.01 -8.72 1.97 -9.72 0.00
2.01 -8.76 1.86 -9.75 0.00
2.02 -8.80 1.75 -9.77 0.00
2.02 -8.84 1.64 -9.77 0.00
2.02 -8.88 1.56 -9.77 0.00
2.02 -8.92 1.48 -9.77 0.00
2.02 -8.97 1.42 -9.76 0.00
2.00 -9.00 1.38 -9.79 0.00
1.97 -9.04 1.36 -9.83 0.00
1.94 -9.07 1.31 -9.85 0.00
1.91 -9.11 1.24 -9.85 0.00
1.88 -9.14 1.16 -9.83 0.00
1.86 -9.18 1.08 -9.81 0.00
1.83 -9.22 1.01 -9.79 0.00
1.80 -9.24 0.93 -9.74 0.00
1.77 -9.26 0.88 -9.72 0.00
1.74 -9.28 0.83 -9.70 0.00
1.71 -9.30 0.78 -9.68 0.00
1.67 -9.32 0.73 -9.65 0.00
1.66 -9.34 0.75 -9.77 0.00
1.62 -9.35 0.66 -9.63 0.00
1.62 -9.35 0.63 -9.53 0.00
1.55 -9.36 0.61 -9.68 0.00
1.58 -9.35 0.65 -8.98 0.00
1.45 -9.41 0.46 -9.59 0.00
1.41 -9.42 0.43 -9.60 0.00
1.36 -9.42 0.39 -9.66 0.00
1.34 -9.44 0.35 -9.60 0.00
1.30 -9.46 0.31 -9.61 0.00
1.26 -9.48 0.26 -9.52 0.00
1.25 -9.52 0.33 -9.14 0.00
1.17 -9.55 0.18 -9.65 0.00
1.15 -9.52 0.15 -9.59 0.00
1.11 -9.50 0.11 -9.53 0.00
1.07 -9.54 0.07 -9.52 0.00
1.03 -9.50 0.04 -9.33 0.00
1.02 -9.55 0.05 -9.30 0.00
0.94 -9.53 -0.05 -9.40 0.00
0.91 -9.47 -0.03 -9.14 0.00
0.87 -9.47 -0.08 -9.15 0.00
0.82 -9.44 -0.16 -9.28 0.00
0.79 -9.44 -0.20 -9.26 0.00
0.76 -9.41 -0.19 -9.13 0.00
0.78 -9.36 0.04 -8.69 0.00
0.71 -9.36 -0.21 -8.98 0.00
0.70 -9.39 -0.05 -8.72 0.00
0.67 -9.35 -0.15 -8.77 0.00
0.63 -9.31 -0.22 -8.79 0.00
0.60 -9.27 -0.30 -8.82 0.00
0.57 -9.21 -0.39 -8.91 0.00
0.49 -9.17 -0.49 -9.00 0.00
0.50 -9.20 -0.43 -8.83 0.00
0.47 -9.20 -0.47 -8.88 0.00
0.39 -9.12 -0.46 -8.59 0.00
0.18 -9.16 -0.70 -8.69 0.00
0.39 -9.04 -0.09 -8.16 0.00
0.40 -8.99 -0.22 -8.21 0.00
0.23 -9.10 -0.65 -8.64 0.00
0.28 -9.12 0.12 -8.13 0.00
0.18 -9.08 -0.75 -8.71 0.00
0.14 -9.07 -0.79 -8.70 0.00
0.10 -9.05 -0.81 -8.65 0.00
0.06 -9.04 -0.85 -8.62 0.00
0.02 -9.02 -0.89 -8.59 0.00
-0.03 -9.00 -0.93 -8.56 0.00
-0.07 -8.98 -0.97 -8.54 0.00
-0.11 -8.96 -1.00 -8.49 0.00
-0.16 -8.94 -1.01 -8.42 0.00
-0.20 -8.92 -1.02 -8.35 0.00
-0.24 -8.90 -1.02 -8.27 0.00
-0.28 -8.88 -1.01 -8.20 0.00
-0.32 -8.86 -1.00 -8.14 0.00
-0.35 -8.84 -0.99 -8.07 0.00
-0.39 -8.82 -0.98 -8.01 0.00
-0.41 -8.78 -1.00 -7.97 0.00
-0.44 -8.75 -1.02 -7.94 0.00
-0.46 -8.72 -1.02 -7.89 0.00
-0.47 -8.69 -1.03 -7.86 0.00
-0.46 -8.67 -0.93 -7.79 0.00
-0.49 -8.65 -0.91 -7.75 0.00
-0.57 -8.64 -0.64 -7.64 0.00
-0.59 -8.56 -0.80 -7.58 0.00
-0.60 -8.51 -0.87 -7.55 0.00
-0.62 -8.47 -1.04 -7.57 0.00
-0.62 -8.43 -1.00 -7.50 0.00
-0.63 -8.41 -0.87 -7.44 0.00
-0.67 -8.39 -1.13 -7.50 0.00
-0.71 -8.35 -0.97 -7.38 0.00
-0.69 -8.31 -0.87 -7.33 0.00
-0.72 -8.23 -1.14 -7.33 0.00
-0.69 -8.22 -0.98 -7.27 0.00
-0.70 -8.18 -0.97 -7.22 0.00
-0.69 -8.13 -0.81 -7.14 0.00
-0.71 -8.08 -0.95 -7.11 0.00
-0.70 -8.02 -0.98 -7.06 0.00
-0.72 -7.96 -1.08 -7.03 0.00
-0.74 -7.95 -0.98 -6.98 0.00
-0.75 -7.92 -0.98 -6.94 0.00
-0.77 -7.88 -1.01 -6.91 0.00
-0.78 -7.83 -1.02 -6.86 0.00
-0.79 -7.79 -0.97 -6.80 0.00
-0.79 -7.76 -0.88 -6.76 0.00
-0.82 -7.70 -1.07 -6.73 0.00
-0.88 -7.61 -1.35 -6.73 0.00
-0.89 -7.58 -1.29 -6.66 0.00
-0.85 -7.56 -0.84 -6.56 0.00
-0.86 -7.54 -0.94 -6.54 0.00
-0.84 -7.50 -0.83 -6.50 0.00
-0.84 -7.47 -0.83 -6.47 0.00
-0.84 -7.43 -0.82 -6.43 0.00
-0.83 -7.39 -0.86 -6.39 0.00
-0.83 -7.36 -0.89 -6.36 0.00
-0.83 -7.34 -0.97 -6.35 0.00
-0.83 -7.30 -0.91 -6.31 0.00
-0.79 -7.28 -0.96 -6.29 0.00
-0.85 -7.21 -0.87 -6.21 0.00
-0.83 -7.14 -1.01 -6.16 0.00
-0.85 -7.11 -1.02 -6.12 0.00
-0.85 -7.07 -0.90 -6.08 0.00
-0.85 -7.02 -0.89 -6.02 0.00
-0.92 -6.88 -1.25 -5.94 0.00
-0.89 -6.86 -0.93 -5.86 0.00
-0.89 -6.89 -0.81 -5.89 0.00
-0.87 -6.86 -0.81 -5.86 0.00
-0.87 -6.82 -0.79 -5.83 0.00
-0.87 -6.78 -0.78 -5.79 0.00
-0.87 -6.74 -0.80 -5.75 0.00
-0.88 -6.70 -0.80 -5.70 0.00
-0.88 -6.66 -0.81 -5.66 0.00
-0.89 -6.61 -0.82 -5.62 0.00
-0.89 -6.57 -0.81 -5.58 0.00
-0.88 -6.53 -0.80 -5.53 0.00
-0.87 -6.49 -0.79 -5.49 0.00
-0.88 -6.46 -0.81 -5.47 0.00
-0.90 -6.41 -0.90 -5.41 0.00
-0.91 -6.37 -0.80 -5.38 0.00
-0.91 -6.33 -0.77 -5.34 0.00
-0.91 -6.28 -0.75 -5.30 0.00
-0.91 -6.24 -0.74 -5.25 0.00
-0.90 -6.19 -0.72 -5.21 0.00
-0.90 -6.18 -0.72 -5.20 0.00
-0.84 -6.15 -0.67 -5.17 0.00
-0.84 -6.12 -0.71 -5.13 0.00
-0.88 -6.11 -0.84 -5.11 0.00
-0.83 -6.04 -0.69 -5.05 0.00
-0.83 -6.00 -0.58 -5.03 0.00
-0.81 -5.96 -0.63 -4.98 0.00
-0.82 -5.92 -0.59 -4.95 0.00
-0.83 -5.90 -0.46 -4.97 0.00
-0.80 -5.84 -0.51 -4.88 0.00
-0.78 -5.74 -0.48 -4.79 0.00
-0.78 -5.71 -0.53 -4.74 0.00
-0.78 -5.69 -0.59 -4.71 0.00
-0.76 -5.67 -0.49 -4.71 0.00
-0.75 -5.64 -0.45 -4.68 0.00
-0.73 -5.60 -0.46 -4.64 0.00
-0.72 -5.56 -0.51 -4.58 0.00
-0.71 -5.52 -0.58 -4.53 0.00
-0.71 -5.48 -0.63 -4.48 0.00
-0.70 -5.44 -0.62 -4.45 0.00
-0.69 -5.44 -0.46 -4.46 0.00
-0.66 -5.38 -0.65 -4.38 0.00
-0.64 -5.33 -0.75 -4.33 0.00
-0.62 -5.28 -0.91 -4.32 0.00
-0.68 -5.24 -0.67 -4.24 0.00
-0.67 -5.21 -0.66 -4.21 0.00
-0.67 -5.15 -0.76 -4.16 0.00
-0.70 -5.11 -0.68 -4.11 0.00
-0.68 -5.09 -0.71 -4.09 0.00
-0.69 -5.04 -0.67 -4.04 0.00
-0.71 -5.00 -0.83 -4.01 0.00
-0.69 -4.95 -0.77 -3.96 0.00
-0.69 -4.92 -0.61 -3.93 0.00
-0.68 -4.87 -0.54 -3.88 0.00
-0.68 -4.83 -0.52 -3.84 0.00
-0.69 -4.79 -0.51 -3.81 0.00
-0.68 -4.75 -0.59 -3.76 0.00
-0.66 -4.72 -0.46 -3.74 0.00
-0.66 -4.66 -0.45 -3.68 0.00
-0.65 -4.62 -0.46 -3.63 0.00
-0.65 -4.58 -0.40 -3.61 0.00
-0.64 -4.54 -0.29 -3.61 0.00
-0.65 -4.52 -0.34 -3.56 0.00
-0.61 -4.45 -0.50 -3.46 0.00
-0.60 -4.42 -0.54 -3.42 0.00
-0.59 -4.38 -0.55 -3.38 0.00
-0.60 -4.35 -0.48 -3.35 0.00
-0.57 -4.31 -0.30 -3.35 0.00
-0.57 -4.29 -0.27 -3.33 0.00
-0.56 -4.23 -0.23 -3.29 0.00
-0.48 -4.22 0.00 -3.35 0.00
-0.49 -4.12 -0.58 -3.13 0.00
-0.47 -4.11 -0.54 -3.11 0.00
-0.48 -4.08 -0.32 -3.09 0.00
-0.47 -4.04 -0.46 -3.04 0.00
-0.47 -4.00 -0.52 -3.00 0.00
-0.46 -3.98 -0.47 -2.98 0.00
-0.46 -3.93 -0.46 -2.93 0.00
-0.46 -3.89 -0.51 -2.89 0.00
-0.46 -3.84 -0.33 -2.85 0.00
-0.46 -3.81 -0.51 -2.82 0.00
-0.46 -3.78 -0.41 -2.78 0.00
-0.46 -3.72 -0.53 -2.72 0.00
-0.45 -3.67 -0.61 -2.68 0.00
-0.44 -3.64 -0.52 -2.65 0.00
-0.46 -3.61 -0.43 -2.61 0.00
-0.44 -3.57 -0.49 -2.57 0.00
-0.44 -3.53 -0.55 -2.53 0.00
-0.43 -3.49 -0.56 -2.50 0.00
-0.43 -3.45 -0.57 -2.46 0.00
-0.42 -3.41 -0.68 -2.44 0.00
-0.43 -3.36 -0.78 -2.43 0.00
-0.43 -3.32 -0.81 -2.40 0.00
-0.43 -3.29 -0.72 -2.33 0.00
-0.43 -3.24 -0.78 -2.30 0.00
-0.45 -3.21 -0.75 -2.26 0.00
-0.48 -3.18 -0.79 -2.23 0.00
-0.48 -3.14 -0.79 -2.19 0.00
-0.48 -3.11 -0.79 -2.17 0.00
-0.50 -3.05 -0.94 -2.15 0.00
-0.55 -3.03 -0.89 -2.10 0.00
-0.57 -2.98 -0.92 -2.04 0.00
-0.57 -2.94 -1.04 -2.06 0.00
-0.60 -2.91 -1.07 -2.02 0.00
-0.60 -2.87 -1.05 -1.97 0.00
-0.63 -2.83 -1.05 -1.92 0.00
-0.64 -2.80 -1.10 -1.91 0.00
-0.67 -2.76 -1.24 -1.94 0.00
-0.69 -2.73 -1.27 -1.92 0.00
-0.71 -2.68 -1.24 -1.83 0.00
-0.72 -2.65 -1.18 -1.76 0.00
-0.73 -2.61 -1.16 -1.71 0.00
-0.75 -2.55 -1.17 -1.64 0.00
-0.80 -2.51 -1.12 -1.57 0.00
-0.80 -2.47 -0.91 -1.47 0.00
-0.82 -2.41 -0.96 -1.42 0.00
-0.86 -2.39 -0.95 -1.40 0.00
-0.91 -2.24 -0.66 -1.27 0.00
-0.90 -2.20 -0.61 -1.24 0.00
-0.92 -2.16 -0.57 -1.22 0.00
-0.92 -2.11 -0.56 -1.18 0.00
-0.88 -2.06 -0.46 -1.15 0.00
-0.86 -2.05 -0.55 -1.10 0.00
-0.86 -1.98 -0.31 -1.14 0.00
-0.83 -1.94 -0.38 -1.05 0.00
-0.81 -1.92 -0.29 -1.06 0.00
-0.81 -1.88 -0.24 -1.05 0.00
-0.78 -1.83 -0.19 -1.02 0.00
-0.75 -1.79 -0.09 -1.04 0.00
-0.74 -1.75 -0.12 -0.96 0.00
-0.71 -1.73 -0.17 -0.89 0.00
-0.68 -1.68 -0.13 -0.85 0.00
-0.68 -1.65 -0.21 -0.77 0.00
-0.65 -1.62 -0.14 -0.76 0.00
-0.65 -1.63 0.32 -1.37 1.00
-0.60 -1.63 0.38 -1.42 0.00
-0.55 -1.61 0.43 -1.43 0.00
-0.49 -1.56 0.51 -1.49 0.00
-0.47 -1.58 0.53 -1.47 0.00
-0.43 -1.56 0.54 -1.33 0.00
-0.41 -1.54 0.50 -1.12 0.00
-0.34 -1.52 0.54 -1.04 0.00
-0.33 -1.52 0.64 -1.26 0.00
-0.27 -1.54 0.71 -1.37 0.00
-0.22 -1.53 0.75 -1.29 0.00
-0.21 -1.54 0.73 -1.20 0.00
-0.18 -1.56 0.71 -1.10 0.00
-0.15 -1.54 0.70 -1.01 0.00
-0.11 -1.55 0.73 -1.00 0.00
-0.07 -1.55 0.78 -1.02 0.00
-0.03 -1.53 0.74 -0.90 0.00
-0.05 -1.57 0.88 -1.94 1.00
-0.01 -1.58 0.91 -1.96 0.00
0.02 -1.60 0.96 -1.95 0.00
0.05 -1.62 0.97 -2.02 0.00
0.09 -1.63 1.00 -2.05 0.00
0.12 -1.64 1.04 -2.03 0.00
0.16 -1.66 1.06 -2.10 0.00
0.19 -1.67 1.09 -2.10 0.00
0.23 -1.69 1.13 -2.11 0.00
0.26 -1.70 1.20 -2.05 0.00
0.29 -1.71 1.27 -1.92 0.00
0.33 -1.73 1.32 -1.83 0.00
0.36 -1.75 1.36 -1.72 0.00
0.40 -1.76 1.39 -1.62 0.00
0.43 -1.78 1.40 -1.53 0.00
0.46 -1.79 1.40 -1.46 0.00
0.50 -1.79 1.44 -1.45 0.00
0.53 -1.75 1.50 -1.52 0.00
0.56 -1.74 1.54 -1.52 0.00
0.60 -1.73 1.58 -1.51 0.00
0.64 -1.72 1.61 -1.50 0.00
0.68 -1.71 1.65 -1.47 0.00
0.72 -1.71 1.69 -1.47 0.00
0.76 -1.70 1.72 -1.45 0.00
0.80 -1.68 1.77 -1.47 0.00
0.84 -1.69 1.79 -1.38 0.00
0.87 -1.68 1.83 -1.39 0.00
0.91 -1.67 1.87 -1.39 0.00
0.95 -1.65 1.90 -1.35 0.00
0.98 -1.64 1.93 -1.34 0.00
1.02 -1.62 1.96 -1.30 0.00
1.06 -1.62 2.01 -1.30 0.00
1.12 -1.60 2.07 -1.30 0.00
1.17 -1.58 2.14 -1.33 0.00
1.19 -1.58 2.15 -1.30 0.00
1.23 -1.57 2.19 -1.29 0.00
1.26 -1.56 2.23 -1.29 0.00
1.30 -1.54 2.26 -1.25 0.00
1.34 -1.53 2.30 -1.24 0.00
1.38 -1.51 2.33 -1.21 0.00
1.41 -1.50 2.36 -1.18 0.00
1.47 -1.49 2.41 -1.16 0.00
1.50 -1.49 2.44 -1.17 0.00
1.54 -1.48 2.48 -1.14 0.00
1.58 -1.48 2.52 -1.14 0.00
1.63 -1.46 2.57 -1.13 0.00
1.67 -1.43 2.63 -1.14 0.00
1.67 -1.43 2.60 -1.06 0.00
1.75 -1.42 2.70 -1.10 0.00
1.78 -1.41 2.68 -0.98 0.00
1.82 -1.39 2.78 -1.09 0.00
1.87 -1.39 2.84 -1.13 0.00
1.90 -1.39 2.83 -1.02 0.00
1.93 -1.36 2.87 -1.01 0.00
1.97 -1.34 2.94 -1.08 0.00
1.99 -1.35 2.98 -1.18 0.00
2.06 -1.33 3.02 -1.05 0.00
2.07 -1.30 2.98 -0.90 0.00
2.12 -1.28 3.03 -0.86 0.00
2.16 -1.27 3.04 -0.80 0.00
2.20 -1.26 3.02 -0.70 0.00
2.24 -1.23 3.11 -0.74 0.00
2.27 -1.22 3.10 -0.67 0.00
2.33 -1.20 3.13 -0.60 0.00
2.34 -1.19 3.05 -0.48 0.00
2.37 -1.17 3.05 -0.44 0.00
2.41 -1.13 3.07 -0.39 0.00
2.47 -1.12 3.12 -0.36 0.00
2.48 -1.08 3.11 -0.30 0.00
2.49 -1.04 3.10 -0.25 0.00
2.52 -1.02 3.13 -0.24 0.00
2.54 -0.99 3.10 -0.16 0.00
2.57 -0.96 3.08 -0.10 0.00
2.59 -0.93 3.03 -0.03 0.00
2.62 -0.89 3.00 0.03 0.00
2.64 -0.86 2.95 0.10 0.00
2.67 -0.82 2.89 0.15 0.00
2.69 -0.79 2.85 0.20 0.00
2.70 -0.75 2.82 0.24 0.00
2.71 -0.71 2.80 0.29 0.00
2.72 -0.67 2.78 0.33 0.00
2.72 -0.63 2.75 0.37 0.00
2.72 -0.59 2.76 0.41 0.00
2.73 -0.55 2.74 0.45 0.00
2.73 -0.50 2.68 0.50 0.00
2.73 -0.47 2.68 0.53 0.00
2.73 -0.43 2.69 0.57 0.00
2.74 -0.39 2.62 0.61 0.00
2.74 -0.35 2.59 0.64 0.00
2.73 -0.31 2.53 0.67 0.00
2.73 -0.27 2.48 0.70 0.00
2.73 -0.23 2.41 0.72 0.00
2.72 -0.18 2.34 0.74 0.00
2.71 -0.14 2.29 0.76 0.00
2.71 -0.10 2.23 0.78 0.00
2.69 -0.06 2.18 0.80 0.00
2.68 -0.02 2.15 0.82 0.00
2.65 0.02 2.13 0.86 0.00
2.63 0.06 2.11 0.91 0.00
2.61 0.10 2.08 0.94 0.00
2.58 0.14 2.08 1.00 0.00
2.56 0.17 2.11 1.07 0.00
2.53 0.21 2.14 1.14 0.00
2.51 0.25 2.20 1.21 0.00
2.48 0.29 2.25 1.27 0.00
2.46 0.34 2.26 1.32 0.00
2.43 0.38 2.37 1.38 0.00
2.42 0.41 2.40 1.41 0.00
2.42 0.45 2.39 1.45 0.00
2.43 0.51 2.42 1.51 0.00
2.42 0.53 2.38 1.53 0.00
2.41 0.57 2.39 1.57 0.00
2.42 0.61 2.39 1.61 0.00
2.42 0.65 2.26 1.63 0.00
2.41 0.69 2.18 1.66 0.00
2.42 0.73 2.12 1.69 0.00
2.41 0.77 2.00 1.68 0.00
2.41 0.81 1.94 1.69 0.00
2.41 0.85 1.89 1.70 0.00
2.41 0.88 1.89 1.74 0.00
2.37 0.93 1.82 1.77 0.00
2.35 0.97 1.80 1.81 0.00
2.32 0.99 1.84 1.86 0.00
2.31 1.06 1.78 1.91 0.00
2.28 1.12 1.79 1.99 0.00
2.27 1.15 1.83 2.05 0.00
2.22 1.17 1.81 2.09 0.00
2.20 1.19 2.07 2.18 0.00
2.16 1.29 1.68 2.18 0.00
2.15 1.30 2.44 2.25 1.00
2.17 1.34 2.40 2.32 0.00
2.17 1.37 2.32 2.36 0.00
2.19 1.42 2.21 2.42 0.00
2.20 1.47 2.20 2.47 0.00
2.21 1.52 2.02 2.50 0.00
2.23 1.53 2.04 2.51 0.00
2.23 1.55 2.06 2.53 0.00
2.25 1.59 2.08 2.57 0.00
2.22 1.68 1.88 2.62 0.00
2.21 1.70 1.88 2.65 0.00
2.19 1.74 1.93 2.70 0.00
2.17 1.77 1.83 2.71 0.00
2.20 1.82 1.80 2.74 0.00
2.15 1.87 1.66 2.74 0.00
2.16 1.92 1.70 2.81 0.00
2.14 1.95 1.61 2.80 0.00
2.13 2.00 1.53 2.80 0.00
2.11 2.04 1.44 2.78 0.00
2.09 2.08 1.31 2.71 0.00
2.09 2.12 1.35 2.79 0.00
2.06 2.15 1.28 2.78 0.00
1.98 2.21 1.63 3.15 0.00
1.99 2.23 1.35 3.00 0.00
1.85 2.16 0.85 2.12 0.00
1.83 2.24 0.88 2.56 0.00
1.78 2.26 1.04 2.93 0.00
1.81 2.22 1.04 2.85 0.00
1.73 2.30 1.14 3.11 0.00
1.78 2.46 0.92 2.97 0.00
1.71 2.41 0.87 2.94 0.00
1.67 2.46 0.84 3.02 0.00
1.65 2.46 0.80 2.99 0.00
1.66 2.46 1.56 3.46 1.00
1.66 2.51 1.49 3.49 0.00
1.65 2.56 1.75 3.55 0.00
1.64 2.56 1.61 3.56 0.00
1.66 2.62 1.67 3.62 0.00
1.67 2.64 1.88 3.62 0.00
1.67 2.78 1.66 3.78 0.00
1.63 2.77 1.53 3.77 0.00
1.63 2.78 1.53 3.77 0.00
1.63 2.82 1.53 3.81 0.00
1.62 2.86 1.52 3.85 0.00
1.62 2.90 1.52 3.89 0.00
1.62 2.94 1.52 3.93 0.00
1.61 2.98 1.52 3.97 0.00
1.61 3.02 1.52 4.01 0.00
1.60 3.06 1.52 4.05 0.00
1.60 3.10 1.52 4.09 0.00
1.60 3.14 1.49 4.13 0.00
1.60 3.18 1.47 4.17 0.00
1.59 3.22 1.45 4.20 0.00
1.59 3.26 1.44 4.24 0.00
1.59 3.30 1.43 4.28 0.00
1.58 3.34 1.43 4.33 0.00
1.57 3.38 1.43 4.37 0.00
1.57 3.42 1.43 4.41 0.00
1.56 3.46 1.43 4.45 0.00
1.55 3.50 1.43 4.49 0.00
1.55 3.54 1.43 4.53 0.00
1.54 3.58 1.44 4.57 0.00
1.54 3.62 1.44 4.61 0.00
1.53 3.64 1.46 4.64 0.00
1.54 3.64 1.42 4.63 0.00
1.54 3.74 1.35 4.73 0.00
1.55 3.77 1.26 4.73 0.00
1.52 3.80 1.24 4.76 0.00
1.52 3.86 1.30 4.83 0.00
1.51 3.90 1.39 4.89 0.00
1.50 3.94 1.29 4.91 0.00
1.48 3.98 1.22 4.95 0.00
1.51 4.03 1.33 5.01 0.00
1.47 4.06 1.19 5.02 0.00
1.46 4.10 1.17 5.05 0.00
1.45 4.16 1.13 5.11 0.00
1.44 4.18 1.13 5.13 0.00
1.43 4.21 1.13 5.17 0.00
1.41 4.25 1.07 5.19 0.00
1.40 4.29 1.03 5.22 0.00
1.39 4.34 0.99 5.26 0.00
1.38 4.38 0.97 5.29 0.00
1.37 4.43 0.93 5.33 0.00
1.36 4.46 0.91 5.35 0.00
1.33 4.50 0.89 5.40 0.00
1.35 4.54 0.88 5.42 0.00
1.31 4.60 0.93 5.53 0.00
1.29 4.64 0.81 5.51 0.00
1.26 4.65 0.81 5.55 0.00
1.24 4.69 0.78 5.58 0.00
1.22 4.73 0.76 5.61 0.00
1.20 4.77 0.73 5.65 0.00
1.19 4.80 0.70 5.68 0.00
1.16 4.84 0.68 5.72 0.00
1.14 4.88 0.65 5.75 0.00
1.12 4.92 0.63 5.78 0.00
1.10 4.96 0.60 5.82 0.00
1.09 5.00 0.63 5.89 0.00
1.08 5.05 0.55 5.89 0.00
1.06 5.09 0.50 5.91 0.00
1.04 5.12 0.47 5.94 0.00
1.02 5.16 0.43 5.97 0.00
0.99 5.20 0.40 6.00 0.00
0.97 5.23 0.37 6.03 0.00
0.96 5.27 0.33 6.05 0.00
0.92 5.30 0.30 6.09 0.00
0.89 5.34 0.26 6.11 0.00
0.87 5.37 0.23 6.14 0.00
0.84 5.41 0.19 6.17 0.00
0.82 5.44 0.16 6.19 0.00
0.79 5.47 0.13 6.22 0.00
0.76 5.50 0.10 6.25 0.00
0.74 5.53 0.08 6.29 0.00
0.72 5.56 0.10 6.35 0.00
0.72 5.56 0.83 6.56 1.00
0.72 5.56 1.50 6.18 1.00
0.75 5.59 1.53 6.21 0.00
0.78 5.61 1.55 6.25 0.00
0.81 5.64 1.57 6.29 0.00
0.85 5.66 1.59 6.33 0.00
0.87 5.68 1.61 6.36 0.00
0.90 5.71 1.63 6.40 0.00
0.93 5.73 1.64 6.43 0.00
0.96 5.76 1.65 6.48 0.00
0.99 5.79 1.67 6.52 0.00
1.01 5.81 1.69 6.55 0.00
1.04 5.83 1.69 6.60 0.00
1.08 5.85 1.66 6.66 0.00
1.09 5.90 1.68 6.71 0.00
1.12 5.89 1.60 6.77 0.00
1.14 5.95 1.58 6.85 0.00
1.18 5.95 1.52 6.89 0.00
1.25 5.91 1.90 6.67 1.00
1.25 5.91 2.25 6.01 1.00
1.29 5.89 2.29 5.94 0.00
1.35 5.92 2.35 5.93 0.00
1.37 5.90 2.37 5.88 0.00
1.41 5.92 2.41 5.98 0.00
1.45 5.89 2.45 5.90 0.00
1.49 5.89 2.48 5.98 0.00
1.53 5.94 2.53 6.04 0.00
1.55 5.91 2.55 5.96 0.00
1.58 5.93 2.58 6.02 0.00
1.62 5.91 2.62 6.01 0.00
1.64 5.91 2.63 6.03 0.00
1.71 5.92 2.68 6.14 0.00
1.73 5.94 2.66 6.29 0.00
1.76 5.94 2.62 6.46 0.00
1.79 5.93 2.61 6.50 0.00
1.82 5.93 2.55 6.61 0.00
1.85 5.94 2.43 6.76 0.00
1.88 5.98 2.40 6.83 0.00
1.92 6.01 2.29 6.94 0.00
1.96 6.04 2.28 6.99 0.00
1.99 6.08 2.12 7.07 0.00
2.01 6.09 2.16 7.08 0.00
2.03 6.14 2.19 7.13 0.00
2.03 6.18 2.13 7.17 0.00
2.04 6.22 2.13 7.21 0.00
2.04 6.27 2.12 7.26 0.00
2.03 6.32 2.05 7.32 0.00
2.04 6.38 1.97 7.38 0.00
2.03 6.41 1.76 7.37 0.00
2.01 6.44 1.68 7.38 0.00
2.04 6.49 1.77 7.45 0.00
1.98 6.55 1.57 7.47 0.00
1.98 6.53 2.30 7.48 1.00
1.98 6.56 2.24 7.53 0.00
2.03 6.62 2.39 7.56 0.00
2.03 6.66 2.26 7.63 0.00
2.05 6.69 2.16 7.68 0.00
2.06 6.72 2.07 7.72 0.00
2.06 6.77 2.00 7.77 0.00
2.07 6.80 1.91 7.79 0.00
2.09 6.84 1.84 7.81 0.00
2.09 6.88 1.84 7.84 0.00
2.08 6.91 1.76 7.86 0.00
2.08 6.97 1.74 7.91 0.00
2.06 7.03 1.38 7.76 0.00
