2.71 2.40 1.86 1.87 0.00
2.67 2.37 1.81 1.87 0.00
2.63 2.35 1.77 1.85 0.00
2.61 2.34 1.77 1.81 0.00
2.56 2.31 1.67 1.85 0.00
2.52 2.29 1.62 1.87 0.00
2.48 2.27 1.56 1.89 0.00
2.45 2.25 1.51 1.91 0.00
2.41 2.22 1.46 1.91 0.00
2.37 2.21 1.41 1.94 0.00
2.35 2.18 1.38 1.93 0.00
2.32 2.18 1.33 2.00 0.00
2.25 2.16 1.27 1.96 0.00
2.21 2.15 1.23 1.95 0.00
2.18 2.14 1.18 2.04 0.00
2.14 2.14 1.14 2.07 0.00
2.10 2.13 1.10 2.04 0.00
2.11 2.15 1.25 2.66 1.00
2.05 2.18 1.14 2.60 0.00
2.02 2.22 1.19 2.77 0.00
2.01 2.24 1.21 2.83 0.00
1.96 2.25 1.06 2.68 0.00
1.91 2.28 1.08 2.83 0.00
1.80 2.14 0.90 1.72 0.00
1.82 2.26 0.96 2.76 0.00
1.73 2.23 1.06 2.97 0.00
1.68 2.31 1.28 3.22 0.00
1.75 2.42 0.93 3.00 0.00
1.70 2.39 0.88 2.96 0.00
1.66 2.43 0.88 3.06 0.00
1.63 2.45 0.83 3.06 0.00
1.58 2.47 0.80 3.10 0.00
1.55 2.58 1.03 3.44 0.00
1.55 2.61 1.25 3.57 0.00
1.54 2.63 1.77 3.60 1.00
1.55 2.69 1.76 3.66 0.00
1.53 2.76 1.75 3.74 0.00
1.56 2.76 1.74 3.74 0.00
1.57 2.78 1.73 3.77 0.00
1.58 2.82 1.72 3.81 0.00
1.59 2.86 1.71 3.85 0.00
1.60 2.89 1.71 3.89 0.00
1.61 2.93 1.71 3.93 0.00
1.61 2.97 1.71 3.96 0.00
1.61 3.01 1.71 4.00 0.00
1.62 3.05 1.70 4.04 0.00
1.62 3.08 1.67 4.08 0.00
1.62 3.12 1.64 4.12 0.00
1.63 3.16 1.60 4.16 0.00
1.63 3.20 1.56 4.20 0.00
1.64 3.24 1.53 4.23 0.00
1.63 3.28 1.51 4.27 0.00
1.63 3.32 1.50 4.31 0.00
1.63 3.36 1.49 4.35 0.00
1.62 3.40 1.48 4.39 0.00
1.62 3.44 1.48 4.43 0.00
1.61 3.48 1.47 4.47 0.00
1.61 3.52 1.46 4.51 0.00
1.60 3.56 1.45 4.54 0.00
1.59 3.59 1.45 4.58 0.00
1.59 3.63 1.44 4.62 0.00
1.59 3.63 1.39 4.60 0.00
1.57 3.67 1.42 4.65 0.00
1.58 3.75 1.37 4.73 0.00
1.56 3.78 1.50 4.78 0.00
1.56 3.81 1.43 4.80 0.00
1.55 3.87 1.52 4.87 0.00
1.55 3.88 1.70 4.87 0.00
1.55 3.94 1.57 4.94 0.00
1.53 4.00 1.49 5.00 0.00
1.55 4.06 1.49 5.06 0.00
1.55 4.06 1.52 5.06 0.00
1.55 4.14 1.48 5.14 0.00
1.54 4.18 1.48 5.18 0.00
1.55 4.19 1.53 5.19 0.00
1.55 4.24 1.49 5.23 0.00
1.53 4.27 1.51 5.27 0.00
1.53 4.31 1.50 5.31 0.00
1.53 4.35 1.51 5.35 0.00
1.53 4.41 1.53 5.41 0.00
1.53 4.43 1.51 5.43 0.00
1.53 4.47 1.52 5.47 0.00
1.53 4.52 1.53 5.52 0.00
1.53 4.56 1.53 5.56 0.00
1.53 4.60 1.53 5.60 0.00
1.53 4.63 1.53 5.63 0.00
1.55 4.68 1.55 5.68 0.00
1.53 4.72 1.53 5.72 0.00
1.52 4.77 1.52 5.77 0.00
1.53 4.80 1.52 5.80 0.00
1.53 4.83 1.53 5.83 0.00
1.53 4.88 1.52 5.88 0.00
1.53 4.92 1.53 5.92 0.00
1.53 4.96 1.53 5.96 0.00
1.53 4.99 1.53 5.99 0.00
1.53 5.04 1.53 6.04 0.00
1.54 5.08 1.52 6.08 0.00
1.53 5.13 1.49 6.13 0.00
1.53 5.16 1.55 6.16 0.00
1.53 5.20 1.57 6.20 0.00
1.53 5.24 1.55 6.24 0.00
1.53 5.27 1.58 6.27 0.00
1.53 5.34 1.55 6.33 0.00
1.53 5.36 1.56 6.36 0.00
1.53 5.40 1.56 6.40 0.00
1.54 5.44 1.56 6.44 0.00
1.54 5.48 1.57 6.48 0.00
1.54 5.52 1.57 6.52 0.00
1.54 5.56 1.58 6.56 0.00
1.54 5.60 1.58 6.60 0.00
1.54 5.64 1.62 6.64 0.00
1.54 5.68 1.60 6.68 0.00
1.54 5.72 1.62 6.72 0.00
1.54 5.76 1.63 6.76 0.00
1.55 5.80 1.64 6.80 0.00
1.54 5.80 2.32 6.44 1.00
1.57 5.82 2.39 6.40 0.00
1.61 5.85 2.45 6.39 0.00
1.64 5.88 2.52 6.37 0.00
1.67 5.87 2.55 6.34 0.00
1.69 5.87 2.60 6.29 0.00
1.73 5.93 2.63 6.36 0.00
1.77 5.95 2.67 6.38 0.00
1.80 5.98 2.70 6.41 0.00
1.82 6.00 2.72 6.43 0.00
1.87 6.01 2.82 6.32 0.00
1.91 6.03 2.83 6.41 0.00
1.93 6.06 2.87 6.40 0.00
1.99 6.04 2.93 6.38 0.00
2.02 6.05 3.00 6.26 0.00
2.06 6.09 2.99 6.45 0.00
2.09 6.10 3.08 6.27 0.00
2.13 6.08 3.12 6.20 0.00
2.20 6.09 3.09 6.53 0.00
2.22 6.11 3.06 6.65 0.00
2.25 6.11 3.05 6.71 0.00
2.28 6.12 3.03 6.79 0.00
2.33 6.13 3.06 6.81 0.00
2.35 6.17 3.07 6.87 0.00
2.39 6.21 3.11 6.90 0.00
2.42 6.23 3.12 6.95 0.00
2.45 6.27 3.10 7.03 0.00
2.48 6.30 3.05 7.12 0.00
2.51 6.33 3.00 7.20 0.00
2.54 6.37 2.89 7.31 0.00
2.58 6.40 2.82 7.37 0.00
2.61 6.43 2.71 7.42 0.00
2.64 6.46 2.63 7.46 0.00
2.64 6.50 2.55 7.50 0.00
2.64 6.54 2.44 7.52 0.00
2.64 6.58 2.35 7.54 0.00
2.64 6.62 2.25 7.54 0.00
2.64 6.66 2.17 7.54 0.00
2.64 6.70 2.10 7.54 0.00
2.63 6.74 2.03 7.54 0.00
2.61 6.78 1.98 7.56 0.00
2.59 6.82 1.94 7.58 0.00
2.56 6.87 1.93 7.64 0.00
2.52 6.90 1.87 7.66 0.00
2.49 6.94 1.86 7.72 0.00
2.45 6.98 1.81 7.75 0.00
2.42 7.02 1.78 7.79 0.00
2.39 7.06 1.76 7.84 0.00
2.35 7.10 1.73 7.88 0.00
2.33 7.13 1.68 7.90 0.00
2.30 7.17 1.64 7.92 0.00
2.27 7.20 1.59 7.93 0.00
2.25 7.24 1.54 7.94 0.00
2.22 7.27 1.49 7.95 0.00
2.19 7.30 1.44 7.96 0.00
2.16 7.33 1.39 7.96 0.00
2.14 7.36 1.33 7.96 0.00
2.10 7.39 1.29 7.98 0.00
2.07 7.43 1.25 8.00 0.00
2.04 7.44 1.22 8.01 0.00
2.01 7.47 1.19 8.04 0.00
1.97 7.49 1.17 8.09 0.00
1.94 7.51 1.14 8.11 0.00
1.91 7.54 1.11 8.15 0.00
1.87 7.56 1.09 8.18 0.00
1.84 7.59 1.04 8.19 0.00
1.81 7.62 1.01 8.22 0.00
1.77 7.64 0.95 8.22 0.00
1.74 7.67 0.88 8.19 0.00
1.71 7.69 0.83 8.17 0.00
1.67 7.72 0.77 8.15 0.00
1.63 7.75 0.71 8.13 0.00
1.60 7.77 0.65 8.08 0.00
1.56 7.80 0.60 8.05 0.00
1.53 7.81 0.55 8.04 0.00
1.49 7.82 0.52 8.05 0.00
1.45 7.83 0.48 8.04 0.00
1.42 7.84 0.44 8.06 0.00
1.38 7.85 0.41 8.07 0.00
1.35 7.86 0.37 8.07 0.00
1.31 7.86 0.33 8.08 0.00
1.27 7.88 0.29 8.05 0.00
1.23 7.89 0.24 8.02 0.00
1.20 7.89 0.21 8.03 0.00
1.15 7.90 0.16 8.03 0.00
1.11 7.91 0.11 7.98 0.00
1.07 7.92 0.07 7.97 0.00
1.03 7.92 0.03 7.94 0.00
0.99 7.93 -0.01 7.92 0.00
0.95 7.93 -0.05 7.91 0.00
0.91 7.93 -0.09 7.91 0.00
0.86 7.93 -0.14 7.85 0.00
0.83 7.93 -0.17 7.90 0.00
0.80 7.93 -0.20 7.91 0.00
0.76 7.93 -0.24 7.91 0.00
0.72 7.93 -0.28 7.92 0.00
0.69 7.93 -0.31 7.93 0.00
0.65 7.92 -0.35 7.92 0.00
0.61 7.92 -0.39 7.92 0.00
0.57 7.93 -0.43 7.92 0.00
0.52 7.92 -0.48 7.89 0.00
0.48 7.92 -0.52 7.92 0.00
0.45 7.92 -0.55 7.94 0.00
0.40 7.92 -0.60 7.96 0.00
0.36 7.92 -0.64 7.98 0.00
0.32 7.92 -0.67 7.99 0.00
0.28 7.92 -0.71 8.03 0.00
0.25 7.92 -0.75 8.06 0.00
0.21 7.93 -0.77 8.09 0.00
0.17 7.92 -0.81 8.11 0.00
0.13 7.93 -0.85 8.14 0.00
0.10 7.94 -0.88 8.15 0.00
0.07 7.94 -0.91 8.18 0.00
0.07 7.94 -0.46 8.79 1.00
0.05 7.97 -0.48 8.82 0.00
0.03 8.01 -0.50 8.86 0.00
0.01 8.05 -0.50 8.91 0.00
-0.00 8.09 -0.54 8.93 0.00
-0.02 8.12 -0.55 8.96 0.00
-0.01 8.15 -0.49 9.03 0.00
-0.04 8.18 -0.50 9.07 0.00
-0.09 8.21 -0.55 9.10 0.00
-0.11 8.25 -0.58 9.13 0.00
-0.13 8.28 -0.61 9.16 0.00
-0.17 8.31 -0.61 9.20 0.00
-0.19 8.35 -0.58 9.27 0.00
-0.22 8.36 -0.70 9.24 0.00
-0.21 8.38 -0.58 9.31 0.00
-0.23 8.44 -0.64 9.36 0.00
-0.24 8.47 -0.54 9.42 0.00
-0.25 8.49 -0.58 9.44 0.00
-0.27 8.55 -0.56 9.50 0.00
-0.29 8.59 -0.51 9.56 0.00
-0.28 8.64 -0.41 9.63 0.00
-0.30 8.66 -0.40 9.66 0.00
-0.27 8.71 -0.14 9.70 0.00
-0.33 8.78 -0.40 9.78 0.00
-0.34 8.82 -0.47 9.81 0.00
-0.35 8.84 -0.40 9.84 0.00
-0.35 8.87 -0.42 9.86 0.00
-0.35 8.90 -0.42 9.90 0.00
-0.35 8.94 -0.40 9.94 0.00
-0.35 8.97 -0.39 9.97 0.00
-0.35 9.02 -0.38 10.02 0.00
-0.36 9.05 -0.34 10.05 0.00
-0.37 9.09 -0.30 10.09 0.00
-0.37 9.10 -0.59 10.08 0.00
-0.36 9.17 -0.29 10.17 0.00
-0.37 9.23 -0.26 10.22 0.00
-0.36 9.25 0.05 10.16 0.00
-0.35 9.29 -0.13 10.26 0.00
-0.36 9.33 -0.14 10.31 0.00
-0.36 9.37 -0.15 10.35 0.00
-0.35 9.41 -0.18 10.40 0.00
-0.31 9.45 0.07 10.37 0.00
-0.36 9.52 -0.06 10.47 0.00
-0.31 9.53 -0.00 10.48 0.00
-0.31 9.58 -0.09 10.56 0.00
-0.29 9.61 0.04 10.55 0.00
-0.27 9.64 0.14 10.55 0.00
-0.27 9.68 0.10 10.61 0.00
-0.26 9.73 0.16 10.64 0.00
-0.24 9.79 0.34 10.60 0.00
-0.19 9.82 0.45 10.60 0.00
-0.22 9.88 0.14 10.81 0.00
-0.16 9.90 0.43 10.71 0.00
-0.17 9.95 0.59 10.61 0.00
-0.16 9.98 0.61 10.61 0.00
-0.14 10.03 0.64 10.65 0.00
-0.10 10.04 0.69 10.66 0.00
-0.07 10.07 0.70 10.70 0.00
-0.05 10.09 0.74 10.70 0.00
-0.02 10.10 0.76 10.72 0.00
0.05 10.13 0.88 10.70 0.00
0.07 10.17 0.89 10.74 0.00
0.10 10.18 0.94 10.71 0.00
0.13 10.21 1.01 10.68 0.00
0.16 10.23 1.04 10.69 0.00
0.16 10.27 1.01 10.80 0.00
0.23 10.30 1.15 10.70 0.00
0.29 10.31 1.25 10.59 0.00
0.32 10.33 1.30 10.56 0.00
0.32 10.35 1.32 10.39 0.00
0.38 10.38 1.38 10.31 0.00
0.47 10.50 1.38 10.91 0.00
0.51 10.43 1.49 10.60 0.00
0.56 10.39 1.55 10.47 0.00
0.59 10.43 1.58 10.52 0.00
0.61 10.41 1.61 10.51 0.00
0.64 10.43 1.63 10.60 0.00
0.68 10.41 1.68 10.48 0.00
0.71 10.42 1.71 10.44 0.00
0.74 10.41 1.74 10.36 0.00
0.78 10.43 1.78 10.43 0.00
0.82 10.41 1.34 9.56 1.00
0.83 10.37 1.32 9.51 0.00
0.86 10.35 1.23 9.42 0.00
0.87 10.32 1.25 9.40 0.00
0.90 10.26 1.41 9.39 0.00
0.94 10.23 1.44 9.37 0.00
0.95 10.21 1.50 9.38 0.00
0.97 10.15 1.41 9.25 0.00
1.00 10.14 1.42 9.23 0.00
1.02 10.08 1.48 9.19 0.00
1.05 10.05 1.46 9.14 0.00
1.08 10.01 1.48 9.10 0.00
1.10 9.96 1.48 9.04 0.00
1.11 9.93 1.51 9.01 0.00
1.13 9.90 1.57 9.00 0.00
1.15 9.84 1.51 8.91 0.00
1.20 9.79 1.60 8.88 0.00
1.24 9.78 1.56 8.83 0.00
1.26 9.73 1.60 8.79 0.00
1.27 9.71 1.63 8.77 0.00
1.30 9.66 1.63 8.71 0.00
1.30 9.61 1.63 8.66 0.00
1.32 9.56 1.54 8.58 0.00
1.32 9.52 1.55 8.55 0.00
1.34 9.49 1.61 8.53 0.00
1.36 9.44 1.62 8.47 0.00
1.36 9.42 1.58 8.44 0.00
1.38 9.37 1.56 8.38 0.00
1.40 9.28 1.59 8.30 0.00
1.39 9.30 1.50 8.30 0.00
1.36 9.21 1.46 8.21 0.00
1.39 9.26 1.54 8.28 0.00
1.42 9.20 1.64 8.22 0.00
1.44 9.15 1.71 8.18 0.00
1.45 9.06 1.82 8.14 0.00
1.47 9.05 1.73 8.08 0.00
1.46 9.03 1.73 8.07 0.00
1.48 8.94 1.37 7.94 0.00
1.52 8.92 1.92 8.01 0.00
1.51 8.88 1.74 7.91 0.00
1.50 8.86 1.69 7.88 0.00
1.50 8.84 1.67 7.85 0.00
1.51 8.80 1.65 7.81 0.00
1.52 8.75 1.61 7.76 0.00
1.53 8.73 1.63 7.73 0.00
1.53 8.68 1.64 7.69 0.00
