1.61 4.61 2.17 3.78 0.00
1.64 4.57 2.21 3.75 0.00
1.66 4.54 2.25 3.72 0.00
1.69 4.50 2.27 3.69 0.00
1.72 4.47 2.28 3.63 0.00
1.75 4.44 2.38 3.66 0.00
1.77 4.39 2.39 3.60 0.00
1.79 4.35 2.39 3.55 0.00
1.81 4.32 2.42 3.52 0.00
1.84 4.28 2.44 3.49 0.00
1.86 4.26 2.43 3.43 0.00
1.89 4.21 2.50 3.42 0.00
1.91 4.19 2.51 3.39 0.00
1.95 4.15 2.56 3.36 0.00
1.97 4.13 2.57 3.33 0.00
1.99 4.08 2.63 3.31 0.00
2.02 4.04 2.65 3.27 0.00
2.05 4.02 2.62 3.20 0.00
2.07 4.00 2.60 3.15 0.00
2.10 3.94 2.56 3.06 0.00
2.13 3.92 2.72 3.11 0.00
2.18 3.86 2.81 3.09 0.00
2.19 3.84 2.71 2.98 0.00
2.22 3.79 2.76 2.95 0.00
2.22 3.78 2.69 2.89 0.00
2.24 3.74 2.70 2.85 0.00
2.27 3.71 2.69 2.80 0.00
2.28 3.67 2.71 2.77 0.00
2.30 3.64 2.73 2.74 0.00
2.32 3.60 2.75 2.70 0.00
2.34 3.56 2.77 2.65 0.00
2.35 3.53 2.79 2.63 0.00
2.37 3.49 2.82 2.60 0.00
2.39 3.45 2.85 2.56 0.00
2.41 3.41 2.87 2.52 0.00
2.43 3.38 2.89 2.49 0.00
2.44 3.34 2.91 2.45 0.00
2.46 3.30 2.90 2.40 0.00
2.48 3.26 2.87 2.34 0.00
2.50 3.23 2.85 2.29 0.00
2.52 3.19 2.82 2.24 0.00
2.54 3.15 2.80 2.19 0.00
2.57 3.12 2.77 2.14 0.00
2.59 3.08 2.75 2.09 0.00
2.60 3.04 2.78 2.05 0.00
2.60 3.00 2.77 2.01 0.00
2.60 2.97 2.80 1.99 0.00
2.61 2.92 2.80 1.94 0.00
2.62 2.88 2.83 1.90 0.00
2.63 2.84 2.80 1.86 0.00
2.63 2.80 2.81 1.82 0.00
2.64 2.76 2.82 1.78 0.00
2.65 2.72 2.82 1.74 0.00
2.65 2.69 2.83 1.70 0.00
2.66 2.64 2.83 1.66 0.00
2.67 2.61 2.84 1.62 0.00
2.68 2.57 2.85 1.58 0.00
2.68 2.53 2.85 1.54 0.00
2.70 2.49 2.84 1.50 0.00
2.71 2.45 2.85 1.46 0.00
2.71 2.41 2.87 1.42 0.00
2.71 2.37 2.88 1.39 0.00
2.72 2.33 2.89 1.35 0.00
2.72 2.29 2.91 1.31 0.00
2.73 2.25 2.94 1.28 0.00
2.74 2.21 2.94 1.23 0.00
2.75 2.18 2.95 1.20 0.00
2.75 2.14 2.96 1.16 0.00
2.76 2.10 2.96 1.12 0.00
2.77 2.06 2.97 1.08 0.00
2.78 2.02 2.98 1.04 0.00
2.78 1.98 3.00 1.00 0.00
2.79 1.95 3.00 0.98 0.00
2.80 1.91 3.02 0.93 0.00
2.81 1.87 3.03 0.89 0.00
2.82 1.83 3.04 0.85 0.00
2.83 1.79 3.05 0.82 0.00
2.83 1.75 3.07 0.78 0.00
2.84 1.71 3.09 0.74 0.00
2.85 1.67 3.12 0.71 0.00
2.86 1.63 3.17 0.68 0.00
2.88 1.60 3.11 0.62 0.00
2.89 1.56 3.10 0.58 0.00
2.90 1.52 3.11 0.54 0.00
2.91 1.49 3.11 0.51 0.00
2.91 1.45 3.10 0.47 0.00
2.92 1.42 3.14 0.45 0.00
2.93 1.41 3.04 0.42 0.00
2.94 1.32 3.22 0.36 0.00
2.94 1.29 3.11 0.30 0.00
2.97 1.27 3.18 0.29 0.00
2.96 1.20 3.18 0.23 0.00
2.96 1.15 3.16 0.17 0.00
2.95 1.14 3.13 0.15 0.00
2.98 1.10 3.11 0.11 0.00
3.01 1.05 3.18 0.06 0.00
3.00 1.01 3.20 0.03 0.00
3.00 0.95 3.15 -0.04 0.00
3.01 0.92 3.16 -0.06 0.00
3.02 0.88 3.15 -0.11 0.00
3.02 0.85 3.14 -0.15 0.00
3.03 0.82 3.14 -0.18 0.00
3.04 0.77 3.12 -0.23 0.00
3.05 0.72 3.10 -0.27 0.00
3.05 0.69 3.10 -0.31 0.00
3.05 0.65 3.09 -0.35 0.00
3.06 0.61 3.09 -0.39 0.00
3.06 0.57 3.08 -0.43 0.00
3.06 0.53 3.07 -0.47 0.00
3.06 0.50 3.07 -0.50 0.00
3.06 0.45 3.05 -0.55 0.00
3.06 0.41 3.06 -0.59 0.00
3.06 0.37 3.05 -0.63 0.00
3.06 0.33 3.05 -0.67 0.00
3.05 0.28 3.08 -0.72 0.00
3.06 0.25 3.07 -0.75 0.00
3.06 0.21 3.04 -0.79 0.00
3.06 0.17 3.04 -0.83 0.00
3.06 0.13 3.03 -0.87 0.00
3.06 0.09 3.04 -0.91 0.00
3.06 0.06 3.03 -0.94 0.00
3.06 0.02 3.04 -0.98 0.00
3.04 -0.03 3.09 -1.03 0.00
3.03 -0.05 3.12 -1.05 0.00
3.03 -0.10 3.06 -1.10 0.00
3.03 -0.12 3.04 -1.12 0.00
3.03 -0.17 3.08 -1.16 0.00
3.02 -0.21 3.23 -1.18 0.00
3.02 -0.24 3.39 -1.17 0.00
3.03 -0.28 3.33 -1.24 0.00
3.05 -0.33 3.22 -1.32 0.00
3.07 -0.37 3.23 -1.35 0.00
3.09 -0.39 3.25 -1.38 0.00
3.10 -0.43 3.29 -1.42 0.00
3.11 -0.47 3.28 -1.46 0.00
3.12 -0.51 3.29 -1.50 0.00
3.12 -0.55 3.30 -1.53 0.00
3.13 -0.58 3.31 -1.57 0.00
3.14 -0.63 3.32 -1.61 0.00
3.14 -0.67 3.34 -1.65 0.00
3.15 -0.71 3.37 -1.68 0.00
3.16 -0.75 3.39 -1.72 0.00
3.16 -0.79 3.41 -1.75 0.00
3.17 -0.83 3.44 -1.79 0.00
3.18 -0.86 3.45 -1.83 0.00
3.19 -0.90 3.44 -1.87 0.00
3.20 -0.94 3.45 -1.91 0.00
3.21 -0.97 3.47 -1.94 0.00
3.22 -1.02 3.46 -1.99 0.00
3.23 -1.06 3.47 -2.03 0.00
3.24 -1.10 3.48 -2.07 0.00
3.26 -1.13 3.52 -2.09 0.00
3.26 -1.17 3.51 -2.14 0.00
3.28 -1.21 3.52 -2.18 0.00
3.28 -1.24 3.56 -2.20 0.00
3.29 -1.29 3.59 -2.24 0.00
3.32 -1.33 3.69 -2.26 0.00
3.31 -1.37 3.64 -2.31 0.00
3.31 -1.40 3.63 -2.35 0.00
3.34 -1.43 3.67 -2.38 0.00
3.35 -1.48 3.66 -2.43 0.00
3.36 -1.52 3.68 -2.46 0.00
3.35 -1.54 3.69 -2.48 0.00
3.38 -1.59 3.73 -2.53 0.00
3.39 -1.64 3.78 -2.57 0.00
3.41 -1.66 3.83 -2.57 0.00
3.41 -1.71 3.88 -2.60 0.00
3.43 -1.76 3.88 -2.65 0.00
3.44 -1.78 3.92 -2.66 0.00
3.44 -1.81 4.01 -2.64 0.00
3.47 -1.86 4.09 -2.65 0.00
3.48 -1.89 4.11 -2.67 0.00
3.50 -1.92 4.17 -2.67 0.00
3.56 -1.98 4.30 -2.66 0.00
3.57 -2.01 4.28 -2.72 0.00
3.60 -2.02 4.48 -2.48 0.00
3.64 -2.04 4.36 -2.74 0.00
3.67 -2.07 4.46 -2.68 0.00
3.73 -2.08 4.56 -2.63 0.00
3.74 -2.13 4.48 -2.80 0.00
3.74 -2.16 4.46 -2.85 0.00
3.78 -2.19 4.49 -2.88 0.00
3.81 -2.21 4.51 -2.92 0.00
3.84 -2.23 4.55 -2.93 0.00
3.87 -2.27 4.55 -3.00 0.00
3.90 -2.30 4.55 -3.06 0.00
3.92 -2.32 4.58 -3.08 0.00
3.94 -2.34 4.59 -3.10 0.00
3.99 -2.38 4.64 -3.15 0.00
4.02 -2.40 4.68 -3.15 0.00
4.04 -2.44 4.69 -3.19 0.00
4.06 -2.47 4.73 -3.21 0.00
4.08 -2.50 4.77 -3.23 0.00
4.11 -2.53 4.80 -3.26 0.00
4.13 -2.56 4.83 -3.28 0.00
4.16 -2.59 4.85 -3.31 0.00
4.19 -2.62 4.89 -3.33 0.00
4.22 -2.64 4.90 -3.37 0.00
4.24 -2.68 4.94 -3.39 0.00
4.27 -2.71 4.95 -3.45 0.00
4.30 -2.73 4.96 -3.49 0.00
4.33 -2.77 4.98 -3.52 0.00
4.36 -2.79 5.01 -3.55 0.00
4.38 -2.82 5.03 -3.59 0.00
4.41 -2.85 5.05 -3.62 0.00
4.44 -2.88 5.09 -3.64 0.00
4.46 -2.91 5.13 -3.66 0.00
4.49 -2.94 5.18 -3.67 0.00
4.51 -2.97 5.23 -3.67 0.00
4.53 -2.99 5.26 -3.68 0.00
4.56 -3.03 5.30 -3.71 0.00
4.59 -3.06 5.34 -3.72 0.00
4.62 -3.09 5.38 -3.73 0.00
4.65 -3.12 5.43 -3.74 0.00
4.67 -3.14 5.46 -3.75 0.00
4.71 -3.17 5.52 -3.75 0.00
4.73 -3.19 5.56 -3.74 0.00
4.74 -3.20 5.59 -3.73 0.00
4.80 -3.24 5.60 -3.85 0.00
4.82 -3.27 5.66 -3.82 0.00
4.88 -3.29 5.75 -3.79 0.00
4.90 -3.32 5.75 -3.85 0.00
4.93 -3.35 5.83 -3.78 0.00
4.96 -3.37 5.88 -3.76 0.00
5.01 -3.37 5.93 -3.75 0.00
5.01 -3.40 5.33 -4.34 1.00
5.02 -3.47 5.16 -4.47 0.00
5.03 -3.52 5.19 -4.51 0.00
5.03 -3.52 5.22 -4.50 0.00
5.07 -3.57 5.23 -4.56 0.00
5.07 -3.59 5.14 -4.59 0.00
5.10 -3.67 5.18 -4.67 0.00
5.10 -3.68 5.10 -4.68 0.00
5.09 -3.73 5.12 -4.73 0.00
5.11 -3.76 5.08 -4.76 0.00
5.10 -3.79 5.03 -4.79 0.00
5.10 -3.83 5.01 -4.83 0.00
5.10 -3.87 4.98 -4.86 0.00
5.10 -3.91 4.99 -4.91 0.00
5.10 -3.95 4.98 -4.95 0.00
5.09 -4.00 4.98 -4.99 0.00
5.09 -4.04 4.98 -5.03 0.00
5.09 -4.04 4.30 -4.65 1.00
5.05 -4.06 4.26 -4.67 0.00
5.02 -4.09 4.22 -4.70 0.00
4.99 -4.12 4.17 -4.70 0.00
4.95 -4.14 4.13 -4.72 0.00
4.91 -4.15 4.08 -4.71 0.00
4.87 -4.17 4.10 -4.81 0.00
4.91 -4.19 3.91 -4.30 0.00
4.80 -4.25 3.96 -4.78 0.00
4.77 -4.29 3.91 -4.80 0.00
4.72 -4.31 3.88 -4.85 0.00
4.70 -4.36 3.82 -4.83 0.00
4.64 -4.38 3.79 -4.89 0.00
4.62 -4.36 3.69 -4.73 0.00
4.57 -4.42 3.67 -4.86 0.00
4.54 -4.41 3.61 -4.79 0.00
4.49 -4.43 3.56 -4.81 0.00
4.45 -4.45 3.52 -4.82 0.00
4.42 -4.46 3.51 -4.88 0.00
4.37 -4.48 3.44 -4.83 0.00
4.37 -4.49 3.51 -5.00 0.00
4.31 -4.52 3.40 -4.93 0.00
4.26 -4.52 3.34 -4.92 0.00
4.18 -4.54 3.22 -4.85 0.00
4.20 -4.56 3.27 -4.92 0.00
4.09 -4.58 3.11 -4.73 0.00
4.12 -4.56 3.14 -4.77 0.00
4.03 -4.56 3.08 -4.87 0.00
4.02 -4.55 3.05 -4.81 0.00
3.96 -4.62 3.02 -4.96 0.00
3.94 -4.61 2.96 -4.82 0.00
3.94 -4.58 3.12 -5.15 0.00
3.87 -4.62 2.88 -4.72 0.00
3.86 -4.60 2.90 -4.89 0.00
3.78 -4.58 2.80 -4.73 0.00
3.73 -4.63 2.79 -4.99 0.00
3.70 -4.64 2.70 -4.69 0.00
3.66 -4.64 2.66 -4.68 0.00
3.63 -4.62 2.63 -4.57 0.00
3.60 -4.64 2.62 -4.87 0.00
3.52 -4.60 2.53 -4.75 0.00
3.48 -4.65 2.49 -4.84 0.00
3.45 -4.64 2.47 -4.87 0.00
3.43 -4.66 2.44 -4.53 0.00
3.39 -4.63 2.40 -4.51 0.00
3.34 -4.61 2.35 -4.75 0.00
3.29 -4.63 2.29 -4.68 0.00
3.28 -4.64 2.29 -4.79 0.00
3.19 -4.66 2.20 -4.77 0.00
3.19 -4.66 2.45 -3.99 1.00
3.19 -4.62 2.40 -4.01 0.00
3.22 -4.58 2.62 -3.78 0.00
3.08 -4.57 2.21 -4.08 0.00
3.07 -4.52 2.16 -4.11 0.00
3.05 -4.48 2.06 -4.36 0.00
2.99 -4.47 2.05 -4.13 0.00
2.95 -4.45 1.97 -4.27 0.00
2.89 -4.43 1.95 -4.09 0.00
2.83 -4.42 1.90 -4.06 0.00
2.78 -4.41 1.80 -4.22 0.00
2.75 -4.40 1.77 -4.21 0.00
2.72 -4.36 1.73 -4.21 0.00
2.66 -4.33 1.66 -4.32 0.00
2.62 -4.36 1.62 -4.30 0.00
2.57 -4.30 1.57 -4.34 0.00
2.53 -4.30 1.53 -4.35 0.00
2.54 -4.29 1.91 -3.51 1.00
2.56 -4.25 2.79 -3.28 1.00
2.58 -4.19 2.70 -3.20 0.00
2.61 -4.18 2.73 -3.18 0.00
2.61 -4.12 2.73 -3.13 0.00
2.63 -4.08 2.75 -3.09 0.00
2.62 -4.04 2.61 -3.04 0.00
2.65 -4.00 2.53 -3.00 0.00
2.64 -3.96 2.51 -2.97 0.00
2.65 -3.91 2.52 -2.92 0.00
2.64 -3.88 2.43 -2.90 0.00
2.62 -3.84 2.50 -2.85 0.00
2.61 -3.80 2.39 -2.83 0.00
2.61 -3.77 2.41 -2.79 0.00
2.60 -3.72 2.36 -2.75 0.00
2.59 -3.69 2.36 -2.71 0.00
2.58 -3.65 2.34 -2.67 0.00
2.58 -3.60 2.30 -2.64 0.00
2.57 -3.57 2.29 -2.61 0.00
2.56 -3.53 2.22 -2.58 0.00
2.55 -3.49 2.14 -2.58 0.00
2.54 -3.44 2.07 -2.56 0.00
2.53 -3.41 1.98 -2.57 0.00
2.52 -3.37 1.86 -2.61 0.00
2.50 -3.33 1.83 -2.59 0.00
2.49 -3.29 1.75 -2.62 0.00
2.49 -3.26 1.69 -2.66 0.00
2.45 -3.20 1.68 -2.57 0.00
2.44 -3.15 1.58 -2.63 0.00
2.33 -3.15 1.60 -2.47 0.00
2.28 -3.10 1.52 -2.46 0.00
2.27 -3.08 1.54 -2.40 0.00
2.24 -3.06 1.47 -2.42 0.00
2.20 -3.04 1.38 -2.46 0.00
2.15 -3.00 1.34 -2.42 0.00
2.15 -2.99 1.21 -2.64 0.00
2.05 -2.92 1.20 -2.40 0.00
2.01 -2.94 1.10 -2.52 0.00
2.02 -2.90 1.10 -2.51 0.00
2.00 -2.89 1.03 -2.63 0.00
1.94 -2.84 1.00 -2.49 0.00
1.93 -2.82 1.00 -2.45 0.00
1.86 -2.83 1.00 -2.33 0.00
1.82 -2.81 0.97 -2.28 0.00
1.76 -2.78 0.98 -2.15 0.00
1.75 -2.80 0.83 -2.40 0.00
1.71 -2.79 0.78 -2.42 0.00
1.66 -2.78 0.79 -2.28 0.00
1.60 -2.75 1.01 -1.95 0.00
1.59 -2.73 0.78 -2.14 0.00
1.55 -2.69 0.68 -2.19 0.00
1.52 -2.66 0.61 -2.25 0.00
1.49 -2.62 0.57 -2.23 0.00
1.45 -2.61 0.51 -2.27 0.00
1.43 -2.59 0.47 -2.29 0.00
1.38 -2.57 0.43 -2.28 0.00
1.36 -2.57 0.43 -2.20 0.00
1.30 -2.54 0.37 -2.19 0.00
1.28 -2.52 0.42 -2.00 0.00
1.23 -2.51 0.37 -2.01 0.00
1.19 -2.47 0.43 -1.82 0.00
1.09 -2.49 0.15 -2.15 0.00
1.10 -2.44 0.15 -2.14 0.00
1.10 -2.46 0.21 -1.98 0.00
1.07 -2.42 0.24 -1.87 0.00
1.04 -2.42 0.25 -1.81 0.00
0.99 -2.38 0.12 -1.88 0.00
0.98 -2.33 0.07 -1.91 0.00
0.98 -2.31 0.10 -1.82 0.00
0.90 -2.29 -0.03 -1.93 0.00
0.86 -2.27 -0.06 -1.89 0.00
0.83 -2.26 -0.09 -1.86 0.00
0.76 -2.24 -0.14 -1.81 0.00
0.73 -2.22 -0.22 -1.91 0.00
0.68 -2.16 -0.16 -1.62 0.00
0.65 -2.17 -0.21 -1.68 0.00
0.61 -2.17 -0.21 -1.60 0.00
0.59 -2.16 -0.25 -1.61 0.00
0.55 -2.15 -0.26 -1.56 0.00
0.52 -2.13 -0.27 -1.51 0.00
0.48 -2.11 -0.30 -1.49 0.00
0.46 -2.08 -0.32 -1.46 0.00
0.42 -2.05 -0.29 -1.35 0.00
0.39 -2.03 -0.25 -1.26 0.00
0.35 -2.00 -0.20 -1.17 0.00
0.32 -1.97 -0.15 -1.09 0.00
0.29 -1.95 -0.09 -1.02 0.00
0.25 -1.92 -0.03 -0.96 0.00
0.22 -1.89 0.01 -0.91 0.00
0.21 -1.85 -0.00 -0.87 0.00
0.21 -1.81 -0.02 -0.83 0.00
0.20 -1.76 -0.02 -0.79 0.00
0.19 -1.73 0.01 -0.74 0.00
0.18 -1.70 0.03 -0.71 0.00
0.17 -1.65 0.07 -0.66 0.00
0.16 -1.61 0.10 -0.61 0.00
0.15 -1.58 0.18 -0.58 0.00
0.14 -1.53 0.16 -0.53 0.00
0.14 -1.53 0.87 -0.84 1.00
0.14 -1.54 1.14 -1.57 1.00
0.19 -1.53 1.19 -1.54 0.00
0.22 -1.53 1.22 -1.56 0.00
0.27 -1.56 1.27 -1.56 0.00
0.30 -1.54 1.30 -1.58 0.00
0.34 -1.54 1.34 -1.53 0.00
0.38 -1.55 1.38 -1.57 0.00
0.42 -1.55 1.42 -1.58 0.00
0.46 -1.55 1.46 -1.58 0.00
0.50 -1.55 1.50 -1.56 0.00
0.54 -1.56 1.54 -1.56 0.00
0.58 -1.55 1.58 -1.55 0.00
0.62 -1.55 1.62 -1.56 0.00
0.66 -1.56 1.66 -1.55 0.00
0.71 -1.55 1.71 -1.57 0.00
0.74 -1.56 1.74 -1.54 0.00
0.78 -1.55 1.78 -1.56 0.00
0.82 -1.56 1.81 -1.64 0.00
0.86 -1.57 1.85 -1.71 0.00
0.91 -1.58 1.89 -1.75 0.00
0.97 -1.56 1.96 -1.72 0.00
0.99 -1.57 1.97 -1.74 0.00
1.02 -1.56 1.99 -1.80 0.00
1.06 -1.57 2.03 -1.80 0.00
1.09 -1.57 2.07 -1.79 0.00
1.14 -1.59 2.12 -1.81 0.00
1.18 -1.59 2.15 -1.82 0.00
1.22 -1.61 2.19 -1.83 0.00
1.26 -1.62 2.23 -1.86 0.00
1.28 -1.63 2.26 -1.83 0.00
1.33 -1.63 2.31 -1.86 0.00
1.36 -1.64 2.34 -1.86 0.00
1.41 -1.65 2.38 -1.90 0.00
1.45 -1.67 2.42 -1.90 0.00
1.49 -1.68 2.46 -1.91 0.00
1.52 -1.69 2.49 -1.93 0.00
1.56 -1.69 2.53 -1.94 0.00
1.60 -1.70 2.57 -1.94 0.00
1.64 -1.71 2.61 -1.94 0.00
1.69 -1.72 2.67 -1.94 0.00
1.72 -1.73 2.70 -1.93 0.00
1.76 -1.74 2.74 -1.95 0.00
1.80 -1.75 2.77 -1.97 0.00
1.83 -1.76 2.81 -1.96 0.00
1.88 -1.77 2.86 -1.96 0.00
1.91 -1.78 2.89 -1.97 0.00
1.95 -1.78 2.93 -1.95 0.00
1.99 -1.80 2.97 -1.99 0.00
2.03 -1.81 3.01 -2.00 0.00
2.05 -1.83 3.03 -2.03 0.00
2.10 -1.83 3.08 -2.05 0.00
2.14 -1.84 3.12 -2.06 0.00
2.18 -1.85 3.15 -2.07 0.00
2.23 -1.86 3.21 -2.04 0.00
2.26 -1.86 3.24 -2.04 0.00
2.30 -1.87 3.29 -2.01 0.00
2.33 -1.88 3.33 -1.99 0.00
2.37 -1.89 3.37 -1.96 0.00
2.41 -1.90 3.41 -1.93 0.00
2.45 -1.91 3.45 -1.90 0.00
2.49 -1.91 3.49 -1.88 0.00
2.53 -1.91 3.53 -1.86 0.00
2.58 -1.90 3.58 -1.80 0.00
2.62 -1.91 3.60 -1.73 0.00
2.66 -1.91 3.62 -1.64 0.00
2.69 -1.90 3.66 -1.64 0.00
2.74 -1.89 3.70 -1.61 0.00
2.76 -1.87 3.73 -1.63 0.00
2.83 -1.83 3.82 -1.70 0.00
2.85 -1.83 3.82 -1.61 0.00
2.90 -1.82 3.88 -1.67 0.00
2.94 -1.84 3.94 -1.75 0.00
2.98 -1.82 3.94 -1.56 0.00
3.01 -1.81 3.84 -1.24 0.00
3.05 -1.80 3.99 -1.48 0.00
3.09 -1.76 3.99 -1.33 0.00
3.13 -1.75 4.07 -1.43 0.00
3.19 -1.76 4.06 -1.27 0.00
3.22 -1.73 4.07 -1.19 0.00
3.24 -1.73 4.05 -1.14 0.00
3.25 -1.70 3.83 -0.88 0.00
3.28 -1.64 3.95 -0.90 0.00
3.28 -1.60 4.03 -0.94 0.00
3.30 -1.56 4.08 -0.92 0.00
3.34 -1.53 4.08 -0.87 0.00
3.37 -1.52 4.10 -0.84 0.00
3.41 -1.49 4.11 -0.77 0.00
3.43 -1.46 4.14 -0.76 0.00
3.46 -1.44 4.13 -0.70 0.00
3.50 -1.42 4.16 -0.67 0.00
3.53 -1.40 4.17 -0.62 0.00
3.56 -1.35 4.15 -0.54 0.00
3.58 -1.33 4.11 -0.48 0.00
3.61 -1.30 4.14 -0.45 0.00
3.63 -1.26 4.16 -0.41 0.00
3.65 -1.23 4.17 -0.37 0.00
