-1.50 4.90 -2.14 4.13 0.00
-1.53 4.87 -2.05 4.02 0.00
-1.56 4.83 -2.03 3.95 0.00
-1.58 4.80 -1.99 3.88 0.00
-1.61 4.76 -1.96 3.82 0.00
-1.64 4.72 -1.90 3.75 0.00
-1.67 4.69 -1.84 3.70 0.00
-1.68 4.65 -1.82 3.66 0.00
-1.69 4.61 -1.82 3.61 0.00
-1.70 4.56 -1.82 3.57 0.00
-1.71 4.52 -1.82 3.53 0.00
-1.71 4.48 -1.85 3.49 0.00
-1.72 4.44 -1.88 3.45 0.00
-1.72 4.40 -1.92 3.42 0.00
-1.72 4.36 -1.94 3.38 0.00
-1.73 4.32 -1.97 3.35 0.00
-1.73 4.28 -1.98 3.31 0.00
-1.74 4.24 -1.99 3.27 0.00
-1.75 4.20 -2.00 3.23 0.00
-1.76 4.16 -2.00 3.19 0.00
-1.77 4.12 -1.99 3.14 0.00
-1.79 4.08 -1.97 3.10 0.00
-1.80 4.04 -1.96 3.05 0.00
-1.81 4.00 -1.96 3.01 0.00
-1.82 3.96 -1.95 2.97 0.00
-1.83 3.92 -1.94 2.93 0.00
-1.83 3.88 -1.93 2.89 0.00
-1.84 3.84 -1.92 2.85 0.00
-1.84 3.80 -1.91 2.80 0.00
-1.85 3.76 -1.91 2.76 0.00
-1.85 3.72 -1.90 2.72 0.00
-1.85 3.68 -1.90 2.68 0.00
-1.85 3.64 -1.89 2.64 0.00
-1.86 3.61 -1.89 2.61 0.00
-1.86 3.57 -1.89 2.57 0.00
-1.86 3.53 -1.89 2.53 0.00
-1.86 3.48 -1.91 2.49 0.00
-1.86 3.45 -1.91 2.45 0.00
-1.86 3.41 -1.91 2.41 0.00
-1.87 3.37 -1.92 2.37 0.00
-1.87 3.33 -1.91 2.33 0.00
-1.87 3.29 -1.92 2.29 0.00
-1.87 3.25 -1.92 2.25 0.00
-1.87 3.21 -1.92 2.21 0.00
-1.87 3.17 -1.92 2.17 0.00
-1.88 3.13 -1.91 2.13 0.00
-1.88 3.09 -1.90 2.09 0.00
-1.88 3.05 -1.91 2.05 0.00
-1.88 3.01 -1.91 2.01 0.00
-1.88 2.97 -1.82 1.97 0.00
-1.88 2.93 -1.74 1.94 0.00
-1.88 2.89 -1.66 1.91 0.00
-1.89 2.85 -1.59 1.89 0.00
-1.89 2.81 -1.54 1.87 0.00
-1.89 2.77 -1.48 1.85 0.00
-1.88 2.73 -1.43 1.84 0.00
-1.87 2.69 -1.40 1.80 0.00
-1.85 2.65 -1.38 1.76 0.00
-1.83 2.61 -1.37 1.71 0.00
-1.80 2.57 -1.40 1.65 0.00
-1.78 2.53 -1.43 1.59 0.00
-1.76 2.48 -1.48 1.52 0.00
-1.74 2.44 -1.52 1.47 0.00
-1.72 2.40 -1.56 1.41 0.00
-1.70 2.36 -1.61 1.36 0.00
-1.70 2.32 -1.59 1.33 0.00
-1.69 2.28 -1.57 1.29 0.00
-1.69 2.24 -1.55 1.25 0.00
-1.68 2.20 -1.53 1.21 0.00
-1.68 2.16 -1.49 1.18 0.00
-1.68 2.12 -1.46 1.15 0.00
-1.67 2.08 -1.42 1.11 0.00
-1.67 2.04 -1.39 1.08 0.00
-1.66 2.00 -1.37 1.04 0.00
-1.65 1.96 -1.35 1.01 0.00
-1.64 1.92 -1.32 0.98 0.00
-1.63 1.88 -1.29 0.95 0.00
-1.62 1.85 -1.24 0.92 0.00
-1.60 1.81 -1.19 0.90 0.00
-1.59 1.77 -1.12 0.89 0.00
-1.58 1.73 -1.05 0.88 0.00
-1.55 1.69 -1.13 0.78 0.00
-1.52 1.65 -1.18 0.71 0.00
-1.49 1.61 -1.22 0.65 0.00
-1.46 1.57 -1.28 0.59 0.00
-1.44 1.53 -1.32 0.54 0.00
-1.43 1.49 -1.34 0.50 0.00
-1.43 1.45 -1.34 0.46 0.00
-1.42 1.41 -1.34 0.42 0.00
-1.42 1.37 -1.32 0.38 0.00
-1.41 1.33 -1.26 0.34 0.00
-1.41 1.29 -1.22 0.31 0.00
-1.41 1.25 -1.17 0.28 0.00
-1.41 1.21 -1.12 0.25 0.00
-1.40 1.17 -1.06 0.23 0.00
-1.40 1.13 -1.01 0.21 0.00
-1.39 1.09 -0.97 0.19 0.00
-1.39 1.05 -0.90 0.18 0.00
-1.37 1.01 -0.89 0.13 0.00
-1.34 0.97 -0.83 0.11 0.00
-1.32 0.92 -0.82 0.06 0.00
-1.30 0.88 -0.81 0.01 0.00
-1.28 0.84 -0.80 -0.03 0.00
-1.25 0.80 -0.79 -0.09 0.00
-1.23 0.76 -0.79 -0.14 0.00
-1.20 0.72 -0.80 -0.19 0.00
-1.18 0.68 -0.80 -0.24 0.00
-1.16 0.64 -0.79 -0.29 0.00
-1.14 0.60 -0.76 -0.33 0.00
-1.12 0.56 -0.74 -0.36 0.00
-1.11 0.52 -0.69 -0.39 0.00
-1.09 0.48 -0.63 -0.41 0.00
-1.08 0.44 -0.56 -0.42 0.00
-1.05 0.40 -0.57 -0.48 0.00
-1.03 0.36 -0.55 -0.52 0.00
-1.01 0.33 -0.53 -0.55 0.00
-0.99 0.29 -0.49 -0.58 0.00
-0.97 0.25 -0.42 -0.59 0.00
-0.95 0.21 -0.36 -0.60 0.00
-0.93 0.17 -0.28 -0.59 0.00
-0.91 0.13 -0.20 -0.58 0.00
-0.89 0.09 -0.13 -0.56 0.00
-0.86 0.05 -0.05 -0.53 0.00
-0.84 0.02 0.00 -0.52 0.00
-0.81 -0.01 0.05 -0.53 0.00
-0.77 -0.03 0.09 -0.54 0.00
-0.74 -0.05 0.13 -0.55 0.00
-0.70 -0.07 0.17 -0.56 0.00
-0.67 -0.10 0.22 -0.56 0.00
-0.63 -0.11 0.23 -0.63 0.00
-0.59 -0.13 0.25 -0.66 0.00
-0.55 -0.15 0.30 -0.67 0.00
-0.52 -0.17 0.34 -0.69 0.00
-0.48 -0.19 0.37 -0.72 0.00
-0.44 -0.22 0.42 -0.73 0.00
-0.40 -0.24 0.47 -0.73 0.00
-0.37 -0.27 0.53 -0.72 0.00
-0.33 -0.29 0.59 -0.70 0.00
-0.29 -0.32 0.65 -0.67 0.00
-0.25 -0.34 0.71 -0.64 0.00
-0.21 -0.36 0.76 -0.60 0.00
-0.17 -0.38 0.81 -0.58 0.00
-0.13 -0.40 0.86 -0.54 0.00
-0.09 -0.41 0.90 -0.54 0.00
-0.05 -0.42 0.94 -0.53 0.00
-0.01 -0.42 0.96 -0.64 0.00
0.03 -0.42 0.99 -0.69 0.00
0.07 -0.42 1.02 -0.73 0.00
0.11 -0.43 1.05 -0.75 0.00
0.14 -0.44 1.10 -0.75 0.00
0.18 -0.45 1.13 -0.76 0.00
0.22 -0.46 1.17 -0.76 0.00
0.25 -0.47 1.20 -0.78 0.00
0.29 -0.49 1.24 -0.79 0.00
0.32 -0.50 1.28 -0.79 0.00
0.36 -0.51 1.32 -0.78 0.00
0.40 -0.52 1.36 -0.79 0.00
0.43 -0.53 1.41 -0.76 0.00
0.47 -0.54 1.45 -0.71 0.00
0.50 -0.55 1.49 -0.65 0.00
0.53 -0.56 1.53 -0.57 0.00
0.57 -0.56 1.56 -0.70 0.00
0.61 -0.56 1.59 -0.75 0.00
0.64 -0.56 1.62 -0.79 0.00
0.68 -0.56 1.65 -0.82 0.00
0.72 -0.57 1.68 -0.84 0.00
0.76 -0.58 1.72 -0.85 0.00
0.79 -0.59 1.75 -0.87 0.00
0.83 -0.60 1.79 -0.89 0.00
0.87 -0.61 1.82 -0.89 0.00
0.90 -0.62 1.86 -0.90 0.00
0.94 -0.63 1.90 -0.90 0.00
0.97 -0.64 1.94 -0.90 0.00
1.01 -0.65 1.98 -0.90 0.00
1.04 -0.66 2.02 -0.87 0.00
1.08 -0.67 2.06 -0.86 0.00
1.11 -0.68 2.10 -0.85 0.00
1.15 -0.69 2.10 -1.01 0.00
1.19 -0.70 2.12 -1.06 0.00
1.22 -0.71 2.13 -1.13 0.00
1.26 -0.72 2.14 -1.19 0.00
1.30 -0.73 2.16 -1.24 0.00
1.33 -0.74 2.18 -1.28 0.00
1.37 -0.76 2.20 -1.30 0.00
1.40 -0.77 2.22 -1.34 0.00
1.43 -0.79 2.25 -1.36 0.00
1.46 -0.81 2.28 -1.38 0.00
1.49 -0.83 2.33 -1.38 0.00
1.51 -0.85 2.37 -1.36 0.00
1.54 -0.87 2.42 -1.35 0.00
1.57 -0.89 2.47 -1.32 0.00
1.59 -0.91 2.52 -1.28 0.00
1.62 -0.93 2.57 -1.24 0.00
1.65 -0.94 2.58 -1.32 0.00
1.69 -0.96 2.61 -1.35 0.00
1.73 -0.97 2.64 -1.39 0.00
1.77 -0.99 2.67 -1.43 0.00
1.80 -1.00 2.70 -1.46 0.00
1.84 -1.02 2.72 -1.49 0.00
1.88 -1.03 2.75 -1.52 0.00
1.91 -1.05 2.78 -1.54 0.00
1.94 -1.07 2.82 -1.55 0.00
1.97 -1.08 2.86 -1.54 0.00
2.00 -1.10 2.92 -1.51 0.00
2.03 -1.12 2.97 -1.47 0.00
2.06 -1.14 3.01 -1.44 0.00
2.09 -1.15 3.06 -1.39 0.00
2.12 -1.17 3.11 -1.34 0.00
2.15 -1.18 3.15 -1.27 0.00
2.15 -1.18 2.79 -1.95 1.00
2.17 -1.21 2.75 -2.03 0.00
2.20 -1.24 2.71 -2.10 0.00
2.22 -1.27 2.68 -2.16 0.00
2.23 -1.29 2.54 -2.24 0.00
2.23 -1.32 2.45 -2.30 0.00
2.28 -1.41 2.69 -2.32 0.00
2.31 -1.40 2.49 -2.38 0.00
2.34 -1.43 2.42 -2.42 0.00
2.34 -1.47 2.42 -2.47 0.00
2.34 -1.51 2.47 -2.50 0.00
2.34 -1.55 2.47 -2.54 0.00
2.35 -1.59 2.48 -2.58 0.00
2.34 -1.63 2.41 -2.62 0.00
2.36 -1.67 2.30 -2.67 0.00
2.36 -1.71 2.20 -2.70 0.00
2.37 -1.74 2.16 -2.72 0.00
2.37 -1.78 2.22 -2.77 0.00
2.35 -1.84 2.16 -2.82 0.00
2.34 -1.88 1.99 -2.81 0.00
2.32 -1.92 1.90 -2.82 0.00
2.23 -1.92 1.30 -2.29 0.00
2.28 -2.01 1.77 -2.86 0.00
2.28 -2.04 1.61 -2.78 0.00
2.26 -2.06 1.60 -2.81 0.00
2.26 -2.10 1.59 -2.84 0.00
2.24 -2.13 1.61 -2.91 0.00
2.20 -2.19 1.43 -2.83 0.00
2.14 -2.24 1.19 -2.56 0.00
2.26 -2.24 1.81 -3.14 0.00
2.10 -2.27 1.17 -2.64 0.00
2.07 -2.30 1.10 -2.55 0.00
2.05 -2.32 1.06 -2.49 0.00
2.01 -2.33 1.02 -2.47 0.00
1.97 -2.34 0.98 -2.46 0.00
1.95 -2.38 0.96 -2.29 0.00
1.92 -2.37 0.92 -2.40 0.00
1.86 -2.35 0.86 -2.46 0.00
1.81 -2.36 0.82 -2.45 0.00
1.77 -2.37 0.77 -2.43 0.00
1.73 -2.37 0.73 -2.40 0.00
1.67 -2.37 0.67 -2.32 0.00
1.64 -2.37 0.66 -2.20 0.00
1.61 -2.38 0.65 -2.12 0.00
1.56 -2.37 0.63 -2.01 0.00
1.53 -2.36 0.59 -2.02 0.00
1.47 -2.37 0.55 -1.98 0.00
1.45 -2.36 0.60 -1.83 0.00
1.41 -2.36 0.52 -1.89 0.00
1.35 -2.32 0.40 -2.00 0.00
1.32 -2.29 0.38 -1.95 0.00
1.30 -2.27 0.37 -1.90 0.00
1.23 -2.24 0.28 -1.93 0.00
1.22 -2.24 0.23 -2.09 0.00
1.16 -2.22 0.16 -2.20 0.00
1.12 -2.22 0.14 -2.04 0.00
1.08 -2.22 0.13 -1.92 0.00
1.03 -2.20 0.10 -1.84 0.00
1.00 -2.20 0.06 -1.86 0.00
0.96 -2.19 0.01 -1.87 0.00
0.93 -2.19 -0.00 -1.81 0.00
0.87 -2.15 -0.08 -1.84 0.00
0.84 -2.16 -0.05 -1.71 0.00
0.80 -2.13 -0.10 -1.69 0.00
0.77 -2.10 -0.03 -1.50 0.00
0.72 -2.06 -0.11 -1.50 0.00
0.69 -2.02 -0.13 -1.46 0.00
0.66 -2.00 -0.14 -1.40 0.00
0.62 -1.98 -0.15 -1.35 0.00
0.58 -1.94 -0.24 -1.37 0.00
0.59 -1.93 -0.08 -1.19 0.00
0.55 -1.90 -0.03 -1.09 0.00
0.45 -1.87 -0.32 -1.23 0.00
0.40 -1.84 -0.24 -1.08 0.00
0.38 -1.82 -0.24 -1.04 0.00
0.34 -1.80 -0.22 -0.97 0.00
0.31 -1.77 -0.18 -0.90 0.00
0.28 -1.74 -0.14 -0.83 0.00
0.25 -1.71 -0.13 -0.78 0.00
0.23 -1.67 -0.13 -0.74 0.00
0.22 -1.63 -0.13 -0.70 0.00
0.21 -1.60 -0.20 -0.69 0.00
0.21 -1.56 -0.26 -0.67 0.00
0.19 -1.52 -0.28 -0.63 0.00
0.17 -1.48 -0.29 -0.59 0.00
0.15 -1.44 -0.31 -0.55 0.00
0.13 -1.39 -0.30 -0.49 0.00
0.11 -1.35 -0.27 -0.43 0.00
0.09 -1.31 -0.23 -0.37 0.00
0.07 -1.27 -0.19 -0.31 0.00
0.05 -1.23 -0.15 -0.25 0.00
0.02 -1.19 -0.08 -0.20 0.00
0.00 -1.15 -0.02 -0.15 0.00
-0.00 -1.11 -0.02 -0.11 0.00
-0.00 -1.07 -0.01 -0.07 0.00
-0.00 -1.03 -0.01 -0.03 0.00
-0.00 -1.00 -0.01 0.00 0.00
-0.00 -0.96 -0.04 0.04 0.00
-0.00 -0.91 -0.05 0.08 0.00
-0.00 -0.87 -0.06 0.12 0.00
-0.00 -0.83 -0.09 0.17 0.00
-0.01 -0.79 -0.10 0.21 0.00
-0.01 -0.75 -0.11 0.25 0.00
-0.01 -0.71 -0.11 0.29 0.00
-0.02 -0.67 -0.11 0.33 0.00
-0.02 -0.63 -0.11 0.37 0.00
-0.02 -0.59 -0.10 0.41 0.00
-0.03 -0.55 -0.09 0.45 0.00
-0.03 -0.51 -0.08 0.49 0.00
-0.04 -0.47 -0.07 0.53 0.00
-0.04 -0.43 -0.06 0.57 0.00
-0.04 -0.38 -0.04 0.62 0.00
-0.04 -0.34 -0.00 0.66 0.00
-0.04 -0.30 -0.02 0.70 0.00
-0.04 -0.26 -0.03 0.74 0.00
-0.03 -0.22 -0.04 0.78 0.00
