1.70 0.20 0.77 0.56 0.00
1.66 0.21 0.70 0.48 0.00
1.63 0.23 0.65 0.43 0.00
1.59 0.24 0.60 0.37 0.00
1.55 0.26 0.55 0.30 0.00
1.51 0.27 0.51 0.24 0.00
1.47 0.28 0.47 0.18 0.00
1.43 0.29 0.44 0.14 0.00
1.39 0.29 0.41 0.11 0.00
1.35 0.29 0.37 0.09 0.00
1.31 0.28 0.33 0.06 0.00
1.27 0.27 0.30 0.02 0.00
1.23 0.26 0.27 -0.02 0.00
1.19 0.26 0.25 -0.09 0.00
1.15 0.25 0.23 -0.15 0.00
1.11 0.24 0.21 -0.21 0.00
1.06 0.23 0.20 -0.27 0.00
1.02 0.24 0.23 -0.36 0.00
0.99 0.22 0.21 -0.41 0.00
0.95 0.19 0.16 -0.43 0.00
0.91 0.16 0.13 -0.46 0.00
0.88 0.13 0.11 -0.51 0.00
0.84 0.11 0.10 -0.57 0.00
0.80 0.08 0.08 -0.61 0.00
0.77 0.05 0.08 -0.68 0.00
0.73 0.02 0.07 -0.74 0.00
0.69 -0.01 0.07 -0.79 0.00
0.66 -0.04 0.06 -0.84 0.00
0.63 -0.08 0.03 -0.88 0.00
0.60 -0.12 -0.00 -0.92 0.00
0.56 -0.16 -0.02 -0.97 0.00
0.54 -0.19 0.00 -1.04 0.00
0.50 -0.24 0.05 -1.13 0.00
0.47 -0.27 0.10 -1.20 0.00
0.45 -0.31 0.08 -1.23 0.00
0.44 -0.35 0.06 -1.27 0.00
0.42 -0.39 0.04 -1.31 0.00
0.41 -0.42 0.05 -1.36 0.00
0.39 -0.46 0.08 -1.41 0.00
0.37 -0.50 0.10 -1.46 0.00
0.36 -0.54 0.13 -1.51 0.00
0.34 -0.58 0.18 -1.57 0.00
0.33 -0.62 0.21 -1.61 0.00
0.31 -0.66 0.24 -1.66 0.00
0.30 -0.70 0.25 -1.70 0.00
0.30 -0.74 0.25 -1.74 0.00
0.30 -0.78 0.24 -1.78 0.00
0.29 -0.82 0.24 -1.82 0.00
0.29 -0.86 0.24 -1.86 0.00
0.29 -0.90 0.25 -1.90 0.00
0.28 -0.94 0.26 -1.94 0.00
0.28 -0.98 0.26 -1.98 0.00
0.28 -1.02 0.26 -2.02 0.00
0.28 -1.06 0.26 -2.06 0.00
0.28 -1.10 0.26 -2.10 0.00
0.28 -1.14 0.26 -2.14 0.00
0.28 -1.18 0.26 -2.18 0.00
0.28 -1.22 0.26 -2.22 0.00
0.28 -1.26 0.26 -2.26 0.00
0.28 -1.30 0.27 -2.30 0.00
0.28 -1.34 0.26 -2.34 0.00
0.27 -1.38 0.26 -2.38 0.00
0.27 -1.42 0.26 -2.42 0.00
0.27 -1.46 0.26 -2.46 0.00
0.27 -1.50 0.27 -2.50 0.00
0.27 -1.54 0.31 -2.54 0.00
0.27 -1.58 0.31 -2.58 0.00
0.27 -1.62 0.32 -2.62 0.00
0.27 -1.66 0.33 -2.66 0.00
0.27 -1.70 0.33 -2.70 0.00
0.27 -1.74 0.34 -2.74 0.00
0.28 -1.78 0.34 -2.78 0.00
0.28 -1.82 0.35 -2.82 0.00
0.28 -1.86 0.36 -2.85 0.00
0.28 -1.90 0.39 -2.89 0.00
0.29 -1.94 0.40 -2.93 0.00
0.29 -1.98 0.41 -2.97 0.00
0.29 -2.02 0.43 -3.01 0.00
0.30 -2.06 0.44 -3.05 0.00
0.30 -2.10 0.45 -3.09 0.00
0.31 -2.14 0.44 -3.13 0.00
0.31 -2.18 0.44 -3.17 0.00
0.32 -2.22 0.44 -3.21 0.00
0.32 -2.26 0.45 -3.25 0.00
0.33 -2.30 0.45 -3.29 0.00
0.33 -2.34 0.45 -3.33 0.00
0.34 -2.38 0.40 -3.37 0.00
0.34 -2.42 0.32 -3.42 0.00
