-1.20 3.10 -2.20 3.15 0.00
-1.24 3.10 -2.24 3.14 0.00
-1.29 3.10 -2.28 3.21 0.00
-1.34 3.11 -2.31 3.33 0.00
-1.38 3.11 -2.33 3.43 0.00
-1.43 3.11 -2.33 3.54 0.00
-1.48 3.11 -2.32 3.65 0.00
-1.52 3.11 -2.29 3.75 0.00
-1.57 3.11 -2.26 3.84 0.00
-1.60 3.14 -2.28 3.87 0.00
-1.63 3.17 -2.32 3.89 0.00
-1.65 3.20 -2.35 3.92 0.00
-1.68 3.23 -2.34 3.98 0.00
-1.71 3.26 -2.32 4.04 0.00
-1.73 3.29 -2.29 4.11 0.00
-1.76 3.31 -2.26 4.18 0.00
-1.79 3.34 -2.21 4.25 0.00
-1.81 3.38 -2.22 4.29 0.00
-1.82 3.41 -2.22 4.33 0.00
-1.84 3.45 -2.23 4.37 0.00
-1.86 3.48 -2.23 4.41 0.00
-1.87 3.52 -2.23 4.45 0.00
-1.89 3.56 -2.24 4.49 0.00
-1.91 3.59 -2.23 4.54 0.00
-1.92 3.63 -2.23 4.58 0.00
-1.93 3.67 -2.23 4.62 0.00
-1.95 3.71 -2.24 4.66 0.00
-1.96 3.74 -2.23 4.71 0.00
-1.97 3.78 -2.21 4.75 0.00
-1.98 3.81 -2.19 4.79 0.00
-2.04 3.84 -1.89 4.83 0.00
-2.01 3.90 -2.12 4.89 0.00
-2.02 3.93 -2.13 4.93 0.00
-2.02 3.97 -2.12 4.97 0.00
-2.02 4.01 -2.11 5.00 0.00
-2.03 4.05 -2.09 5.05 0.00
-2.03 4.09 -2.10 5.09 0.00
-2.04 4.13 -2.04 5.13 0.00
-2.04 4.18 -2.04 5.18 0.00
-2.04 4.22 -2.03 5.22 0.00
-2.05 4.25 -2.00 5.25 0.00
-2.03 4.29 -1.86 5.28 0.00
-2.04 4.34 -1.82 5.31 0.00
-2.04 4.37 -1.72 5.32 0.00
-2.04 4.42 -1.66 5.34 0.00
-2.04 4.46 -1.58 5.35 0.00
-2.04 4.50 -1.52 5.36 0.00
-2.03 4.55 -1.50 5.40 0.00
-2.01 4.59 -1.43 5.41 0.00
-1.99 4.62 -1.32 5.36 0.00
-1.96 4.65 -1.16 5.25 0.00
-1.90 4.73 -1.49 5.64 0.00
-1.86 4.71 -0.94 5.12 0.00
-1.80 4.85 -1.53 5.81 0.00
-1.83 4.81 -1.05 5.43 0.00
-1.83 4.84 -0.99 5.39 0.00
-1.79 4.87 -0.95 5.41 0.00
-1.74 4.90 -0.90 5.43 0.00
-1.70 4.93 -0.86 5.47 0.00
-1.65 4.96 -0.81 5.50 0.00
-1.60 4.99 -0.76 5.53 0.00
-1.56 5.02 -0.71 5.55 0.00
-1.51 5.05 -0.66 5.57 0.00
-1.46 5.08 -0.62 5.61 0.00
-1.42 5.11 -0.56 5.62 0.00
-1.38 5.13 -0.45 5.50 0.00
-1.35 5.16 -0.39 5.44 0.00
-1.31 5.18 -0.33 5.39 0.00
-1.27 5.20 -0.28 5.34 0.00
-1.24 5.22 -0.24 5.30 0.00
-1.20 5.24 -0.20 5.27 0.00
-1.15 5.24 -0.15 5.26 0.00
-1.10 5.24 -0.10 5.28 0.00
-1.05 5.24 -0.05 5.29 0.00
-0.99 5.25 0.00 5.29 0.00
-0.94 5.25 0.06 5.29 0.00
-0.89 5.25 0.11 5.31 0.00
-0.84 5.25 0.16 5.31 0.00
-0.79 5.25 0.21 5.32 0.00
-0.74 5.26 0.26 5.32 0.00
-0.68 5.26 0.31 5.33 0.00
-0.64 5.26 0.35 5.39 0.00
-0.60 5.26 0.38 5.49 0.00
-0.56 5.27 0.39 5.60 0.00
-0.51 5.27 0.38 5.72 0.00
-0.47 5.27 0.35 5.84 0.00
-0.43 5.27 0.31 5.95 0.00
-0.39 5.28 0.27 6.03 0.00
-0.36 5.29 0.27 6.07 0.00
-0.34 5.32 0.28 6.11 0.00
-0.32 5.35 0.29 6.13 0.00
-0.30 5.37 0.30 6.17 0.00
-0.28 5.40 0.30 6.22 0.00
-0.26 5.43 0.29 6.26 0.00
-0.23 5.45 0.28 6.31 0.00
-0.21 5.48 0.27 6.35 0.00
-0.19 5.51 0.24 6.41 0.00
-0.17 5.54 0.24 6.45 0.00
-0.16 5.58 0.26 6.49 0.00
-0.14 5.61 0.27 6.53 0.00
-0.12 5.65 0.28 6.57 0.00
-0.10 5.69 0.29 6.61 0.00
-0.09 5.72 0.30 6.64 0.00
-0.07 5.76 0.31 6.68 0.00
-0.06 5.79 0.32 6.72 0.00
-0.04 5.83 0.35 6.75 0.00
-0.03 5.87 0.36 6.79 0.00
-0.01 5.90 0.37 6.83 0.00
0.00 5.94 0.36 6.87 0.00
0.02 5.98 0.33 6.93 0.00
0.03 6.01 0.30 6.97 0.00
0.05 6.05 0.28 7.02 0.00
0.07 6.09 0.23 7.07 0.00
0.07 6.09 0.88 6.67 1.00
0.07 6.09 1.05 5.92 1.00
0.11 6.08 1.09 5.91 0.00
0.15 6.07 1.12 5.85 0.00
0.19 6.07 1.13 5.74 0.00
0.23 6.06 1.13 5.62 0.00
0.27 6.05 1.11 5.52 0.00
0.31 6.05 1.09 5.41 0.00
0.35 6.04 1.05 5.32 0.00
0.39 6.03 0.99 5.23 0.00
0.42 6.01 1.00 5.19 0.00
0.45 5.98 1.02 5.16 0.00
0.47 5.94 1.05 5.13 0.00
0.49 5.91 1.07 5.09 0.00
0.52 5.88 1.09 5.06 0.00
0.54 5.84 1.11 5.02 0.00
0.56 5.81 1.16 5.00 0.00
0.59 5.78 1.16 4.96 0.00
0.59 5.78 0.42 4.79 1.00
0.58 5.74 0.40 4.75 0.00
0.57 5.70 0.39 4.71 0.00
0.57 5.66 0.38 4.68 0.00
0.56 5.62 0.36 4.64 0.00
0.55 5.58 0.33 4.60 0.00
0.54 5.54 0.27 4.57 0.00
0.54 5.51 0.25 4.55 0.00
0.48 5.46 0.44 4.46 0.00
0.52 5.41 0.08 4.52 0.00
0.52 5.37 0.09 4.47 0.00
0.50 5.33 0.02 4.46 0.00
0.47 5.30 0.12 4.36 0.00
0.46 5.26 -0.02 4.38 0.00
0.42 5.20 -0.09 4.34 0.00
0.39 5.18 -0.28 4.44 0.00
0.40 5.14 -0.29 4.42 0.00
0.37 5.10 -0.34 4.40 0.00
0.34 5.07 -0.42 4.42 0.00
0.31 5.04 -0.52 4.48 0.00
0.28 5.00 -0.61 4.54 0.00
0.24 4.97 -0.69 4.62 0.00
0.21 4.94 -0.76 4.68 0.00
0.18 4.91 -0.81 4.76 0.00
0.14 4.88 -0.85 4.82 0.00
0.10 4.87 -0.90 4.85 0.00
0.06 4.87 -0.94 4.86 0.00
0.02 4.87 -0.98 4.90 0.00
-0.02 4.87 -1.01 4.96 0.00
-0.05 4.87 -1.04 5.04 0.00
-0.09 4.87 -1.06 5.12 0.00
-0.13 4.87 -1.07 5.21 0.00
-0.17 4.87 -1.08 5.29 0.00
-0.21 4.88 -1.11 5.31 0.00
-0.25 4.90 -1.14 5.34 0.00
-0.29 4.92 -1.17 5.38 0.00
-0.32 4.94 -1.21 5.40 0.00
-0.36 4.95 -1.23 5.45 0.00
-0.40 4.97 -1.25 5.49 0.00
-0.44 4.99 -1.28 5.53 0.00
-0.47 5.01 -1.30 5.57 0.00
-0.51 5.03 -1.31 5.63 0.00
-0.54 5.05 -1.31 5.69 0.00
-0.58 5.07 -1.31 5.76 0.00
-0.61 5.10 -1.30 5.81 0.00
-0.64 5.12 -1.30 5.87 0.00
-0.67 5.14 -1.29 5.92 0.00
-0.70 5.17 -1.28 5.98 0.00
-0.73 5.20 -1.29 6.02 0.00
-0.75 5.23 -1.31 6.06 0.00
-0.78 5.27 -1.31 6.12 0.00
-0.81 5.30 -1.31 6.17 0.00
-0.83 5.34 -1.31 6.22 0.00
-0.86 5.38 -1.29 6.28 0.00
-0.88 5.41 -1.29 6.33 0.00
-0.91 5.45 -1.30 6.37 0.00
-0.92 5.49 -1.32 6.41 0.00
-0.94 5.53 -1.34 6.45 0.00
-0.96 5.57 -1.30 6.50 0.00
-0.97 5.60 -1.24 6.57 0.00
-0.99 5.64 -1.16 6.63 0.00
-1.00 5.68 -1.09 6.67 0.00
-1.02 5.72 -1.02 6.72 0.00
-1.04 5.75 -0.95 6.75 0.00
-1.05 5.79 -0.89 6.77 0.00
-1.05 5.79 -0.24 6.37 1.00
-1.02 5.82 -0.16 6.34 0.00
-0.98 5.85 -0.10 6.33 0.00
-0.95 5.88 -0.05 6.32 0.00
-0.91 5.91 0.01 6.30 0.00
-0.87 5.93 0.06 6.30 0.00
-0.83 5.95 0.10 6.31 0.00
-0.79 5.96 0.14 6.31 0.00
-0.75 5.98 0.19 6.31 0.00
-0.72 5.99 0.24 6.29 0.00
-0.68 6.01 0.29 6.27 0.00
-0.64 6.02 0.34 6.25 0.00
-0.60 6.04 0.38 6.23 0.00
-0.56 6.05 0.43 6.21 0.00
-0.52 6.06 0.48 6.17 0.00
-0.48 6.07 0.52 6.16 0.00
-0.43 6.08 0.56 6.16 0.00
-0.39 6.08 0.60 6.18 0.00
-0.35 6.09 0.64 6.18 0.00
-0.31 6.09 0.69 6.18 0.00
-0.27 6.09 0.73 6.18 0.00
-0.23 6.10 0.77 6.17 0.00
-0.19 6.10 0.81 6.15 0.00
-0.15 6.11 0.85 6.12 0.00
-0.11 6.11 0.89 6.08 0.00
-0.07 6.11 0.93 6.04 0.00
-0.03 6.12 0.97 5.98 0.00
0.01 6.12 1.00 5.94 0.00
0.05 6.12 1.03 5.89 0.00
0.09 6.11 1.06 5.86 0.00
0.13 6.11 1.09 5.83 0.00
0.16 6.10 1.12 5.80 0.00
0.20 6.09 1.15 5.76 0.00
0.24 6.08 1.19 5.77 0.00
0.28 6.07 1.23 5.76 0.00
0.32 6.05 1.27 5.73 0.00
0.36 6.04 1.26 5.61 0.00
0.40 6.03 1.24 5.49 0.00
0.44 6.01 1.21 5.37 0.00
0.48 6.00 1.16 5.26 0.00
0.52 5.99 1.09 5.17 0.00
0.56 5.98 1.04 5.10 0.00
0.59 5.96 0.98 5.04 0.00
0.61 5.92 0.98 4.99 0.00
0.62 5.88 0.99 4.96 0.00
0.64 5.85 1.00 4.92 0.00
0.65 5.81 1.00 4.87 0.00
0.67 5.77 0.99 4.83 0.00
0.68 5.74 0.97 4.78 0.00
0.68 5.74 0.20 4.86 1.00
0.66 5.70 0.17 4.82 0.00
0.63 5.65 0.15 4.78 0.00
0.61 5.61 0.12 4.74 0.00
0.59 5.56 0.06 4.71 0.00
0.56 5.52 0.00 4.69 0.00
0.53 5.51 -0.06 4.71 0.00
0.42 5.37 0.40 4.37 0.00
0.43 5.34 0.08 4.41 0.00
0.41 5.34 -0.25 4.59 0.00
0.40 5.33 -0.51 4.91 0.00
0.38 5.27 -0.47 4.75 0.00
0.37 5.25 -0.46 4.70 0.00
0.34 5.23 -0.50 4.67 0.00
0.30 5.20 -0.55 4.68 0.00
0.27 5.18 -0.63 4.74 0.00
0.23 5.16 -0.71 4.81 0.00
0.19 5.14 -0.77 4.88 0.00
0.15 5.12 -0.83 4.93 0.00
0.12 5.11 -0.88 4.98 0.00
0.08 5.10 -0.92 5.04 0.00
0.04 5.08 -0.96 5.11 0.00
-0.00 5.07 -1.00 5.18 0.00
-0.04 5.07 -1.03 5.25 0.00
-0.08 5.07 -1.05 5.31 0.00
-0.12 5.07 -1.08 5.36 0.00
-0.16 5.08 -1.10 5.42 0.00
-0.20 5.08 -1.12 5.47 0.00
-0.24 5.09 -1.14 5.53 0.00
-0.28 5.10 -1.16 5.57 0.00
-0.32 5.11 -1.18 5.61 0.00
-0.35 5.13 -1.21 5.64 0.00
-0.39 5.15 -1.23 5.70 0.00
-0.43 5.18 -1.28 5.71 0.00
-0.47 5.20 -1.31 5.73 0.00
-0.50 5.22 -1.35 5.76 0.00
-0.54 5.25 -1.38 5.80 0.00
-0.58 5.27 -1.41 5.83 0.00
-0.62 5.29 -1.45 5.85 0.00
-0.65 5.32 -1.46 5.90 0.00
-0.69 5.34 -1.46 5.97 0.00
-0.72 5.36 -1.44 6.06 0.00
-0.76 5.39 -1.41 6.14 0.00
-0.79 5.41 -1.37 6.22 0.00
-0.83 5.43 -1.33 6.29 0.00
-0.86 5.45 -1.29 6.35 0.00
-0.88 5.48 -1.25 6.41 0.00
-0.90 5.52 -1.25 6.45 0.00
-0.92 5.55 -1.27 6.49 0.00
-0.93 5.59 -1.31 6.52 0.00
-0.95 5.63 -1.32 6.56 0.00
-0.96 5.67 -1.34 6.59 0.00
-0.98 5.70 -1.35 6.63 0.00
-0.99 5.74 -1.35 6.68 0.00
-1.01 5.78 -1.36 6.72 0.00
-1.02 5.81 -1.36 6.75 0.00
-1.04 5.85 -1.37 6.79 0.00
-1.05 5.89 -1.38 6.83 0.00
-1.06 5.93 -1.38 6.87 0.00
-1.08 5.96 -1.40 6.91 0.00
-1.09 6.00 -1.39 6.96 0.00
-1.11 6.04 -1.38 7.00 0.00
-1.11 6.07 -1.41 7.02 0.00
-1.13 6.11 -1.32 7.10 0.00
-1.16 6.14 -1.21 7.14 0.00
-1.13 6.10 -0.74 7.02 1.00
-1.17 5.97 -0.29 6.44 1.00
-1.13 5.98 -0.21 6.36 0.00
-1.10 6.00 -0.16 6.33 0.00
-1.07 6.02 -0.10 6.29 0.00
-0.98 6.03 -0.11 6.52 0.00
-0.98 6.06 -0.03 6.36 0.00
-1.00 6.07 -0.01 5.99 0.00
-0.86 6.09 0.12 6.28 0.00
-0.87 6.09 0.11 6.30 0.00
-0.80 6.13 0.14 6.48 0.00
-0.78 6.10 0.21 6.24 0.00
-0.75 6.11 0.25 6.12 0.00
-0.71 6.12 0.29 6.07 0.00
-0.67 6.12 0.33 6.04 0.00
-0.62 6.13 0.37 5.99 0.00
-0.58 6.13 0.41 5.98 0.00
-0.53 6.14 0.45 5.95 0.00
-0.49 6.13 0.49 5.95 0.00
-0.45 6.12 0.53 5.93 0.00
-0.41 6.11 0.57 5.92 0.00
-0.37 6.11 0.60 5.89 0.00
-0.33 6.10 0.64 5.86 0.00
-0.29 6.09 0.66 5.79 0.00
-0.25 6.08 0.69 5.74 0.00
-0.21 6.07 0.71 5.69 0.00
-0.18 6.06 0.73 5.64 0.00
-0.14 6.05 0.74 5.59 0.00
-0.10 6.04 0.76 5.53 0.00
-0.07 6.03 0.76 5.46 0.00
-0.04 6.01 0.74 5.38 0.00
-0.00 5.99 0.71 5.29 0.00
0.03 5.97 0.68 5.21 0.00
0.06 5.95 0.64 5.14 0.00
0.09 5.92 0.65 5.10 0.00
0.11 5.89 0.66 5.05 0.00
0.13 5.85 0.67 5.01 0.00
0.16 5.82 0.67 4.96 0.00
0.18 5.79 0.65 4.91 0.00
0.20 5.75 0.63 4.85 0.00
0.22 5.72 0.57 4.78 0.00
0.24 5.69 0.50 4.72 0.00
0.26 5.65 0.43 4.67 0.00
0.28 5.62 0.35 4.62 0.00
0.30 5.59 0.28 4.59 0.00
0.31 5.55 0.23 4.55 0.00
0.32 5.51 0.18 4.52 0.00
0.32 5.47 0.15 4.48 0.00
0.31 5.43 0.10 4.45 0.00
0.31 5.39 0.05 4.42 0.00
0.30 5.35 0.06 4.38 0.00
0.29 5.31 0.03 4.34 0.00
0.28 5.27 0.02 4.30 0.00
0.26 5.23 0.01 4.26 0.00
0.25 5.19 -0.02 4.23 0.00
0.24 5.15 -0.06 4.19 0.00
0.23 5.11 -0.11 4.17 0.00
0.22 5.07 -0.16 4.14 0.00
0.21 5.03 -0.22 4.13 0.00
0.20 4.99 -0.28 4.11 0.00
0.19 4.95 -0.33 4.09 0.00
0.17 4.91 -0.38 4.07 0.00
0.16 4.87 -0.43 4.06 0.00
0.13 4.83 -0.48 4.04 0.00
0.11 4.80 -0.53 4.03 0.00
0.09 4.76 -0.62 4.05 0.00
0.06 4.73 -0.68 4.05 0.00
0.03 4.70 -0.78 4.11 0.00
-0.01 4.67 -0.87 4.17 0.00
-0.04 4.64 -0.96 4.25 0.00
-0.07 4.61 -1.03 4.33 0.00
-0.10 4.58 -1.09 4.40 0.00
-0.13 4.55 -1.13 4.49 0.00
-0.17 4.55 -1.17 4.55 0.00
-0.21 4.55 -1.21 4.50 0.00
-0.26 4.56 -1.26 4.52 0.00
-0.30 4.55 -1.30 4.56 0.00
-0.35 4.53 -1.35 4.58 0.00
-0.37 4.53 -1.35 4.74 0.00
-0.41 4.53 -1.37 4.83 0.00
-0.46 4.53 -1.37 4.94 0.00
-0.50 4.53 -1.36 5.04 0.00
-0.53 4.55 -1.38 5.09 0.00
-0.57 4.57 -1.40 5.13 0.00
-0.61 4.59 -1.42 5.18 0.00
-0.64 4.61 -1.44 5.22 0.00
-0.68 4.63 -1.46 5.26 0.00
-0.72 4.66 -1.49 5.29 0.00
-0.75 4.68 -1.50 5.34 0.00
-0.78 4.71 -1.52 5.38 0.00
-0.81 4.73 -1.55 5.41 0.00
-0.84 4.76 -1.57 5.44 0.00
-0.88 4.79 -1.60 5.47 0.00
-0.90 4.82 -1.61 5.52 0.00
-0.93 4.84 -1.61 5.58 0.00
-0.96 4.87 -1.57 5.66 0.00
-0.99 4.90 -1.56 5.72 0.00
-1.02 4.92 -1.53 5.79 0.00
-1.04 4.96 -1.60 5.79 0.00
-1.06 4.99 -1.60 5.83 0.00
-1.08 5.03 -1.62 5.87 0.00
-1.10 5.06 -1.63 5.91 0.00
-1.13 5.10 -1.63 5.96 0.00
-1.15 5.13 -1.62 6.01 0.00
-1.17 5.16 -1.60 6.07 0.00
-1.19 5.20 -1.57 6.12 0.00
-1.21 5.23 -1.53 6.18 0.00
-1.23 5.27 -1.48 6.24 0.00
-1.25 5.30 -1.42 6.29 0.00
-1.27 5.34 -1.36 6.33 0.00
-1.28 5.38 -1.32 6.38 0.00
-1.29 5.42 -1.27 6.42 0.00
-1.30 5.46 -1.23 6.46 0.00
-1.30 5.50 -1.19 6.49 0.00
-1.30 5.54 -1.18 6.53 0.00
-1.29 5.58 -1.17 6.57 0.00
-1.29 5.62 -1.15 6.61 0.00
-1.29 5.66 -1.13 6.65 0.00
-1.28 5.70 -1.12 6.69 0.00
-1.28 5.74 -1.10 6.73 0.00
-1.27 5.78 -1.08 6.76 0.00
-1.27 5.82 -1.06 6.80 0.00
-1.26 5.86 -1.03 6.84 0.00
-1.25 5.90 -1.02 6.88 0.00
-1.24 5.94 -0.97 6.90 0.00
-1.23 5.98 -0.92 6.93 0.00
-1.23 6.02 -0.86 6.95 0.00
-1.22 6.05 -0.80 6.96 0.00
-1.20 6.08 -0.81 7.00 0.00
-1.17 6.11 -0.90 7.07 0.00
-1.17 6.06 -0.49 6.80 1.00
-1.16 5.94 -0.16 6.00 1.00
-1.12 5.95 -0.12 5.91 0.00
-1.08 5.95 -0.09 5.84 0.00
-1.04 5.95 -0.05 5.80 0.00
-1.00 5.96 -0.02 5.76 0.00
-0.95 5.96 0.02 5.71 0.00
-0.91 5.95 0.06 5.72 0.00
-0.88 5.94 0.09 5.70 0.00
-0.83 5.93 0.13 5.66 0.00
-0.79 5.92 0.16 5.61 0.00
-0.75 5.91 0.19 5.58 0.00
-0.71 5.90 0.22 5.53 0.00
-0.66 5.89 0.25 5.49 0.00
-0.62 5.88 0.28 5.44 0.00
-0.58 5.87 0.31 5.40 0.00
