-0.40 0.70 0.56 0.99 0.00
-0.36 0.72 0.61 0.94 0.00
-0.33 0.74 0.66 0.90 0.00
-0.29 0.76 0.70 0.86 0.00
-0.25 0.76 0.75 0.86 0.00
-0.21 0.77 0.78 0.86 0.00
-0.17 0.77 0.82 0.88 0.00
-0.14 0.77 0.84 1.00 0.00
-0.10 0.78 0.83 1.15 0.00
-0.06 0.78 0.80 1.29 0.00
-0.03 0.78 0.75 1.42 0.00
0.01 0.79 0.68 1.53 0.00
0.05 0.79 0.63 1.61 0.00
0.09 0.80 0.57 1.67 0.00
0.11 0.83 0.58 1.71 0.00
0.13 0.86 0.60 1.75 0.00
0.15 0.90 0.61 1.79 0.00
0.17 0.94 0.55 1.86 0.00
0.19 0.98 0.51 1.92 0.00
0.21 1.01 0.46 1.98 0.00
0.23 1.05 0.41 2.03 0.00
0.25 1.09 0.35 2.09 0.00
0.27 1.13 0.29 2.13 0.00
0.28 1.17 0.25 2.17 0.00
0.28 1.20 0.25 2.20 0.00
0.28 1.24 0.17 2.23 0.00
0.27 1.26 0.39 2.25 0.00
0.28 1.33 0.16 2.33 0.00
0.27 1.37 0.12 2.36 0.00
0.27 1.41 0.08 2.40 0.00
0.28 1.44 0.03 2.41 0.00
0.26 1.51 -0.01 2.47 0.00
0.27 1.54 -0.05 2.49 0.00
0.27 1.56 0.70 2.46 1.00
0.26 1.56 1.19 1.91 1.00
0.29 1.57 1.22 1.94 0.00
0.34 1.59 1.27 1.97 0.00
0.39 1.60 1.26 2.10 0.00
0.42 1.62 1.15 2.30 0.00
0.52 1.60 1.31 2.21 0.00
0.49 1.65 1.10 2.45 0.00
0.51 1.66 1.07 2.49 0.00
0.55 1.67 1.04 2.54 0.00
0.58 1.70 1.04 2.59 0.00
0.59 1.74 1.05 2.62 0.00
0.61 1.78 1.05 2.68 0.00
0.63 1.82 1.00 2.75 0.00
0.65 1.85 0.93 2.81 0.00
0.67 1.89 0.85 2.88 0.00
0.69 1.93 0.76 2.93 0.00
0.71 1.97 0.67 2.97 0.00
0.71 2.01 0.56 3.00 0.00
0.71 2.05 0.47 3.02 0.00
0.71 2.09 0.38 3.03 0.00
0.71 2.13 0.30 3.04 0.00
0.70 2.17 0.23 3.05 0.00
0.70 2.21 0.16 3.05 0.00
0.69 2.25 0.09 3.05 0.00
0.67 2.28 0.06 3.08 0.00
0.64 2.32 0.02 3.10 0.00
0.63 2.36 -0.01 3.12 0.00
0.59 2.39 -0.07 3.15 0.00
0.59 2.46 -0.25 3.00 0.00
0.54 2.46 -0.17 3.17 0.00
0.50 2.50 -0.22 3.19 0.00
0.46 2.56 -0.40 3.07 0.00
0.42 2.58 -0.41 3.14 0.00
0.42 2.58 0.14 3.54 1.00
0.43 2.58 0.96 3.43 1.00
0.46 2.61 0.87 3.52 0.00
0.48 2.65 0.81 3.60 0.00
0.51 2.71 0.56 3.71 0.00
0.53 2.74 0.47 3.74 0.00
0.56 2.76 0.49 3.76 0.00
0.57 2.81 0.30 3.77 0.00
0.57 2.83 0.34 3.81 0.00
0.57 2.88 0.34 3.85 0.00
0.57 2.93 0.22 3.86 0.00
0.56 2.94 0.42 3.93 0.00
0.53 2.99 0.21 3.94 0.00
0.52 3.04 0.13 3.96 0.00
0.54 3.04 0.01 3.89 0.00
0.49 3.11 -0.10 3.92 0.00
0.46 3.16 -0.22 3.90 0.00
0.47 3.19 -0.23 3.91 0.00
0.49 3.21 0.54 4.21 1.00
0.50 3.26 0.29 4.24 0.00
0.49 3.29 0.39 4.29 0.00
0.49 3.33 0.41 4.32 0.00
0.50 3.38 0.32 4.36 0.00
0.50 3.41 0.27 4.38 0.00
0.49 3.46 0.22 4.42 0.00
0.49 3.48 0.19 4.43 0.00
0.51 3.51 0.20 4.46 0.00
0.48 3.56 0.01 4.44 0.00
0.46 3.63 -0.06 4.48 0.00
0.45 3.66 -0.24 4.39 0.00
0.45 3.70 -0.22 4.44 0.00
0.45 3.73 -0.31 4.38 0.00
0.44 3.77 -0.37 4.36 0.00
0.40 3.79 -0.41 4.38 0.00
0.38 3.84 -0.48 4.34 0.00
0.35 3.86 -0.54 4.32 0.00
0.30 3.89 -0.62 4.28 0.00
0.25 3.91 -0.65 4.35 0.00
0.22 3.95 -0.69 4.37 0.00
0.17 3.96 -0.74 4.36 0.00
0.14 3.98 -0.81 4.29 0.00
0.08 4.00 -0.84 4.39 0.00
0.05 4.00 -0.89 4.36 0.00
0.01 4.03 -0.93 4.37 0.00
-0.00 4.02 -1.00 4.12 0.00
-0.01 4.04 -0.99 4.23 0.00
-0.07 4.04 -1.04 4.29 0.00
-0.11 4.05 -1.04 4.41 0.00
-0.13 4.05 -0.90 4.69 0.00
-0.23 4.07 -1.22 4.00 0.00
-0.27 4.08 -1.27 3.96 0.00
-0.31 4.14 -1.30 4.28 0.00
-0.45 4.05 -1.18 3.37 0.00
-0.44 4.07 -1.43 3.95 0.00
-0.43 4.06 -1.42 3.91 0.00
-0.47 4.06 -1.46 3.90 0.00
-0.51 4.05 -1.50 3.88 0.00
-0.56 4.05 -1.53 3.83 0.00
-0.60 4.04 -1.57 3.81 0.00
-0.63 4.03 -1.60 3.78 0.00
-0.67 4.03 -1.63 3.75 0.00
-0.71 4.02 -1.67 3.72 0.00
-0.75 4.01 -1.70 3.69 0.00
-0.79 4.00 -1.74 3.67 0.00
-0.83 3.99 -1.77 3.65 0.00
-0.87 3.97 -1.80 3.62 0.00
-0.91 3.96 -1.84 3.60 0.00
-0.94 3.95 -1.85 3.53 0.00
-0.98 3.93 -1.88 3.50 0.00
-1.02 3.92 -1.91 3.46 0.00
-1.06 3.90 -1.93 3.42 0.00
-1.10 3.89 -1.96 3.38 0.00
-1.14 3.87 -1.98 3.33 0.00
-1.17 3.85 -2.00 3.29 0.00
-1.21 3.83 -2.02 3.25 0.00
-1.24 3.81 -2.05 3.23 0.00
