-3.20 0.10 -2.27 -0.28 0.00
-3.16 0.09 -2.25 -0.33 0.00
-3.11 0.07 -2.20 -0.34 0.00
-3.07 0.05 -2.17 -0.38 0.00
-3.02 0.03 -2.12 -0.40 0.00
-2.98 0.01 -2.09 -0.45 0.00
-2.93 -0.01 -2.04 -0.46 0.00
-2.89 -0.03 -2.01 -0.51 0.00
-2.85 -0.05 -1.97 -0.53 0.00
-2.81 -0.08 -1.95 -0.58 0.00
-2.77 -0.10 -1.91 -0.61 0.00
-2.72 -0.12 -1.86 -0.63 0.00
-2.68 -0.15 -1.83 -0.67 0.00
-2.64 -0.17 -1.79 -0.69 0.00
-2.60 -0.20 -1.74 -0.72 0.00
-2.56 -0.22 -1.70 -0.74 0.00
-2.51 -0.25 -1.66 -0.77 0.00
-2.52 -0.22 -1.94 -1.03 1.00
-2.52 -0.22 -2.69 -1.20 1.00
-2.52 -0.22 -3.33 -0.80 1.00
-2.52 -0.22 -3.50 -0.05 1.00
-2.56 -0.21 -3.55 -0.08 0.00
-2.60 -0.21 -3.59 -0.08 0.00
-2.64 -0.20 -3.63 -0.07 0.00
-2.67 -0.19 -3.66 -0.04 0.00
-2.71 -0.19 -3.69 0.01 0.00
-2.75 -0.18 -3.72 0.08 0.00
-2.79 -0.18 -3.74 0.14 0.00
-2.82 -0.17 -3.75 0.20 0.00
-2.85 -0.17 -3.76 0.24 0.00
-2.88 -0.16 -3.79 0.24 0.00
-2.90 -0.16 -3.79 0.30 0.00
-2.92 -0.14 -3.80 0.35 0.00
-2.96 -0.13 -3.76 0.46 0.00
-2.98 -0.11 -3.74 0.54 0.00
-3.01 -0.10 -3.70 0.62 0.00
-3.04 -0.09 -3.64 0.71 0.00
-3.06 -0.06 -3.55 0.81 0.00
-3.09 -0.02 -3.47 0.90 0.00
-3.11 0.01 -3.42 0.96 0.00
-3.13 0.05 -3.35 1.02 0.00
-3.16 0.07 -3.26 1.07 0.00
-3.19 0.11 -3.18 1.11 0.00
-3.19 0.15 -3.14 1.15 0.00
-3.19 0.18 -3.14 1.18 0.00
-3.19 0.22 -3.17 1.22 0.00
-3.18 0.26 -3.15 1.26 0.00
-3.19 0.29 -3.10 1.29 0.00
-3.18 0.33 -3.06 1.33 0.00
-3.18 0.37 -2.99 1.35 0.00
-3.18 0.41 -2.93 1.38 0.00
-3.18 0.44 -2.87 1.39 0.00
-3.18 0.47 -2.78 1.39 0.00
-3.18 0.47 -2.25 0.84 1.00
-3.14 0.49 -2.19 0.79 0.00
-3.10 0.51 -2.14 0.77 0.00
-3.07 0.52 -2.08 0.71 0.00
-3.03 0.53 -2.03 0.64 0.00
-2.99 0.55 -1.99 0.64 0.00
-2.94 0.54 -1.95 0.39 0.00
-2.90 0.56 -1.96 0.22 0.00
-2.87 0.58 -1.87 0.52 0.00
-2.82 0.59 -1.84 0.44 0.00
-2.79 0.58 -1.80 0.44 0.00
-2.74 0.58 -1.75 0.43 0.00
-2.68 0.56 -1.70 0.36 0.00
-2.62 0.56 -1.64 0.38 0.00
-2.58 0.56 -1.60 0.38 0.00
-2.55 0.55 -1.59 0.29 0.00
-2.52 0.54 -1.57 0.23 0.00
-2.46 0.55 -1.51 0.23 0.00
-2.40 0.52 -1.42 0.34 0.00
-2.39 0.50 -1.43 0.20 0.00
-2.35 0.46 -1.44 0.03 0.00
-2.31 0.47 -1.36 0.16 0.00
-2.26 0.45 -1.30 0.18 0.00
-2.24 0.44 -1.29 0.12 0.00
-2.21 0.43 -1.24 0.17 0.00
-2.16 0.42 -1.22 0.06 0.00
-2.12 0.40 -1.16 0.14 0.00
-2.07 0.38 -1.11 0.09 0.00
-2.03 0.37 -1.08 0.06 0.00
-1.98 0.36 -1.00 0.18 0.00
-1.95 0.34 -0.98 0.08 0.00
-1.90 0.30 -0.97 -0.05 0.00
-1.81 0.36 -0.83 0.52 0.00
-1.78 0.37 -0.78 0.50 0.00
-1.74 0.38 -0.74 0.50 0.00
-1.70 0.39 -0.70 0.50 0.00
-1.66 0.39 -0.66 0.50 0.00
-1.62 0.40 -0.62 0.49 0.00
-1.58 0.40 -0.58 0.48 0.00
-1.54 0.41 -0.54 0.46 0.00
-1.50 0.41 -0.50 0.45 0.00
-1.46 0.42 -0.46 0.43 0.00
-1.42 0.42 -0.42 0.41 0.00
-1.38 0.42 -0.38 0.39 0.00
-1.34 0.42 -0.34 0.35 0.00
-1.30 0.42 -0.31 0.31 0.00
-1.26 0.42 -0.27 0.25 0.00
-1.22 0.42 -0.25 0.18 0.00
-1.18 0.42 -0.22 0.13 0.00
-1.15 0.40 -0.17 0.18 0.00
-1.11 0.38 -0.13 0.19 0.00
-1.07 0.37 -0.09 0.17 0.00
-1.03 0.37 -0.05 0.15 0.00
-0.99 0.36 -0.02 0.12 0.00
-0.94 0.35 0.01 0.06 0.00
-0.90 0.34 0.04 0.02 0.00
-0.86 0.33 0.07 -0.03 0.00
-0.82 0.33 0.10 -0.07 0.00
-0.78 0.32 0.12 -0.11 0.00
-0.74 0.30 0.15 -0.14 0.00
-0.71 0.29 0.19 -0.17 0.00
-0.67 0.27 0.22 -0.20 0.00
-0.63 0.25 0.26 -0.22 0.00
-0.59 0.23 0.29 -0.25 0.00
-0.55 0.21 0.32 -0.29 0.00
-0.51 0.19 0.30 -0.38 0.00
-0.48 0.18 0.32 -0.42 0.00
-0.45 0.16 0.34 -0.46 0.00
-0.42 0.13 0.37 -0.48 0.00
-0.39 0.11 0.41 -0.50 0.00
-0.36 0.09 0.43 -0.53 0.00
-0.33 0.06 0.46 -0.56 0.00
-0.30 0.04 0.51 -0.55 0.00
-0.27 0.02 0.58 -0.51 0.00
-0.24 -0.01 0.66 -0.44 0.00
-0.21 -0.03 0.72 -0.38 0.00
-0.18 -0.05 0.79 -0.30 0.00
-0.15 -0.07 0.83 -0.22 0.00
-0.13 -0.10 0.87 -0.14 0.00
-0.10 -0.11 0.90 -0.09 0.00
-0.07 -0.11 0.93 -0.07 0.00
-0.03 -0.11 0.97 -0.16 0.00
0.01 -0.11 1.01 -0.17 0.00
0.05 -0.11 1.05 -0.19 0.00
0.09 -0.11 1.08 -0.20 0.00
0.13 -0.11 1.12 -0.21 0.00
0.16 -0.11 1.16 -0.22 0.00
0.20 -0.12 1.20 -0.22 0.00
0.24 -0.12 1.24 -0.23 0.00
0.28 -0.13 1.27 -0.23 0.00
0.32 -0.13 1.31 -0.21 0.00
0.35 -0.13 1.35 -0.19 0.00
0.39 -0.14 1.39 -0.17 0.00
0.42 -0.14 1.42 -0.15 0.00
0.46 -0.15 1.46 -0.12 0.00
0.49 -0.15 1.49 -0.10 0.00
0.53 -0.15 1.53 -0.07 0.00
0.57 -0.15 1.57 -0.19 0.00
0.61 -0.14 1.60 -0.23 0.00
0.65 -0.14 1.64 -0.27 0.00
0.69 -0.14 1.67 -0.31 0.00
0.73 -0.14 1.71 -0.34 0.00
0.77 -0.15 1.74 -0.38 0.00
0.80 -0.15 1.76 -0.43 0.00
0.84 -0.16 1.79 -0.47 0.00
0.88 -0.16 1.82 -0.50 0.00
0.91 -0.17 1.84 -0.54 0.00
0.95 -0.18 1.86 -0.58 0.00
0.98 -0.19 1.89 -0.61 0.00
1.01 -0.21 1.92 -0.63 0.00
1.04 -0.22 1.95 -0.63 0.00
1.07 -0.23 1.99 -0.64 0.00
1.10 -0.25 2.02 -0.64 0.00
1.14 -0.26 1.98 -0.80 0.00
1.17 -0.28 1.97 -0.88 0.00
1.21 -0.30 1.95 -0.97 0.00
1.25 -0.31 1.93 -1.04 0.00
1.28 -0.33 1.91 -1.11 0.00
1.31 -0.35 1.88 -1.18 0.00
1.34 -0.38 1.87 -1.23 0.00
1.36 -0.41 1.86 -1.28 0.00
1.38 -0.44 1.88 -1.31 0.00
1.40 -0.47 1.89 -1.35 0.00
1.42 -0.51 1.90 -1.39 0.00
1.44 -0.54 1.91 -1.42 0.00
1.46 -0.57 1.95 -1.44 0.00
1.48 -0.60 1.97 -1.47 0.00
1.49 -0.63 2.00 -1.49 0.00
1.51 -0.66 2.04 -1.51 0.00
1.53 -0.70 1.98 -1.59 0.00
1.55 -0.73 1.90 -1.67 0.00
1.57 -0.76 1.80 -1.74 0.00
1.59 -0.80 1.68 -1.80 0.00
1.61 -0.84 1.60 -1.84 0.00
1.63 -0.87 1.52 -1.86 0.00
1.65 -0.91 1.44 -1.88 0.00
1.65 -0.95 1.41 -1.92 0.00
1.65 -0.99 1.40 -1.95 0.00
1.65 -1.01 1.42 -1.98 0.00
1.66 -1.13 1.01 -1.89 0.00
1.62 -1.13 1.28 -2.07 0.00
1.59 -1.17 1.25 -2.11 0.00
1.65 -1.19 1.67 -2.19 0.00
1.59 -1.27 1.28 -2.22 0.00
1.55 -1.30 1.14 -2.21 0.00
1.52 -1.34 1.09 -2.24 0.00
1.52 -1.34 0.94 -2.16 0.00
1.51 -1.44 1.05 -2.33 0.00
1.49 -1.46 0.99 -2.32 0.00
1.49 -1.51 0.95 -2.35 0.00
1.47 -1.51 1.04 -2.42 0.00
1.43 -1.57 0.91 -2.43 0.00
1.42 -1.56 1.00 -2.47 0.00
1.34 -1.63 0.72 -2.42 0.00
1.39 -1.67 0.57 -2.24 0.00
1.34 -1.72 0.52 -2.29 0.00
1.32 -1.76 0.43 -2.22 0.00
1.30 -1.79 0.38 -2.19 0.00
1.27 -1.82 0.32 -2.14 0.00
1.22 -1.84 0.24 -2.04 0.00
1.20 -1.86 0.24 -2.15 0.00
1.15 -1.86 0.19 -2.15 0.00
1.11 -1.88 0.17 -2.23 0.00
1.05 -1.88 0.13 -2.26 0.00
1.02 -1.90 0.05 -2.14 0.00
0.97 -1.92 0.03 -2.26 0.00
0.92 -1.93 -0.01 -2.29 0.00
0.89 -1.95 -0.09 -2.09 0.00
0.87 -1.95 -0.12 -2.10 0.00
0.83 -1.94 -0.10 -2.31 0.00
0.78 -1.98 -0.17 -2.28 0.00
0.75 -1.96 -0.24 -2.08 0.00
0.75 -1.96 -0.24 -2.08 0.00
0.69 -1.96 -0.31 -2.03 0.00
0.66 -1.97 -0.34 -1.89 0.00
0.59 -1.98 -0.40 -1.84 0.00
0.56 -1.99 -0.40 -1.73 0.00
0.52 -2.00 -0.40 -1.62 0.00
0.49 -1.99 -0.42 -1.57 0.00
0.44 -1.99 -0.44 -1.52 0.00
0.37 -2.21 -0.03 -3.13 0.00
0.34 -1.94 -0.55 -1.50 0.00
0.32 -1.93 -0.56 -1.46 0.00
0.28 -1.90 -0.59 -1.40 0.00
0.23 -1.88 -0.60 -1.33 0.00
0.19 -1.86 -0.61 -1.26 0.00
0.15 -1.83 -0.62 -1.20 0.00
0.11 -1.81 -0.63 -1.13 0.00
0.06 -1.79 -0.63 -1.07 0.00
0.02 -1.77 -0.62 -1.00 0.00
-0.01 -1.74 -0.63 -0.95 0.00
-0.04 -1.70 -0.67 -0.92 0.00
-0.07 -1.67 -0.70 -0.89 0.00
-0.11 -1.62 -0.76 -0.86 0.00
-0.14 -1.57 -0.81 -0.83 0.00
-0.17 -1.53 -0.85 -0.79 0.00
-0.21 -1.50 -0.88 -0.76 0.00
-0.24 -1.46 -0.92 -0.73 0.00
-0.27 -1.42 -0.89 -0.64 0.00
-0.30 -1.39 -0.85 -0.55 0.00
-0.34 -1.35 -0.78 -0.45 0.00
-0.37 -1.31 -0.72 -0.37 0.00
-0.40 -1.28 -0.63 -0.30 0.00
-0.44 -1.24 -0.54 -0.24 0.00
-0.47 -1.20 -0.45 -0.20 0.00
-0.47 -1.17 -0.45 -0.17 0.00
-0.47 -1.13 -0.46 -0.13 0.00
-0.47 -1.09 -0.46 -0.09 0.00
-0.47 -1.05 -0.47 -0.05 0.00
-0.47 -1.01 -0.45 -0.01 0.00
-0.47 -0.97 -0.44 0.03 0.00
-0.47 -0.93 -0.43 0.07 0.00
-0.47 -0.89 -0.43 0.11 0.00
-0.47 -0.85 -0.42 0.15 0.00
-0.47 -0.81 -0.41 0.19 0.00
-0.46 -0.77 -0.40 0.23 0.00
-0.46 -0.73 -0.40 0.27 0.00
-0.46 -0.69 -0.39 0.31 0.00
-0.46 -0.65 -0.39 0.35 0.00
-0.46 -0.61 -0.39 0.39 0.00
-0.45 -0.57 -0.40 0.43 0.00
-0.45 -0.53 -0.40 0.47 0.00
-0.45 -0.49 -0.41 0.51 0.00
-0.45 -0.45 -0.41 0.55 0.00
-0.44 -0.41 -0.41 0.59 0.00
-0.44 -0.37 -0.48 0.63 0.00
-0.44 -0.33 -0.53 0.67 0.00
-0.43 -0.29 -0.57 0.70 0.00
-0.43 -0.25 -0.61 0.73 0.00
-0.42 -0.21 -0.63 0.77 0.00
-0.43 -0.17 -0.64 0.81 0.00
-0.44 -0.13 -0.64 0.85 0.00
-0.45 -0.09 -0.64 0.90 0.00
-0.46 -0.05 -0.64 0.94 0.00
-0.47 -0.01 -0.64 0.98 0.00
