-1.40 3.40 -0.40 3.33 0.00
-1.36 3.40 -0.37 3.29 0.00
-1.32 3.39 -0.33 3.25 0.00
-1.28 3.39 -0.30 3.20 0.00
-1.24 3.39 -0.27 3.17 0.00
-1.20 3.39 -0.24 3.13 0.00
-1.16 3.39 -0.21 3.09 0.00
-1.12 3.38 -0.17 3.07 0.00
-1.08 3.37 -0.14 3.05 0.00
-1.05 3.35 -0.11 2.99 0.00
-1.01 3.34 -0.10 2.92 0.00
-0.97 3.33 -0.09 2.85 0.00
-0.93 3.31 -0.09 2.77 0.00
-0.89 3.30 -0.08 2.71 0.00
-0.85 3.29 -0.08 2.65 0.00
-0.81 3.27 -0.07 2.60 0.00
-0.77 3.24 -0.04 2.56 0.00
-0.74 3.20 0.01 2.53 0.00
-0.70 3.16 0.05 2.50 0.00
-0.67 3.13 0.08 2.47 0.00
-0.64 3.09 0.26 2.66 0.00
-0.63 3.07 0.27 2.64 0.00
-0.56 3.04 0.16 2.34 0.00
-0.52 2.98 0.33 2.46 0.00
-0.49 2.96 0.09 2.15 0.00
-0.46 2.94 0.10 2.11 0.00
-0.45 2.93 0.01 2.04 0.00
-0.39 2.87 0.01 1.96 0.00
-0.36 2.86 0.05 1.95 0.00
-0.34 2.80 -0.10 1.83 0.00
-0.33 2.77 -0.11 1.79 0.00
-0.32 2.74 0.07 1.82 0.00
-0.31 2.72 -0.14 1.73 0.00
-0.29 2.70 -0.43 1.71 0.00
-0.27 2.63 -0.23 1.64 0.00
-0.27 2.59 -0.30 1.59 0.00
-0.27 2.54 -0.21 1.54 0.00
-0.27 2.52 -0.16 1.52 0.00
-0.25 2.47 -0.26 1.47 0.00
-0.26 2.45 -0.47 1.48 0.00
-0.26 2.39 0.18 1.49 0.00
-0.26 2.36 0.11 1.43 0.00
-0.25 2.32 0.22 1.44 0.00
-0.25 2.29 0.17 1.38 0.00
-0.23 2.24 -0.27 1.24 0.00
-0.23 2.26 0.01 1.29 0.00
-0.22 2.25 0.38 1.45 0.00
-0.15 2.12 0.22 1.19 0.00
-0.13 2.07 0.20 1.13 0.00
-0.13 2.08 -0.56 1.18 1.00
-0.15 2.03 -0.52 1.10 0.00
-0.19 1.99 -0.49 1.04 0.00
-0.21 1.96 -0.44 0.98 0.00
-0.22 1.91 -0.55 0.96 0.00
-0.25 1.89 -0.58 0.94 0.00
-0.25 1.83 -0.47 0.86 0.00
-0.30 1.75 -0.22 0.76 0.00
-0.29 1.70 -0.03 0.73 0.00
-0.30 1.68 -0.18 0.68 0.00
-0.31 1.67 -0.34 0.67 0.00
-0.32 1.64 -0.35 0.64 0.00
-0.32 1.57 -0.21 0.58 0.00
-0.32 1.55 -0.27 0.55 0.00
-0.31 1.51 -0.24 0.52 0.00
-0.31 1.47 -0.22 0.48 0.00
-0.31 1.43 -0.17 0.44 0.00
-0.31 1.39 -0.12 0.40 0.00
-0.31 1.35 -0.14 0.36 0.00
-0.30 1.31 -0.10 0.33 0.00
-0.29 1.27 -0.03 0.30 0.00
-0.29 1.23 0.07 0.29 0.00
-0.28 1.18 0.17 0.29 0.00
-0.27 1.14 0.26 0.30 0.00
-0.26 1.10 0.33 0.30 0.00
-0.26 1.06 0.40 0.31 0.00
-0.24 1.02 0.45 0.30 0.00
-0.22 0.98 0.50 0.29 0.00
-0.18 0.95 0.54 0.25 0.00
-0.14 0.91 0.57 0.21 0.00
-0.10 0.87 0.64 0.20 0.00
-0.07 0.83 0.70 0.20 0.00
-0.03 0.80 0.77 0.20 0.00
0.00 0.77 0.83 0.20 0.00
0.03 0.74 0.87 0.20 0.00
0.06 0.72 0.92 0.20 0.00
0.10 0.69 0.97 0.21 0.00
0.13 0.67 1.02 0.21 0.00
0.16 0.65 1.07 0.22 0.00
0.20 0.63 1.12 0.24 0.00
0.23 0.61 1.17 0.25 0.00
0.27 0.59 1.22 0.28 0.00
0.31 0.57 1.27 0.31 0.00
0.35 0.56 1.33 0.38 0.00
0.38 0.54 1.38 0.49 0.00
0.42 0.53 1.42 0.62 0.00
0.46 0.51 1.43 0.77 0.00
0.50 0.50 1.41 0.92 0.00
0.54 0.50 1.37 1.04 0.00
0.57 0.51 1.40 1.07 0.00
