1.90 4.00 0.90 4.10 0.00
1.86 4.00 0.86 4.05 0.00
1.82 4.01 0.82 4.02 0.00
1.78 4.01 0.78 3.97 0.00
1.74 4.02 0.74 3.92 0.00
1.70 4.02 0.71 3.87 0.00
1.66 4.02 0.68 3.82 0.00
1.62 4.02 0.65 3.77 0.00
1.58 4.02 0.62 3.73 0.00
1.54 4.01 0.59 3.71 0.00
1.50 4.00 0.55 3.68 0.00
1.46 3.99 0.51 3.66 0.00
1.42 3.98 0.47 3.66 0.00
1.37 3.96 0.43 3.63 0.00
1.33 3.95 0.40 3.60 0.00
1.29 3.94 0.37 3.56 0.00
1.25 3.92 0.34 3.53 0.00
1.22 3.90 0.28 3.56 0.00
1.17 3.88 0.22 3.58 0.00
1.13 3.86 0.17 3.59 0.00
1.09 3.85 0.12 3.61 0.00
1.05 3.83 0.07 3.62 0.00
1.01 3.82 0.03 3.63 0.00
0.96 3.81 -0.02 3.64 0.00
0.92 3.80 -0.07 3.64 0.00
0.88 3.79 -0.11 3.63 0.00
0.84 3.78 -0.15 3.62 0.00
0.80 3.78 -0.19 3.61 0.00
0.76 3.77 -0.23 3.60 0.00
0.71 3.77 -0.27 3.59 0.00
0.67 3.76 -0.31 3.57 0.00
0.63 3.75 -0.35 3.55 0.00
0.60 3.77 -0.34 3.42 0.00
0.61 3.77 -0.31 4.16 1.00
0.62 3.80 -0.36 4.01 0.00
0.56 3.82 -0.38 4.18 0.00
0.50 3.82 -0.46 4.09 0.00
0.47 3.84 -0.50 4.08 0.00
0.41 3.85 -0.57 4.03 0.00
0.39 3.87 -0.60 4.00 0.00
0.34 3.89 -0.65 3.94 0.00
0.30 3.90 -0.70 3.88 0.00
0.25 3.91 -0.75 3.88 0.00
0.23 3.91 -0.77 3.80 0.00
0.16 3.92 -0.82 4.11 0.00
0.13 3.88 -0.81 4.21 0.00
0.09 3.90 -0.91 3.90 0.00
0.05 3.90 -0.95 3.82 0.00
0.02 3.91 -0.97 3.76 0.00
-0.03 3.89 -1.03 3.80 0.00
-0.07 3.90 -1.06 3.83 0.00
-0.11 3.89 -1.10 3.74 0.00
-0.15 3.88 -1.12 3.63 0.00
-0.18 3.87 -1.17 3.74 0.00
-0.23 3.88 -1.22 3.75 0.00
-0.28 3.87 -1.27 3.69 0.00
-0.31 3.86 -1.30 3.70 0.00
-0.35 3.86 -1.33 3.70 0.00
-0.33 3.86 -1.26 4.23 0.00
-0.39 3.86 -1.38 3.98 0.00
-0.49 3.87 -1.48 3.76 0.00
-0.53 3.85 -1.50 3.62 0.00
-0.58 3.85 -1.58 3.81 0.00
-0.60 3.82 -1.57 3.56 0.00
-0.64 3.85 -1.64 3.85 0.00
-0.67 3.79 -1.59 3.42 0.00
-0.70 3.78 -1.61 3.36 0.00
-0.74 3.76 -1.64 3.32 0.00
-0.78 3.75 -1.66 3.27 0.00
-0.82 3.73 -1.68 3.22 0.00
-0.86 3.71 -1.70 3.18 0.00
-0.90 3.70 -1.73 3.14 0.00
-0.94 3.68 -1.76 3.11 0.00
-0.97 3.66 -1.78 3.07 0.00
-1.01 3.63 -1.81 3.04 0.00
-1.04 3.61 -1.84 3.01 0.00
-1.08 3.58 -1.87 2.97 0.00
-1.12 3.56 -1.91 2.95 0.00
-1.15 3.53 -1.95 2.93 0.00
-1.19 3.50 -1.99 2.90 0.00
-1.23 3.47 -2.02 2.87 0.00
-1.26 3.45 -2.05 2.83 0.00
-1.30 3.42 -2.02 2.73 0.00
-1.34 3.38 -2.03 2.66 0.00
-1.38 3.36 -2.03 2.59 0.00
-1.42 3.32 -2.02 2.53 0.00
-1.45 3.29 -2.01 2.47 0.00
-1.49 3.26 -2.01 2.41 0.00
-1.52 3.23 -2.01 2.36 0.00
-1.55 3.19 -2.02 2.31 0.00
-1.57 3.15 -2.03 2.26 0.00
-1.59 3.11 -2.05 2.21 0.00
-1.62 3.06 -2.06 2.17 0.00
-1.64 3.02 -2.08 2.12 0.00
-1.66 2.98 -2.12 2.09 0.00
-1.68 2.94 -2.14 2.05 0.00
-1.71 2.90 -2.16 2.01 0.00
-1.73 2.85 -2.19 1.96 0.00
-1.75 2.82 -2.18 1.92 0.00
-1.77 2.78 -2.19 1.87 0.00
-1.78 2.74 -2.21 1.84 0.00
-1.80 2.71 -2.22 1.80 0.00
-1.82 2.67 -2.23 1.76 0.00
-1.84 2.63 -2.24 1.72 0.00
-1.86 2.60 -2.25 1.68 0.00
-1.87 2.56 -2.27 1.64 0.00
-1.89 2.52 -2.27 1.60 0.00
-1.91 2.49 -2.30 1.57 0.00
-1.92 2.45 -2.32 1.53 0.00
-1.94 2.41 -2.34 1.50 0.00
-1.95 2.38 -2.35 1.46 0.00
-1.97 2.34 -2.37 1.42 0.00
-1.98 2.30 -2.37 1.38 0.00
-2.00 2.27 -2.37 1.34 0.00
-2.02 2.23 -2.30 1.27 0.00
-2.03 2.19 -2.25 1.22 0.00
-2.05 2.15 -2.21 1.17 0.00
-2.06 2.13 -2.18 1.14 0.00
-2.03 2.10 -2.41 1.18 0.00
-2.08 2.05 -1.95 1.06 0.00
-2.10 1.99 -1.95 1.01 0.00
-2.10 1.96 -1.91 0.97 0.00
-2.10 1.92 -1.88 0.94 0.00
-2.08 1.88 -1.84 0.92 0.00
-2.08 1.85 -1.82 0.89 0.00
-2.07 1.82 -1.74 0.88 0.00
-2.06 1.78 -1.73 0.83 0.00
-2.06 1.74 -1.71 0.81 0.00
-2.06 1.70 -1.66 0.79 0.00
-2.05 1.66 -1.58 0.78 0.00
-2.04 1.61 -1.48 0.78 0.00
-2.02 1.58 -1.46 0.76 0.00
-2.00 1.55 -1.44 0.73 0.00
-1.98 1.53 -1.40 0.71 0.00
-1.95 1.47 -1.31 0.70 0.00
-1.93 1.44 -1.26 0.70 0.00
-1.92 1.42 -1.17 0.76 0.00
-1.85 1.36 -1.25 0.56 0.00
-1.80 1.34 -1.09 0.64 0.00
-1.82 1.31 -1.15 0.57 0.00
-1.82 1.29 -1.05 0.65 0.00
-1.80 1.26 -1.01 0.64 0.00
-1.77 1.24 -0.96 0.65 0.00
-1.74 1.21 -0.90 0.67 0.00
-1.71 1.19 -0.82 0.73 0.00
-1.68 1.17 -0.74 0.83 0.00
-1.65 1.15 -0.70 0.83 0.00
-1.61 1.14 -0.66 0.83 0.00
-1.57 1.12 -0.61 0.83 0.00
-1.53 1.11 -0.57 0.84 0.00
-1.50 1.09 -0.53 0.84 0.00
-1.46 1.08 -0.48 0.85 0.00
-1.42 1.07 -0.44 0.87 0.00
-1.38 1.06 -0.40 0.90 0.00
-1.34 1.05 -0.35 0.96 0.00
-1.31 1.04 -0.31 1.04 0.00
-1.27 1.03 -0.27 1.11 0.00
-1.23 1.02 -0.24 1.19 0.00
-1.19 1.02 -0.23 1.29 0.00
-1.15 1.01 -0.22 1.37 0.00
-1.12 1.02 -0.21 1.44 0.00
-1.08 1.02 -0.21 1.50 0.00
-1.05 1.05 -0.14 1.46 0.00
-1.02 1.07 -0.09 1.45 0.00
-0.98 1.09 -0.05 1.44 0.00
-0.95 1.11 -0.01 1.45 0.00
-0.91 1.12 0.03 1.47 0.00
-0.88 1.13 0.06 1.49 0.00
-0.84 1.15 0.08 1.54 0.00
-0.80 1.16 0.06 1.67 0.00
-0.77 1.17 0.02 1.79 0.00
-0.73 1.19 -0.03 1.90 0.00
-0.69 1.20 -0.10 2.00 0.00
-0.65 1.21 -0.16 2.08 0.00
-0.62 1.23 -0.22 2.14 0.00
-0.60 1.25 -0.23 2.19 0.00
-0.58 1.29 -0.22 2.22 0.00
-0.57 1.32 -0.21 2.26 0.00
-0.55 1.36 -0.27 2.32 0.00
-0.54 1.40 -0.35 2.38 0.00
-0.53 1.44 -0.44 2.43 0.00
-0.51 1.47 -0.52 2.47 0.00
-0.50 1.51 -0.61 2.51 0.00
-0.48 1.55 -0.69 2.53 0.00
-0.47 1.59 -0.76 2.54 0.00
-0.48 1.63 -0.80 2.57 0.00
-0.49 1.67 -0.82 2.61 0.00
-0.50 1.71 -0.83 2.65 0.00
-0.51 1.75 -0.86 2.69 0.00
-0.53 1.79 -0.90 2.72 0.00
-0.54 1.83 -0.95 2.75 0.00
-0.56 1.85 -0.86 2.80 0.00
-0.59 1.91 -0.95 2.85 0.00
-0.61 1.93 -0.81 2.91 0.00
-0.62 1.98 -0.93 2.93 0.00
-0.64 2.03 -1.11 2.91 0.00
-0.63 2.04 -0.97 2.98 0.00
-0.64 2.09 -1.09 2.98 0.00
-0.65 2.13 -1.21 2.96 0.00
-0.66 2.17 -1.27 2.96 0.00
-0.68 2.21 -1.33 2.97 0.00
-0.69 2.24 -1.38 2.96 0.00
-0.72 2.28 -1.42 2.98 0.00
-0.75 2.31 -1.47 3.01 0.00
-0.78 2.35 -1.51 3.04 0.00
-0.82 2.38 -1.54 3.06 0.00
-0.85 2.41 -1.58 3.09 0.00
-0.89 2.45 -1.61 3.14 0.00
-0.92 2.48 -1.64 3.18 0.00
-0.96 2.52 -1.67 3.22 0.00
-0.99 2.55 -1.75 3.20 0.00
-1.02 2.58 -1.80 3.21 0.00
-1.05 2.61 -1.85 3.22 0.00
-1.09 2.65 -1.91 3.22 0.00
-1.12 2.67 -1.95 3.23 0.00
-1.16 2.70 -1.99 3.25 0.00
-1.19 2.73 -2.03 3.27 0.00
-1.23 2.75 -2.07 3.30 0.00
-1.26 2.78 -2.09 3.34 0.00
-1.30 2.80 -2.12 3.37 0.00
-1.34 2.82 -2.14 3.43 0.00
-1.37 2.85 -2.14 3.49 0.00
-1.41 2.87 -2.16 3.54 0.00
-1.45 2.90 -2.17 3.59 0.00
-1.49 2.92 -2.18 3.64 0.00
-1.52 2.95 -2.20 3.68 0.00
-1.55 2.98 -2.25 3.68 0.00
-1.57 3.01 -2.29 3.70 0.00
-1.60 3.03 -2.33 3.72 0.00
-1.63 3.06 -2.37 3.74 0.00
-1.66 3.09 -2.40 3.76 0.00
-1.69 3.12 -2.44 3.79 0.00
-1.72 3.15 -2.47 3.81 0.00
