2.10 5.10 1.78 4.15 0.00
2.09 5.06 1.78 4.11 0.00
2.07 5.02 1.79 4.06 0.00
2.06 4.98 1.79 4.02 0.00
2.04 4.94 1.79 3.97 0.00
2.03 4.89 1.79 3.92 0.00
2.02 4.85 1.78 3.88 0.00
2.01 4.81 1.75 3.85 0.00
1.99 4.77 1.72 3.81 0.00
1.98 4.73 1.69 3.77 0.00
1.97 4.69 1.66 3.74 0.00
1.97 4.65 1.63 3.70 0.00
1.96 4.60 1.58 3.68 0.00
1.94 4.56 1.56 3.64 0.00
1.93 4.52 1.56 3.60 0.00
1.91 4.49 1.54 3.56 0.00
1.89 4.44 1.56 3.50 0.00
1.89 4.41 1.46 3.50 0.00
1.88 4.35 1.44 3.46 0.00
1.88 4.32 1.34 3.48 0.00
1.86 4.28 1.30 3.45 0.00
1.83 4.24 1.27 3.41 0.00
1.81 4.19 1.24 3.37 0.00
1.78 4.15 1.22 3.32 0.00
1.75 4.11 1.21 3.26 0.00
1.72 4.06 1.21 3.20 0.00
1.69 4.02 1.19 3.15 0.00
1.66 3.97 1.17 3.10 0.00
1.63 3.93 1.16 3.05 0.00
1.60 3.89 1.15 2.99 0.00
1.57 3.84 1.14 2.94 0.00
1.55 3.80 1.13 2.89 0.00
1.53 3.75 1.11 2.84 0.00
1.53 3.75 0.59 3.40 1.00
1.48 3.74 0.58 3.33 0.00
1.44 3.73 0.55 3.28 0.00
1.40 3.72 0.53 3.23 0.00
1.36 3.70 0.51 3.19 0.00
1.33 3.69 0.48 3.15 0.00
1.29 3.67 0.46 3.11 0.00
1.25 3.66 0.45 3.06 0.00
1.21 3.63 0.46 2.97 0.00
1.17 3.61 0.43 2.94 0.00
1.15 3.58 0.40 2.91 0.00
1.11 3.55 0.38 2.87 0.00
1.08 3.53 0.37 2.82 0.00
1.03 3.50 0.38 2.73 0.00
0.98 3.46 0.34 2.69 0.00
0.97 3.43 0.32 2.67 0.00
0.93 3.39 0.30 2.62 0.00
0.90 3.35 0.30 2.55 0.00
0.86 3.31 0.27 2.51 0.00
0.83 3.27 0.26 2.45 0.00
0.80 3.23 0.24 2.40 0.00
0.77 3.19 0.23 2.35 0.00
0.74 3.16 0.22 2.30 0.00
0.71 3.11 0.20 2.25 0.00
0.69 3.08 0.18 2.21 0.00
0.66 3.04 0.16 2.17 0.00
0.64 3.00 0.15 2.13 0.00
0.63 2.97 0.19 2.07 0.00
0.60 2.92 0.15 2.02 0.00
0.73 2.90 0.05 2.17 0.00
0.55 2.84 0.17 1.92 0.00
0.52 2.80 0.17 1.86 0.00
0.50 2.76 0.30 1.78 0.00
0.50 2.77 -0.34 2.23 1.00
0.50 2.77 -0.48 2.96 1.00
0.55 2.74 0.02 3.58 1.00
0.57 2.74 0.75 3.73 1.00
0.59 2.78 0.65 3.78 0.00
0.60 2.83 0.56 3.83 0.00
0.60 2.86 0.52 3.86 0.00
0.61 2.89 0.53 3.89 0.00
0.62 2.94 0.40 3.92 0.00
0.62 2.98 0.34 3.94 0.00
0.61 3.02 0.32 3.98 0.00
0.61 3.06 0.33 4.02 0.00
0.61 3.09 0.35 4.06 0.00
0.58 3.14 0.24 4.08 0.00
0.57 3.17 0.24 4.11 0.00
0.54 3.22 0.06 4.09 0.00
0.56 3.27 0.01 4.10 0.00
0.51 3.31 -0.20 4.01 0.00
0.51 3.34 -0.29 3.95 0.00
0.49 3.38 -0.38 3.88 0.00
0.48 3.40 0.13 4.33 1.00
0.49 3.41 0.04 4.30 0.00
0.43 3.49 -0.05 4.36 0.00
0.45 3.50 -0.20 4.26 0.00
0.44 3.56 -0.27 4.27 0.00
0.41 3.59 -0.27 4.33 0.00
0.39 3.64 -0.30 4.36 0.00
0.36 3.67 -0.37 4.36 0.00
0.33 3.70 -0.38 4.40 0.00
0.30 3.72 -0.46 4.37 0.00
0.27 3.75 -0.54 4.34 0.00
0.25 3.78 -0.61 4.29 0.00
0.22 3.82 -0.70 4.22 0.00
0.18 3.84 -0.74 4.21 0.00
0.15 3.86 -0.80 4.14 0.00
0.12 3.89 -0.85 4.13 0.00
0.09 3.90 -0.87 4.17 0.00
0.04 3.91 -0.94 4.11 0.00
-0.02 3.93 -1.02 4.00 0.00
-0.06 3.95 -1.03 4.19 0.00
-0.04 3.96 -1.04 3.98 0.00
-0.13 3.97 -1.13 4.05 0.00
-0.18 3.96 -1.16 4.12 0.00
-0.19 3.98 -1.19 4.07 0.00
-0.22 3.97 -1.21 3.87 0.00
-0.26 3.97 -1.26 3.90 0.00
-0.32 3.96 -1.32 3.85 0.00
-0.36 3.97 -1.34 3.77 0.00
-0.46 3.97 -1.41 3.68 0.00
-0.46 3.98 -1.33 3.49 0.00
-0.52 4.00 -1.13 3.21 0.00
-0.53 3.96 -1.28 3.30 0.00
-0.57 3.95 -1.27 3.23 0.00
-0.60 3.92 -1.24 3.15 0.00
-0.64 3.88 -1.20 3.05 0.00
-0.67 3.85 -1.21 3.00 0.00
-0.71 3.81 -1.19 2.93 0.00
-0.74 3.78 -1.16 2.87 0.00
-0.78 3.74 -1.11 2.79 0.00
-0.81 3.70 -1.07 2.74 0.00
-0.82 3.66 -1.08 2.70 0.00
-0.83 3.62 -1.08 2.65 0.00
-0.84 3.58 -1.08 2.61 0.00
-0.85 3.54 -1.09 2.57 0.00
-0.87 3.50 -1.10 2.53 0.00
-0.88 3.46 -1.10 2.48 0.00
-0.89 3.42 -1.10 2.44 0.00
-0.90 3.38 -1.09 2.39 0.00
-0.91 3.34 -1.09 2.35 0.00
-0.93 3.30 -1.00 2.30 0.00
-0.95 3.26 -0.94 2.26 0.00
-0.96 3.21 -0.89 2.22 0.00
-0.96 3.17 -0.89 2.18 0.00
-0.96 3.13 -0.89 2.14 0.00
-0.96 3.09 -0.91 2.10 0.00
-0.95 3.05 -0.92 2.05 0.00
-0.95 3.01 -0.94 2.01 0.00
-0.95 2.97 -0.97 1.97 0.00
-0.95 2.93 -1.00 1.94 0.00
-0.94 2.89 -1.02 1.90 0.00
-0.94 2.85 -1.05 1.86 0.00
-0.94 2.81 -1.07 1.82 0.00
-0.94 2.78 -1.08 1.79 0.00
-0.95 2.74 -1.09 1.75 0.00
-0.95 2.70 -1.11 1.71 0.00
-0.97 2.66 -1.06 1.66 0.00
-0.98 2.62 -1.02 1.62 0.00
-0.98 2.58 -1.03 1.58 0.00
-0.99 2.54 -1.03 1.54 0.00
-0.99 2.50 -1.04 1.50 0.00
-0.99 2.46 -1.08 1.46 0.00
-0.99 2.42 -1.11 1.43 0.00
-0.99 2.38 -1.15 1.39 0.00
-0.99 2.34 -1.19 1.36 0.00
-1.00 2.30 -1.23 1.33 0.00
-1.00 2.26 -1.26 1.30 0.00
-1.00 2.22 -1.29 1.26 0.00
-1.01 2.18 -1.31 1.23 0.00
-1.03 2.14 -1.33 1.19 0.00
-1.04 2.10 -1.32 1.14 0.00
-1.05 2.06 -1.31 1.10 0.00
-1.07 2.02 -1.23 1.04 0.00
-1.08 1.98 -1.19 0.99 0.00
-1.09 1.94 -1.14 0.95 0.00
-1.10 1.90 -1.10 0.90 0.00
-1.11 1.86 -1.07 0.87 0.00
-1.11 1.82 -1.04 0.83 0.00
-1.11 1.78 -1.01 0.79 0.00
-1.11 1.74 -0.99 0.75 0.00
-1.11 1.70 -0.97 0.71 0.00
-1.11 1.66 -0.96 0.67 0.00
-1.10 1.62 -0.98 0.63 0.00
-1.10 1.58 -1.00 0.58 0.00
-1.09 1.54 -1.02 0.54 0.00
-1.09 1.50 -1.05 0.50 0.00
-1.08 1.46 -1.07 0.46 0.00
-1.07 1.41 -1.08 0.41 0.00
-1.07 1.37 -1.08 0.37 0.00
-1.07 1.33 -1.10 0.33 0.00
-1.07 1.29 -1.16 0.30 0.00
-1.07 1.25 -1.22 0.26 0.00
-1.07 1.21 -1.29 0.24 0.00
-1.07 1.17 -1.36 0.22 0.00
-1.07 1.13 -1.43 0.20 0.00
-1.08 1.09 -1.50 0.18 0.00
-1.08 1.05 -1.55 0.17 0.00
-1.10 1.01 -1.59 0.14 0.00
-1.12 0.97 -1.62 0.11 0.00
-1.14 0.94 -1.65 0.08 0.00
-1.16 0.90 -1.68 0.05 0.00
-1.18 0.86 -1.71 0.01 0.00
-1.20 0.82 -1.76 -0.01 0.00
-1.22 0.79 -1.80 -0.03 0.00
-1.25 0.74 -1.76 -0.12 0.00
-1.28 0.70 -1.76 -0.18 0.00
-1.31 0.66 -1.73 -0.25 0.00
-1.35 0.61 -1.70 -0.32 0.00
-1.38 0.57 -1.66 -0.38 0.00
-1.41 0.53 -1.61 -0.45 0.00
-1.42 0.49 -1.60 -0.49 0.00
-1.43 0.45 -1.60 -0.53 0.00
-1.44 0.41 -1.59 -0.57 0.00
-1.45 0.37 -1.62 -0.61 0.00
-1.46 0.33 -1.71 -0.64 0.00
-1.46 0.29 -1.80 -0.65 0.00
-1.47 0.25 -1.88 -0.66 0.00
-1.48 0.21 -1.96 -0.67 0.00
-1.48 0.16 -2.03 -0.68 0.00
-1.49 0.12 -2.09 -0.68 0.00
-1.52 0.09 -2.07 -0.74 0.00
-1.54 0.06 -2.06 -0.79 0.00
-1.57 0.03 -2.06 -0.84 0.00
-1.59 -0.01 -2.06 -0.89 0.00
-1.61 -0.04 -2.06 -0.94 0.00
-1.63 -0.07 -2.06 -0.98 0.00
-1.65 -0.10 -2.06 -1.02 0.00
-1.67 -0.14 -2.06 -1.06 0.00
-1.68 -0.17 -2.07 -1.09 0.00
-1.70 -0.20 -2.07 -1.13 0.00
-1.71 -0.23 -2.10 -1.15 0.00
-1.72 -0.25 -2.10 -1.18 0.00
-1.80 -0.27 -1.78 -1.27 0.00
-1.75 -0.30 -2.10 -1.24 0.00
-1.75 -0.33 -2.08 -1.28 0.00
-1.76 -0.36 -2.04 -1.33 0.00
-1.79 -0.37 -2.57 -0.99 1.00
-1.81 -0.33 -2.80 -0.19 1.00
-1.87 -0.31 -2.87 -0.37 0.00
-1.87 -0.30 -2.87 -0.36 0.00
-1.91 -0.30 -2.90 -0.46 0.00
-1.94 -0.28 -2.85 -0.70 0.00
-2.01 -0.29 -2.94 -0.65 0.00
-2.06 -0.31 -3.00 -0.65 0.00
-2.08 -0.31 -3.04 -0.61 0.00
-2.11 -0.35 -3.07 -0.63 0.00
-2.17 -0.34 -3.14 -0.60 0.00
-2.19 -0.35 -3.15 -0.62 0.00
-2.23 -0.37 -3.20 -0.61 0.00
-2.26 -0.39 -3.25 -0.55 0.00
-2.30 -0.38 -3.30 -0.47 0.00
-2.32 -0.41 -3.32 -0.33 0.00
-2.36 -0.41 -3.34 -0.21 0.00
-2.40 -0.42 -3.34 -0.08 0.00
-2.44 -0.41 -3.38 -0.08 0.00
-2.46 -0.38 -3.34 0.09 0.00
-2.49 -0.40 -3.34 0.14 0.00
-2.47 -0.40 -2.88 0.51 0.00
-2.51 -0.36 -2.89 0.57 0.00
-2.62 -0.32 -3.43 0.27 0.00
-2.64 -0.28 -3.30 0.47 0.00
-2.65 -0.29 -3.01 0.64 0.00
-2.72 -0.25 -3.53 0.34 0.00
-2.74 -0.26 -3.42 0.48 0.00
-2.76 -0.23 -3.41 0.53 0.00
-2.78 -0.21 -3.40 0.58 0.00
-2.81 -0.18 -3.36 0.66 0.00
-2.83 -0.16 -3.33 0.72 0.00
-2.86 -0.13 -3.29 0.78 0.00
-2.88 -0.10 -3.29 0.82 0.00
-2.90 -0.06 -3.20 0.89 0.00
-2.91 -0.03 -3.05 0.96 0.00
-2.93 0.01 -2.90 1.01 0.00
-2.94 0.05 -2.73 1.02 0.00
-2.96 0.08 -2.61 1.02 0.00
-2.98 0.11 -2.49 0.99 0.00
-2.99 0.15 -2.41 0.96 0.00
-2.98 0.19 -2.36 0.97 0.00
-2.95 0.22 -2.34 1.01 0.00
-2.92 0.26 -2.31 1.05 0.00
-2.88 0.29 -2.19 1.01 0.00
-2.86 0.33 -2.17 1.06 0.00
-2.84 0.36 -2.08 1.01 0.00
-2.81 0.40 -2.01 1.00 0.00
-2.80 0.43 -1.99 1.03 0.00
-2.77 0.45 -1.94 1.01 0.00
-2.74 0.47 -1.90 1.01 0.00
-2.67 0.50 -1.74 0.87 0.00
-2.64 0.53 -1.69 0.86 0.00
-2.65 0.55 -1.68 0.80 0.00
-2.61 0.58 -1.61 0.68 0.00
-2.56 0.61 -1.56 0.65 0.00
-2.50 0.62 -1.50 0.57 0.00
-2.45 0.62 -1.46 0.56 0.00
-2.41 0.63 -1.42 0.49 0.00
-2.34 0.63 -1.35 0.54 0.00
-2.36 0.63 -1.37 0.72 0.00
-2.30 0.64 -1.30 0.57 0.00
-2.26 0.62 -1.26 0.50 0.00
-2.23 0.61 -1.24 0.52 0.00
-2.11 0.60 -1.13 0.41 0.00
-2.15 0.62 -1.23 0.23 0.00
-2.11 0.60 -1.17 0.25 0.00
-2.08 0.58 -1.14 0.27 0.00
-2.04 0.56 -1.11 0.20 0.00
-2.01 0.55 -1.08 0.20 0.00
-1.96 0.53 -1.02 0.20 0.00
-1.94 0.53 -0.96 0.31 0.00
-1.88 0.53 -0.93 0.23 0.00
-1.81 0.49 -0.88 0.13 0.00
-1.81 0.48 -0.90 0.07 0.00
-1.77 0.47 -0.86 0.05 0.00
-1.73 0.45 -0.82 0.03 0.00
-1.69 0.43 -0.78 0.02 0.00
-1.65 0.41 -0.72 0.05 0.00
