1.20 3.90 1.46 2.94 0.00
1.20 3.90 0.71 3.03 1.00
1.17 3.86 0.71 2.98 0.00
1.15 3.83 0.71 2.93 0.00
1.12 3.78 0.71 2.88 0.00
1.10 3.75 0.71 2.83 0.00
1.08 3.71 0.72 2.78 0.00
1.06 3.67 0.74 2.72 0.00
1.04 3.63 0.75 2.67 0.00
1.03 3.59 0.77 2.62 0.00
1.01 3.56 0.80 2.58 0.00
1.00 3.53 0.75 2.56 0.00
0.98 3.49 0.79 2.51 0.00
0.97 3.43 0.82 2.45 0.00
0.97 3.39 0.81 2.41 0.00
0.96 3.35 0.81 2.37 0.00
0.95 3.32 0.82 2.32 0.00
0.95 3.28 0.82 2.28 0.00
0.94 3.24 0.82 2.24 0.00
0.94 3.20 0.82 2.20 0.00
0.93 3.16 0.82 2.16 0.00
0.93 3.12 0.81 2.12 0.00
0.92 3.08 0.81 2.08 0.00
0.92 3.04 0.80 2.05 0.00
0.91 3.00 0.79 2.01 0.00
0.91 2.96 0.78 1.97 0.00
0.91 2.92 0.77 1.93 0.00
0.90 2.88 0.77 1.89 0.00
0.90 2.84 0.78 1.85 0.00
0.89 2.80 0.77 1.81 0.00
0.89 2.76 0.76 1.77 0.00
0.88 2.72 0.76 1.73 0.00
0.88 2.68 0.75 1.69 0.00
0.87 2.64 0.74 1.65 0.00
0.87 2.60 0.65 1.63 0.00
0.87 2.56 0.61 1.60 0.00
0.87 2.52 0.57 1.57 0.00
0.87 2.48 0.53 1.54 0.00
0.86 2.44 0.51 1.50 0.00
0.84 2.40 0.50 1.46 0.00
0.83 2.36 0.49 1.42 0.00
0.81 2.32 0.45 1.38 0.00
0.79 2.27 0.42 1.35 0.00
0.78 2.23 0.39 1.31 0.00
0.76 2.19 0.35 1.28 0.00
0.75 2.15 0.33 1.24 0.00
0.73 2.11 0.30 1.21 0.00
0.72 2.07 0.27 1.17 0.00
0.70 2.03 0.25 1.13 0.00
0.68 1.98 0.23 1.09 0.00
0.66 1.95 0.21 1.05 0.00
0.64 1.91 0.21 1.01 0.00
0.62 1.87 0.20 0.96 0.00
0.60 1.83 0.18 0.93 0.00
0.58 1.80 0.19 0.88 0.00
0.57 1.76 0.20 0.83 0.00
0.55 1.72 0.22 0.78 0.00
0.53 1.68 0.23 0.73 0.00
0.51 1.64 0.24 0.68 0.00
0.50 1.61 0.28 0.63 0.00
0.50 1.57 0.30 0.59 0.00
0.48 1.53 0.35 0.54 0.00
0.47 1.48 0.24 0.51 0.00
0.49 1.41 0.14 0.47 0.00
0.43 1.30 -0.33 0.64 0.00
0.50 1.30 0.23 0.33 0.00
0.47 1.26 0.30 0.27 0.00
0.45 1.22 0.33 0.23 0.00
0.45 1.18 0.34 0.19 0.00
0.44 1.14 0.34 0.15 0.00
0.44 1.10 0.34 0.11 0.00
0.43 1.06 0.35 0.07 0.00
0.43 1.02 0.35 0.02 0.00
0.42 0.98 0.36 -0.02 0.00
0.42 0.94 0.36 -0.06 0.00
0.41 0.90 0.36 -0.10 0.00
0.41 0.86 0.36 -0.14 0.00
0.41 0.82 0.36 -0.18 0.00
0.41 0.78 0.36 -0.22 0.00
0.40 0.74 0.34 -0.26 0.00
0.40 0.70 0.33 -0.30 0.00
0.40 0.66 0.32 -0.34 0.00
0.39 0.62 0.31 -0.38 0.00
0.39 0.58 0.31 -0.42 0.00
0.39 0.54 0.30 -0.45 0.00
0.39 0.50 0.30 -0.49 0.00
0.38 0.46 0.29 -0.53 0.00
0.38 0.42 0.29 -0.57 0.00
0.38 0.38 0.30 -0.61 0.00
0.37 0.34 0.30 -0.65 0.00
0.37 0.30 0.30 -0.69 0.00
0.37 0.26 0.29 -0.73 0.00
0.36 0.23 0.29 -0.77 0.00
0.36 0.19 0.28 -0.81 0.00
0.36 0.15 0.28 -0.85 0.00
0.36 0.11 0.27 -0.89 0.00
0.35 0.07 0.27 -0.93 0.00
0.35 0.03 0.26 -0.97 0.00
0.35 -0.01 0.25 -1.00 0.00
0.34 -0.05 0.26 -1.05 0.00
0.34 -0.09 0.26 -1.09 0.00
0.34 -0.13 0.26 -1.13 0.00
0.33 -0.17 0.24 -1.17 0.00
0.33 -0.21 0.25 -1.21 0.00
0.32 -0.25 0.25 -1.25 0.00
0.32 -0.29 0.25 -1.29 0.00
0.32 -0.33 0.25 -1.33 0.00
0.31 -0.37 0.25 -1.37 0.00
0.31 -0.41 0.25 -1.41 0.00
0.31 -0.45 0.24 -1.44 0.00
0.30 -0.49 0.24 -1.48 0.00
0.30 -0.53 0.23 -1.52 0.00
0.30 -0.57 0.23 -1.56 0.00
0.30 -0.61 0.20 -1.60 0.00
0.30 -0.65 0.18 -1.64 0.00
0.30 -0.69 0.17 -1.68 0.00
0.29 -0.73 0.15 -1.72 0.00
0.29 -0.77 0.14 -1.76 0.00
0.28 -0.81 0.14 -1.80 0.00
0.28 -0.85 0.13 -1.84 0.00
0.27 -0.89 0.15 -1.88 0.00
0.27 -0.93 0.15 -1.92 0.00
0.26 -0.97 0.15 -1.96 0.00
0.26 -1.01 0.16 -2.00 0.00
0.25 -1.05 0.16 -2.04 0.00
0.25 -1.09 0.16 -2.08 0.00
0.24 -1.13 0.17 -2.12 0.00
0.24 -1.17 0.16 -2.16 0.00
0.23 -1.21 0.16 -2.20 0.00
0.23 -1.25 0.15 -2.24 0.00
0.22 -1.28 0.18 -2.28 0.00
0.22 -1.32 0.18 -2.32 0.00
0.22 -1.36 0.18 -2.36 0.00
0.22 -1.41 0.16 -2.40 0.00
0.21 -1.45 0.16 -2.44 0.00
0.21 -1.49 0.15 -2.48 0.00
0.21 -1.53 0.15 -2.52 0.00
0.21 -1.57 0.14 -2.56 0.00
0.21 -1.61 0.13 -2.60 0.00
0.20 -1.65 0.12 -2.64 0.00
0.20 -1.69 0.11 -2.68 0.00
0.20 -1.73 0.10 -2.72 0.00
0.20 -1.77 0.09 -2.76 0.00
0.19 -1.80 0.08 -2.80 0.00
0.19 -1.84 0.06 -2.84 0.00
0.19 -1.89 0.06 -2.88 0.00
0.18 -1.92 0.08 -2.92 0.00
0.18 -1.96 0.09 -2.96 0.00
0.17 -2.00 0.08 -3.00 0.00
0.17 -2.04 0.08 -3.04 0.00
0.16 -2.08 0.08 -3.08 0.00
0.16 -2.12 0.07 -3.12 0.00
0.16 -2.16 0.07 -3.16 0.00
0.15 -2.20 0.07 -3.20 0.00
0.15 -2.24 0.04 -3.23 0.00
0.14 -2.28 0.04 -3.27 0.00
0.14 -2.32 0.03 -3.31 0.00
