1.70 -1.00 0.78 -0.62 0.00
1.66 -0.97 0.69 -0.75 0.00
1.63 -0.94 0.63 -0.83 0.00
1.59 -0.92 0.59 -0.90 0.00
1.55 -0.90 0.55 -0.96 0.00
1.51 -0.90 0.51 -0.96 0.00
1.47 -0.90 0.47 -0.95 0.00
1.43 -0.91 0.43 -0.94 0.00
1.39 -0.91 0.39 -0.92 0.00
1.35 -0.91 0.35 -0.87 0.00
1.30 -0.91 0.31 -0.81 0.00
1.26 -0.91 0.28 -0.77 0.00
1.22 -0.92 0.24 -0.72 0.00
1.18 -0.92 0.21 -0.67 0.00
1.14 -0.92 0.19 -0.62 0.00
1.10 -0.91 0.15 -0.62 0.00
1.06 -0.90 0.11 -0.58 0.00
1.02 -0.89 0.09 -0.53 0.00
0.98 -0.89 0.06 -0.49 0.00
0.93 -0.87 0.02 -0.46 0.00
0.88 -0.85 -0.02 -0.43 0.00
0.84 -0.83 -0.06 -0.39 0.00
0.79 -0.81 -0.07 -0.30 0.00
0.75 -0.79 -0.06 -0.20 0.00
0.70 -0.77 -0.03 -0.09 0.00
0.65 -0.75 -0.00 0.01 0.00
0.61 -0.72 0.04 0.10 0.00
0.56 -0.70 0.10 0.19 0.00
0.52 -0.68 0.15 0.25 0.00
0.50 -0.64 0.14 0.29 0.00
0.49 -0.60 0.13 0.33 0.00
0.47 -0.56 0.14 0.38 0.00
0.46 -0.52 0.15 0.43 0.00
0.46 -0.48 0.05 0.43 0.00
0.46 -0.44 -0.00 0.45 0.00
0.44 -0.40 -0.02 0.49 0.00
0.42 -0.36 -0.04 0.53 0.00
0.40 -0.32 -0.06 0.57 0.00
0.38 -0.28 -0.04 0.63 0.00
0.36 -0.24 -0.04 0.67 0.00
0.34 -0.20 -0.01 0.73 0.00
0.32 -0.16 0.01 0.79 0.00
0.30 -0.13 0.03 0.84 0.00
0.28 -0.09 0.05 0.89 0.00
0.26 -0.05 0.08 0.94 0.00
0.25 -0.01 0.09 0.98 0.00
0.24 0.03 0.08 1.02 0.00
0.23 0.07 0.08 1.06 0.00
0.23 0.11 0.10 1.10 0.00
0.22 0.15 0.10 1.14 0.00
0.22 0.19 0.10 1.19 0.00
0.21 0.23 0.10 1.23 0.00
0.21 0.27 0.11 1.27 0.00
0.20 0.31 0.13 1.31 0.00
0.19 0.36 0.12 1.35 0.00
0.19 0.40 0.13 1.40 0.00
0.19 0.44 0.15 1.44 0.00
0.18 0.48 0.17 1.48 0.00
0.18 0.52 0.18 1.52 0.00
0.18 0.56 0.18 1.56 0.00
0.18 0.60 0.19 1.60 0.00
0.18 0.64 0.18 1.64 0.00
0.18 0.68 0.19 1.68 0.00
0.18 0.72 0.19 1.72 0.00
0.18 0.76 0.19 1.76 0.00
0.18 0.76 0.89 1.47 1.00
0.22 0.80 0.92 1.52 0.00
0.26 0.84 0.95 1.57 0.00
0.30 0.88 0.97 1.62 0.00
0.34 0.92 0.99 1.68 0.00
0.38 0.96 1.02 1.73 0.00
0.42 1.00 1.03 1.79 0.00
0.45 1.03 1.04 1.84 0.00
0.48 1.07 1.05 1.89 0.00
0.51 1.11 1.07 1.94 0.00
0.53 1.13 1.00 2.02 0.00
0.55 1.18 1.03 2.06 0.00
0.58 1.23 1.06 2.10 0.00
0.63 1.26 1.10 2.14 0.00
0.66 1.30 1.23 2.13 0.00
0.67 1.34 1.18 2.20 0.00
0.69 1.38 1.23 2.22 0.00
0.69 1.41 1.10 2.32 0.00
0.73 1.47 1.26 2.32 0.00
0.75 1.50 1.27 2.35 0.00
0.84 1.56 1.60 2.21 0.00
0.80 1.55 1.32 2.41 0.00
0.83 1.59 1.33 2.45 0.00
0.85 1.63 1.33 2.50 0.00
0.87 1.67 1.35 2.55 0.00
0.89 1.70 1.36 2.59 0.00
0.92 1.74 1.38 2.63 0.00
0.93 1.78 1.41 2.66 0.00
0.95 1.81 1.44 2.68 0.00
0.97 1.84 1.48 2.71 0.00
0.99 1.88 1.52 2.72 0.00
1.01 1.91 1.57 2.74 0.00
1.02 1.94 1.60 2.77 0.00
1.04 1.98 1.62 2.80 0.00
1.07 2.02 1.65 2.83 0.00
1.09 2.06 1.69 2.87 0.00
1.12 2.10 1.72 2.90 0.00
1.15 2.14 1.76 2.93 0.00
1.17 2.18 1.83 2.93 0.00
1.22 2.21 1.80 3.02 0.00
1.24 2.25 1.89 3.02 0.00
1.26 2.29 1.84 3.10 0.00
1.29 2.35 1.95 3.10 0.00
1.35 2.40 2.03 3.13 0.00
1.36 2.42 2.04 3.16 0.00
1.40 2.48 2.02 3.26 0.00
1.43 2.47 2.13 3.18 0.00
1.47 2.52 2.18 3.21 0.00
1.50 2.55 2.22 3.24 0.00
1.53 2.59 2.23 3.31 0.00
1.59 2.61 2.30 3.32 0.00
1.60 2.63 2.23 3.41 0.00
1.68 2.68 2.12 3.57 0.00
1.68 2.72 2.33 3.49 0.00
1.69 2.73 2.39 3.44 0.00
1.72 2.76 2.36 3.53 0.00
1.75 2.79 2.34 3.59 0.00
1.78 2.82 2.33 3.65 0.00
1.81 2.84 2.29 3.72 0.00
1.84 2.87 2.23 3.79 0.00
1.87 2.90 2.22 3.84 0.00
1.89 2.93 2.21 3.88 0.00
1.90 2.97 2.20 3.92 0.00
1.92 3.00 2.20 3.96 0.00
1.93 3.04 2.21 4.00 0.00
1.94 3.08 2.19 4.05 0.00
1.95 3.12 2.22 4.08 0.00
1.96 3.16 2.26 4.11 0.00
1.97 3.19 2.31 4.13 0.00
1.98 3.23 2.34 4.17 0.00
1.99 3.27 2.39 4.19 0.00
2.00 3.31 2.43 4.21 0.00
2.01 3.35 2.48 4.23 0.00
2.03 3.38 2.52 4.25 0.00
2.04 3.41 2.54 4.28 0.00
2.06 3.44 2.56 4.31 0.00
2.08 3.47 2.55 4.35 0.00
2.09 3.50 2.50 4.42 0.00
2.11 3.53 2.43 4.48 0.00
2.13 3.56 2.36 4.53 0.00
2.15 3.59 2.30 4.58 0.00
2.16 3.63 2.13 4.63 0.00
2.16 3.67 2.04 4.67 0.00
2.17 3.72 1.95 4.69 0.00
2.18 3.76 1.87 4.71 0.00
2.18 3.80 1.79 4.72 0.00
2.18 3.84 1.74 4.74 0.00
2.17 3.88 1.72 4.77 0.00
2.15 3.91 1.70 4.81 0.00
2.13 3.95 1.68 4.84 0.00
2.11 3.98 1.64 4.87 0.00
2.10 4.02 1.56 4.86 0.00
2.08 4.05 1.46 4.84 0.00
2.06 4.09 1.37 4.81 0.00
2.05 4.13 1.28 4.77 0.00
2.03 4.16 1.17 4.69 0.00
2.01 4.20 1.09 4.60 0.00
1.97 4.21 1.04 4.59 0.00
1.94 4.23 0.99 4.55 0.00
1.90 4.24 0.94 4.54 0.00
1.86 4.26 0.88 4.45 0.00
1.82 4.28 0.84 4.45 0.00
1.80 4.29 0.80 4.38 0.00
1.75 4.31 0.75 4.33 0.00
1.72 4.32 0.72 4.25 0.00
1.67 4.33 0.67 4.29 0.00
1.62 4.33 0.63 4.25 0.00
1.59 4.32 0.59 4.25 0.00
1.55 4.32 0.55 4.24 0.00
1.50 4.32 0.51 4.18 0.00
1.46 4.32 0.50 4.04 0.00
1.42 4.31 0.50 3.93 0.00
1.38 4.31 0.51 3.82 0.00
1.34 4.29 0.48 3.77 0.00
1.29 4.27 0.45 3.73 0.00
1.25 4.24 0.45 3.64 0.00
1.21 4.22 0.44 3.58 0.00
1.16 4.19 0.42 3.53 0.00
1.12 4.17 0.40 3.48 0.00
1.08 4.14 0.39 3.42 0.00
1.05 4.11 0.38 3.37 0.00
1.02 4.09 0.37 3.33 0.00
0.99 4.05 0.36 3.27 0.00
0.96 4.02 0.36 3.22 0.00
0.93 3.99 0.36 3.17 0.00
0.90 3.96 0.39 3.10 0.00
0.88 3.93 0.42 3.04 0.00
0.85 3.89 0.45 2.98 0.00
0.83 3.86 0.48 2.92 0.00
0.81 3.82 0.49 2.88 0.00
0.80 3.78 0.48 2.83 0.00
0.78 3.74 0.48 2.79 0.00
0.77 3.71 0.47 2.75 0.00
0.76 3.67 0.47 2.71 0.00
0.74 3.62 0.50 2.65 0.00
0.73 3.59 0.52 2.61 0.00
0.72 3.55 0.54 2.56 0.00
0.71 3.51 0.57 2.52 0.00
0.69 3.47 0.59 2.47 0.00
0.68 3.43 0.61 2.43 0.00
0.68 3.38 0.61 2.39 0.00
0.67 3.35 0.61 2.35 0.00
0.67 3.31 0.63 2.31 0.00
0.67 3.27 0.65 2.27 0.00
0.66 3.23 0.69 2.23 0.00
0.66 3.19 0.75 2.19 0.00
0.66 3.15 0.79 2.16 0.00
0.66 3.11 0.84 2.13 0.00
0.66 3.07 0.90 2.10 0.00
0.67 3.03 0.96 2.08 0.00
0.67 2.99 1.02 2.06 0.00
0.68 2.96 1.07 2.04 0.00
0.69 2.92 1.18 2.05 0.00
0.70 2.88 1.29 2.08 0.00
0.71 2.85 1.41 2.13 0.00
0.72 2.81 1.51 2.19 0.00
0.74 2.78 1.59 2.26 0.00
0.76 2.75 1.66 2.31 0.00
0.78 2.72 1.71 2.37 0.00
0.81 2.70 1.76 2.40 0.00
0.84 2.68 1.81 2.41 0.00
0.88 2.66 1.86 2.46 0.00
0.92 2.65 1.90 2.48 0.00
0.95 2.64 1.94 2.50 0.00
0.98 2.63 1.98 2.57 0.00
1.03 2.63 2.02 2.48 0.00
1.08 2.61 2.07 2.55 0.00
1.12 2.61 2.12 2.55 0.00
1.18 2.61 2.18 2.60 0.00
1.20 2.60 2.20 2.66 0.00
1.26 2.59 2.26 2.68 0.00
1.29 2.63 2.24 2.92 0.00
1.32 2.60 2.31 2.77 0.00
1.35 2.59 2.33 2.79 0.00
1.37 2.60 2.33 2.85 0.00
1.43 2.61 2.42 2.72 0.00
1.49 2.59 2.46 2.82 0.00
1.54 2.61 2.49 2.92 0.00
1.61 2.59 2.59 2.78 0.00
1.64 2.62 2.63 2.78 0.00
1.66 2.63 2.66 2.57 0.00
1.71 2.65 2.69 2.47 0.00
1.74 2.66 2.70 2.37 0.00
1.78 2.67 2.71 2.28 0.00
1.83 2.67 2.72 2.22 0.00
1.86 2.66 2.73 2.18 0.00
1.90 2.64 2.78 2.16 0.00
1.94 2.62 2.82 2.13 0.00
1.98 2.60 2.86 2.13 0.00
2.01 2.58 2.89 2.10 0.00
2.04 2.56 2.92 2.08 0.00
2.08 2.54 2.96 2.06 0.00
2.11 2.52 2.99 2.03 0.00
2.11 2.52 2.39 1.56 1.00
2.13 2.48 2.40 1.52 0.00
2.14 2.44 2.41 1.48 0.00
2.15 2.40 2.40 1.44 0.00
2.16 2.36 2.41 1.40 0.00
2.17 2.32 2.41 1.35 0.00
2.18 2.28 2.41 1.31 0.00
2.19 2.24 2.41 1.27 0.00
2.20 2.21 2.40 1.23 0.00
2.21 2.17 2.37 1.18 0.00
2.20 2.14 2.33 1.14 0.00
2.21 2.10 2.32 1.10 0.00
2.20 2.02 2.42 1.04 0.00
2.21 1.93 2.73 1.08 0.00
2.23 2.02 2.03 1.04 0.00
2.24 1.91 2.36 0.92 0.00
2.24 1.90 2.20 0.90 0.00
2.21 1.87 2.14 0.88 0.00
2.21 1.79 2.17 0.79 0.00
2.22 1.77 2.20 0.77 0.00
2.22 1.74 2.15 0.74 0.00
2.21 1.71 2.12 0.71 0.00
2.21 1.65 2.12 0.65 0.00
2.21 1.61 2.07 0.62 0.00
2.21 1.58 2.01 0.60 0.00
2.20 1.54 1.93 0.58 0.00
2.20 1.49 1.86 0.55 0.00
2.20 1.45 1.76 0.56 0.00
2.20 1.41 1.62 0.60 0.00
2.20 1.38 1.55 0.62 0.00
2.18 1.34 1.47 0.64 0.00
2.16 1.30 1.41 0.64 0.00
2.14 1.27 1.36 0.64 0.00
2.14 1.27 1.14 1.38 1.00
2.10 1.29 1.10 1.30 0.00
2.05 1.30 1.05 1.28 0.00
2.01 1.30 1.01 1.28 0.00
1.97 1.30 0.97 1.30 0.00
1.93 1.31 0.93 1.30 0.00
1.89 1.29 0.92 1.51 0.00
1.85 1.31 0.85 1.34 0.00
1.80 1.29 0.83 1.52 0.00
1.76 1.30 0.78 1.49 0.00
1.70 1.29 0.73 1.56 0.00
1.65 1.30 0.69 1.59 0.00
1.62 1.34 0.63 1.48 0.00
1.57 1.34 0.57 1.43 0.00
1.56 1.33 0.66 1.77 0.00
1.47 1.39 0.66 1.97 0.00
1.45 1.40 0.69 2.05 0.00
1.40 1.43 0.65 2.09 0.00
1.38 1.53 0.88 2.39 0.00
1.34 1.50 0.61 2.19 0.00
1.29 1.53 0.51 2.16 0.00
1.25 1.56 0.47 2.19 0.00
1.21 1.60 0.45 2.24 0.00
1.18 1.63 0.43 2.29 0.00
1.14 1.66 0.42 2.35 0.00
1.10 1.69 0.41 2.42 0.00
1.06 1.72 0.41 2.48 0.00
1.03 1.75 0.41 2.54 0.00
0.99 1.78 0.41 2.60 0.00
0.95 1.81 0.43 2.67 0.00
0.93 1.85 0.44 2.72 0.00
0.90 1.89 0.44 2.78 0.00
0.88 1.93 0.48 2.84 0.00
0.87 1.97 0.42 2.87 0.00
0.85 2.01 0.39 2.90 0.00
0.83 2.05 0.37 2.94 0.00
0.81 2.09 0.34 2.97 0.00
0.79 2.13 0.32 3.01 0.00
0.77 2.16 0.36 3.08 0.00
0.75 2.20 0.44 3.15 0.00
0.73 2.24 0.54 3.22 0.00
0.71 2.28 0.64 3.28 0.00
0.69 2.32 0.74 3.31 0.00
0.67 2.35 0.83 3.34 0.00
0.65 2.39 0.90 3.36 0.00
0.65 2.43 0.94 3.39 0.00
0.66 2.47 0.95 3.43 0.00
0.68 2.52 0.97 3.48 0.00
0.69 2.56 0.99 3.52 0.00
0.71 2.60 0.98 3.56 0.00
0.72 2.64 0.99 3.61 0.00
0.73 2.69 1.00 3.65 0.00
0.74 2.73 1.01 3.69 0.00
0.75 2.77 1.06 3.72 0.00
0.77 2.81 1.13 3.74 0.00
0.78 2.85 1.19 3.76 0.00
0.79 2.89 1.24 3.78 0.00
0.80 2.94 1.31 3.80 0.00
0.81 2.98 1.37 3.80 0.00
0.82 3.02 1.43 3.81 0.00
0.84 3.05 1.48 3.82 0.00
0.87 3.09 1.51 3.85 0.00
0.89 3.12 1.55 3.87 0.00
0.92 3.15 1.58 3.89 0.00
0.94 3.18 1.63 3.90 0.00
0.98 3.21 1.67 3.93 0.00
1.01 3.25 1.70 3.97 0.00
1.05 3.25 1.50 4.14 0.00
1.11 3.33 1.85 3.99 0.00
1.16 3.38 1.99 3.93 0.00
1.15 3.40 1.98 3.96 0.00
1.19 3.43 2.08 3.90 0.00
1.20 3.47 2.11 3.88 0.00
1.26 3.51 2.18 3.91 0.00
1.28 3.55 2.27 3.74 0.00
1.38 3.58 2.37 3.49 0.00
1.40 3.59 2.40 3.54 0.00
1.42 3.59 2.42 3.61 0.00
1.50 3.61 2.48 3.46 0.00
1.51 3.62 2.51 3.65 0.00
1.54 3.62 2.52 3.77 0.00
1.58 3.63 2.57 3.80 0.00
1.62 3.64 2.60 3.80 0.00
1.66 3.64 2.66 3.70 0.00
1.70 3.65 2.70 3.58 0.00
1.75 3.66 2.73 3.46 0.00
1.79 3.67 2.74 3.36 0.00
1.83 3.67 2.74 3.25 0.00
1.87 3.68 2.73 3.16 0.00
1.92 3.68 2.71 3.08 0.00
1.95 3.66 2.74 3.05 0.00
