0.80 3.00 1.76 3.29 0.00
0.80 3.00 1.68 2.53 1.00
0.84 2.98 1.71 2.49 0.00
0.87 2.96 1.70 2.40 0.00
0.92 2.94 1.67 2.29 0.00
0.95 2.92 1.63 2.19 0.00
0.98 2.92 1.43 2.02 0.00
1.03 2.88 1.49 1.99 0.00
1.07 2.86 1.44 1.93 0.00
1.10 2.83 1.45 1.90 0.00
1.13 2.81 1.46 1.87 0.00
1.12 2.76 1.37 1.80 0.00
1.14 2.72 1.33 1.73 0.00
1.14 2.70 1.43 1.74 0.00
1.15 2.66 1.29 1.67 0.00
1.18 2.61 1.41 1.64 0.00
1.19 2.56 1.41 1.59 0.00
1.20 2.53 1.34 1.54 0.00
1.20 2.46 1.36 1.47 0.00
1.22 2.33 1.39 1.34 0.00
1.23 2.34 1.33 1.34 0.00
1.25 2.34 1.40 1.36 0.00
1.23 2.34 1.22 1.34 0.00
1.25 2.30 1.18 1.30 0.00
1.25 2.24 1.17 1.24 0.00
1.24 2.20 1.03 1.22 0.00
1.23 2.16 0.99 1.19 0.00
1.23 2.13 1.01 1.15 0.00
1.22 2.09 1.00 1.12 0.00
1.21 2.05 0.95 1.09 0.00
1.20 2.01 0.88 1.07 0.00
1.19 1.97 0.80 1.05 0.00
1.18 1.94 0.73 1.04 0.00
1.17 1.90 0.67 1.03 0.00
1.16 1.86 0.60 1.03 0.00
1.16 1.82 0.55 1.02 0.00
1.14 1.78 0.51 1.00 0.00
1.10 1.74 0.47 0.97 0.00
1.07 1.70 0.44 0.93 0.00
1.04 1.67 0.40 0.90 0.00
1.01 1.63 0.37 0.87 0.00
0.99 1.60 0.33 0.84 0.00
0.95 1.56 0.31 0.80 0.00
1.00 1.60 0.15 1.08 0.00
0.85 1.52 0.41 0.63 0.00
0.87 1.46 0.15 0.76 0.00
0.83 1.41 0.18 0.65 0.00
0.81 1.39 0.15 0.64 0.00
0.78 1.35 0.13 0.59 0.00
0.75 1.31 0.09 0.56 0.00
0.76 1.31 -0.24 1.25 1.00
0.73 1.32 -0.25 1.11 0.00
0.67 1.34 -0.26 0.99 0.00
0.63 1.32 -0.30 0.96 0.00
0.53 1.33 -0.33 0.82 0.00
0.52 1.32 -0.38 0.89 0.00
0.52 1.30 -0.35 0.82 0.00
0.48 1.29 -0.38 0.78 0.00
0.44 1.27 -0.40 0.73 0.00
0.41 1.25 -0.41 0.68 0.00
0.37 1.22 -0.43 0.63 0.00
0.33 1.21 -0.46 0.59 0.00
0.29 1.18 -0.48 0.55 0.00
0.25 1.16 -0.51 0.51 0.00
0.21 1.13 -0.53 0.46 0.00
0.17 1.10 -0.57 0.43 0.00
0.14 1.07 -0.60 0.39 0.00
0.10 1.03 -0.63 0.35 0.00
0.06 1.00 -0.68 0.33 0.00
0.03 0.97 -0.70 0.28 0.00
-0.01 0.93 -0.75 0.26 0.00
-0.05 0.90 -0.78 0.22 0.00
-0.08 0.87 -0.81 0.19 0.00
-0.12 0.84 -0.84 0.15 0.00
-0.16 0.80 -0.89 0.12 0.00
-0.19 0.77 -0.92 0.08 0.00
-0.23 0.73 -0.95 0.04 0.00
-0.27 0.70 -0.98 -0.00 0.00
-0.31 0.66 -1.00 -0.06 0.00
-0.34 0.63 -1.04 -0.09 0.00
-0.38 0.59 -1.08 -0.12 0.00
-0.42 0.56 -1.13 -0.14 0.00
-0.45 0.52 -1.18 -0.16 0.00
-0.48 0.48 -1.22 -0.19 0.00
-0.51 0.46 -1.25 -0.22 0.00
-0.54 0.42 -1.28 -0.25 0.00
-0.58 0.40 -1.30 -0.30 0.00
-0.61 0.36 -1.31 -0.35 0.00
-0.64 0.33 -1.31 -0.41 0.00
-0.68 0.30 -1.33 -0.45 0.00
-0.71 0.28 -1.35 -0.49 0.00
-0.74 0.24 -1.34 -0.56 0.00
-0.77 0.21 -1.35 -0.60 0.00
-0.80 0.18 -1.38 -0.63 0.00
-0.82 0.15 -1.46 -0.62 0.00
-0.84 0.12 -1.54 -0.60 0.00
-0.86 0.09 -1.61 -0.57 0.00
-0.89 0.06 -1.69 -0.54 0.00
-0.91 0.02 -1.76 -0.50 0.00
-0.94 -0.00 -1.81 -0.49 0.00
-0.97 -0.03 -1.86 -0.50 0.00
-1.01 -0.05 -1.89 -0.52 0.00
-1.05 -0.07 -1.92 -0.56 0.00
-1.09 -0.09 -1.96 -0.59 0.00
-1.13 -0.11 -1.99 -0.62 0.00
-1.17 -0.13 -2.02 -0.66 0.00
-1.21 -0.15 -2.04 -0.70 0.00
-1.24 -0.17 -2.07 -0.74 0.00
-1.28 -0.20 -2.09 -0.78 0.00
-1.32 -0.22 -2.12 -0.81 0.00
-1.35 -0.24 -2.15 -0.85 0.00
-1.39 -0.26 -2.18 -0.88 0.00
-1.42 -0.29 -2.22 -0.90 0.00
-1.44 -0.30 -2.27 -0.85 0.00
-1.46 -0.36 -2.39 -0.70 0.00
-1.39 -0.39 -1.97 0.42 1.00
-1.38 -0.33 -1.95 0.49 0.00
-1.42 -0.29 -1.99 0.53 0.00
-1.46 -0.28 -2.05 0.53 0.00
-1.48 -0.26 -2.07 0.55 0.00
-1.51 -0.22 -2.08 0.60 0.00
-1.53 -0.19 -2.10 0.63 0.00
-1.56 -0.15 -2.14 0.66 0.00
-1.58 -0.12 -2.17 0.69 0.00
-1.60 -0.09 -2.19 0.72 0.00
-1.62 -0.06 -2.19 0.76 0.00
-1.64 -0.03 -2.19 0.81 0.00
-1.67 -0.00 -2.16 0.87 0.00
-1.69 0.03 -2.13 0.92 0.00
-1.71 0.06 -2.08 0.98 0.00
-1.73 0.09 -2.02 1.04 0.00
-1.75 0.12 -1.93 1.10 0.00
-1.76 0.16 -1.83 1.16 0.00
-1.77 0.20 -1.78 1.20 0.00
-1.77 0.24 -1.73 1.23 0.00
-1.78 0.27 -1.68 1.27 0.00
-1.79 0.31 -1.64 1.30 0.00
-1.79 0.35 -1.61 1.34 0.00
-1.79 0.39 -1.60 1.38 0.00
-1.78 0.43 -1.60 1.42 0.00
-1.77 0.47 -1.59 1.46 0.00
-1.76 0.51 -1.53 1.49 0.00
-1.75 0.55 -1.44 1.50 0.00
-1.74 0.59 -1.36 1.52 0.00
-1.74 0.63 -1.27 1.52 0.00
-1.73 0.67 -1.18 1.51 0.00
-1.72 0.71 -1.09 1.49 0.00
-1.71 0.75 -1.02 1.47 0.00
-1.68 0.78 -1.00 1.51 0.00
-1.65 0.82 -0.91 1.48 0.00
-1.63 0.85 -0.82 1.44 0.00
-1.60 0.88 -0.74 1.39 0.00
-1.57 0.91 -0.65 1.32 0.00
-1.53 0.94 -0.59 1.28 0.00
-1.50 0.97 -0.53 1.22 0.00
-1.47 1.01 -0.49 1.16 0.00
-1.43 1.01 -0.45 1.18 0.00
-1.39 1.02 -0.41 1.19 0.00
-1.35 1.02 -0.37 1.21 0.00
-1.31 1.03 -0.32 1.17 0.00
-1.27 1.04 -0.27 1.07 0.00
-1.23 1.04 -0.23 0.95 0.00
-1.19 1.05 -0.21 0.83 0.00
-1.15 1.06 -0.21 0.72 0.00
-1.11 1.04 -0.17 0.72 0.00
-1.07 1.03 -0.12 0.72 0.00
-1.03 1.02 -0.08 0.72 0.00
-0.99 1.00 -0.04 0.70 0.00
-0.95 0.99 -0.04 0.59 0.00
-0.92 0.98 -0.05 0.47 0.00
-0.88 0.97 -0.07 0.37 0.00
-0.84 0.95 -0.11 0.27 0.00
-0.80 0.94 -0.15 0.18 0.00
-0.76 0.93 -0.18 0.11 0.00
-0.72 0.92 -0.21 0.06 0.00
-0.70 0.88 -0.20 0.01 0.00
-0.67 0.84 -0.18 -0.03 0.00
-0.65 0.79 -0.15 -0.07 0.00
-0.63 0.75 -0.20 -0.15 0.00
-0.60 0.71 -0.25 -0.22 0.00
-0.59 0.68 -0.27 -0.27 0.00
-0.57 0.64 -0.29 -0.32 0.00
-0.55 0.60 -0.32 -0.37 0.00
-0.54 0.56 -0.35 -0.42 0.00
-0.53 0.53 -0.38 -0.46 0.00
-0.52 0.49 -0.42 -0.51 0.00
-0.51 0.45 -0.47 -0.55 0.00
-0.50 0.41 -0.51 -0.59 0.00
-0.49 0.37 -0.55 -0.62 0.00
-0.49 0.33 -0.61 -0.66 0.00
-0.49 0.29 -0.65 -0.69 0.00
-0.49 0.25 -0.70 -0.72 0.00
-0.49 0.22 -0.78 -0.74 0.00
-0.50 0.18 -0.86 -0.75 0.00
-0.50 0.14 -0.95 -0.75 0.00
-0.51 0.10 -1.04 -0.75 0.00
-0.53 0.07 -1.01 -0.81 0.00
-0.56 0.03 -1.00 -0.86 0.00
-0.58 0.00 -0.99 -0.91 0.00
-0.60 -0.03 -1.00 -0.95 0.00
-0.62 -0.07 -1.01 -0.99 0.00
-0.64 -0.11 -1.02 -1.03 0.00
-0.65 -0.14 -1.04 -1.06 0.00
-0.67 -0.18 -1.06 -1.10 0.00
-0.68 -0.22 -1.09 -1.13 0.00
-0.70 -0.25 -1.11 -1.16 0.00
-0.71 -0.29 -1.14 -1.19 0.00
-0.73 -0.32 -1.17 -1.22 0.00
-0.74 -0.35 -1.19 -1.25 0.00
-0.76 -0.39 -1.22 -1.28 0.00
-0.77 -0.42 -1.29 -1.28 0.00
-0.79 -0.45 -1.37 -1.27 0.00
-0.81 -0.48 -1.30 -1.36 0.00
-0.84 -0.52 -1.26 -1.43 0.00
-0.87 -0.55 -1.23 -1.48 0.00
-0.89 -0.58 -1.19 -1.54 0.00
-0.91 -0.62 -1.19 -1.58 0.00
-0.92 -0.65 -1.20 -1.61 0.00
-0.93 -0.69 -1.22 -1.65 0.00
-0.95 -0.73 -1.26 -1.68 0.00
-0.96 -0.76 -1.33 -1.69 0.00
-0.97 -0.80 -1.40 -1.70 0.00
-0.98 -0.84 -1.48 -1.70 0.00
-0.99 -0.87 -1.55 -1.70 0.00
-1.00 -0.91 -1.62 -1.69 0.00
-1.01 -0.94 -1.69 -1.68 0.00
-1.03 -0.98 -1.75 -1.67 0.00
-1.05 -1.00 -1.79 -1.67 0.00
-1.08 -1.03 -1.74 -1.78 0.00
-1.11 -1.05 -1.72 -1.85 0.00
-1.15 -1.08 -1.71 -1.91 0.00
-1.18 -1.11 -1.69 -1.97 0.00
-1.21 -1.13 -1.68 -2.02 0.00
-1.23 -1.17 -1.68 -2.06 0.00
-1.25 -1.20 -1.70 -2.10 0.00
-1.27 -1.24 -1.73 -2.13 0.00
-1.28 -1.27 -1.75 -2.16 0.00
-1.30 -1.31 -1.78 -2.19 0.00
-1.32 -1.34 -1.81 -2.21 0.00
-1.34 -1.37 -1.85 -2.23 0.00
-1.35 -1.41 -1.87 -2.27 0.00
-1.37 -1.44 -1.90 -2.29 0.00
-1.39 -1.47 -1.93 -2.31 0.00
-1.41 -1.51 -1.97 -2.33 0.00
-1.42 -1.54 -1.94 -2.39 0.00
-1.43 -1.56 -1.81 -2.48 0.00
-1.45 -1.65 -2.00 -2.49 0.00
-1.46 -1.72 -2.33 -2.21 0.00
-1.52 -1.67 -1.94 -2.58 0.00
-1.54 -1.71 -1.93 -2.63 0.00
-1.56 -1.74 -1.89 -2.68 0.00
-1.56 -1.79 -1.92 -2.72 0.00
-1.55 -1.80 -1.54 -2.80 0.00
-1.59 -1.89 -1.98 -2.81 0.00
-1.74 -1.93 -2.64 -2.37 0.00
-1.63 -1.92 -1.95 -2.87 0.00
-1.65 -1.96 -1.95 -2.91 0.00
-1.66 -1.99 -1.96 -2.95 0.00
-1.68 -2.03 -1.95 -2.99 0.00
-1.69 -2.07 -1.95 -3.03 0.00
-1.70 -2.10 -1.85 -3.09 0.00
-1.71 -2.14 -1.80 -3.14 0.00
-1.72 -2.18 -1.75 -3.18 0.00
-1.74 -2.22 -1.70 -3.22 0.00
-1.75 -2.26 -1.67 -3.26 0.00
-1.75 -2.30 -1.65 -3.29 0.00
-1.75 -2.33 -1.65 -3.33 0.00
-1.74 -2.37 -1.64 -3.37 0.00
-1.74 -2.41 -1.63 -3.40 0.00
-1.73 -2.44 -1.63 -3.44 0.00
-1.73 -2.48 -1.65 -3.48 0.00
-1.73 -2.52 -1.67 -3.51 0.00
-1.72 -2.55 -1.70 -3.55 0.00
-1.72 -2.59 -1.72 -3.59 0.00
-1.72 -2.63 -1.73 -3.63 0.00
-1.71 -2.66 -1.75 -3.66 0.00
-1.71 -2.70 -1.75 -3.70 0.00
-1.72 -2.74 -1.74 -3.74 0.00
-1.72 -2.78 -1.63 -3.78 0.00
-1.72 -2.82 -1.50 -3.80 0.00
-1.72 -2.86 -1.38 -3.80 0.00
-1.73 -2.90 -1.26 -3.79 0.00
-1.73 -2.94 -1.16 -3.77 0.00
-1.73 -2.98 -1.07 -3.74 0.00
-1.73 -3.02 -1.00 -3.71 0.00
-1.70 -3.06 -0.97 -3.75 0.00
-1.66 -3.09 -0.93 -3.77 0.00
-1.63 -3.12 -0.89 -3.79 0.00
-1.60 -3.16 -0.81 -3.78 0.00
-1.56 -3.19 -0.74 -3.75 0.00
-1.53 -3.22 -0.66 -3.72 0.00
-1.49 -3.25 -0.59 -3.67 0.00
-1.46 -3.27 -0.55 -3.68 0.00
-1.42 -3.29 -0.51 -3.69 0.00
-1.39 -3.30 -0.47 -3.71 0.00
-1.35 -3.32 -0.44 -3.73 0.00
-1.32 -3.34 -0.40 -3.74 0.00
-1.28 -3.35 -0.33 -3.68 0.00
-1.24 -3.37 -0.28 -3.64 0.00
-1.20 -3.39 -0.22 -3.58 0.00
-1.17 -3.40 -0.18 -3.53 0.00
-1.13 -3.42 -0.14 -3.49 0.00
-1.10 -3.43 -0.10 -3.43 0.00
-1.06 -3.45 -0.06 -3.40 0.00
-1.02 -3.45 -0.02 -3.39 0.00
-0.97 -3.44 0.03 -3.40 0.00
-0.93 -3.44 0.07 -3.37 0.00
-0.91 -3.44 0.06 -3.21 0.00
-0.89 -3.41 0.11 -3.36 0.00
-0.84 -3.42 0.13 -3.20 0.00
-0.76 -3.38 0.24 -3.35 0.00
-0.75 -3.39 0.21 -3.10 0.00
-0.72 -3.37 0.16 -2.90 0.00
-0.68 -3.39 0.28 -3.08 0.00
-0.64 -3.37 0.31 -3.05 0.00
-0.60 -3.36 0.35 -3.04 0.00
-0.56 -3.35 0.38 -3.00 0.00
-0.52 -3.34 0.42 -2.98 0.00
-0.48 -3.32 0.45 -2.95 0.00
-0.44 -3.31 0.49 -2.92 0.00
-0.40 -3.29 0.52 -2.89 0.00
-0.36 -3.28 0.55 -2.86 0.00
-0.32 -3.26 0.58 -2.83 0.00
-0.28 -3.25 0.62 -2.81 0.00
-0.24 -3.23 0.62 -2.74 0.00
-0.21 -3.22 0.63 -2.68 0.00
-0.17 -3.21 0.64 -2.62 0.00
-0.13 -3.19 0.65 -2.57 0.00
-0.09 -3.18 0.67 -2.53 0.00
-0.06 -3.15 0.70 -2.50 0.00
-0.03 -3.12 0.72 -2.47 0.00
-0.00 -3.10 0.73 -2.41 0.00
0.03 -3.07 0.73 -2.35 0.00
0.06 -3.04 0.73 -2.30 0.00
0.09 -3.02 0.72 -2.23 0.00
0.12 -2.99 0.70 -2.17 0.00
0.16 -2.96 0.68 -2.11 0.00
0.19 -2.93 0.65 -2.05 0.00
0.21 -2.90 0.63 -1.99 0.00
0.23 -2.87 0.61 -1.94 0.00
0.25 -2.83 0.59 -1.89 0.00
0.26 -2.80 0.58 -1.85 0.00
0.28 -2.76 0.57 -1.80 0.00
0.29 -2.72 0.56 -1.76 0.00
0.31 -2.68 0.56 -1.72 0.00
0.32 -2.65 0.55 -1.67 0.00
0.33 -2.61 0.54 -1.63 0.00
0.34 -2.57 0.54 -1.59 0.00
0.35 -2.53 0.53 -1.55 0.00
0.36 -2.49 0.52 -1.50 0.00
0.37 -2.45 0.51 -1.46 0.00
0.38 -2.41 0.50 -1.42 0.00
0.39 -2.37 0.49 -1.38 0.00
0.39 -2.33 0.50 -1.34 0.00
0.40 -2.29 0.49 -1.30 0.00
0.41 -2.25 0.48 -1.25 0.00
0.43 -2.23 0.35 -1.23 0.00
0.42 -2.18 0.40 -1.18 0.00
0.42 -2.14 0.38 -1.14 0.00
0.41 -2.09 0.50 -1.09 0.00
0.42 -2.03 0.67 -1.07 0.00
0.42 -2.02 0.40 -1.02 0.00
0.40 -1.97 0.34 -0.97 0.00
0.40 -1.88 0.23 -0.90 0.00
0.43 -1.88 0.50 -0.88 0.00
0.44 -1.85 0.48 -0.85 0.00
0.43 -1.82 0.52 -0.83 0.00
0.40 -1.77 0.69 -0.81 0.00
0.45 -1.73 0.43 -0.73 0.00
0.45 -1.69 0.38 -0.69 0.00
0.45 -1.66 0.20 -0.69 0.00
0.44 -1.61 0.29 -0.62 0.00
0.41 -1.59 -0.06 -0.71 0.00
0.37 -1.54 -0.21 -0.72 0.00
0.39 -1.47 -0.17 -0.64 0.00
0.42 -1.45 0.15 -0.49 0.00
0.41 -1.41 0.11 -0.46 0.00
0.40 -1.37 0.08 -0.43 0.00
0.39 -1.33 0.04 -0.40 0.00
0.38 -1.29 -0.01 -0.37 0.00
0.37 -1.25 -0.06 -0.35 0.00
0.36 -1.21 -0.12 -0.33 0.00
0.34 -1.17 -0.17 -0.31 0.00
0.32 -1.13 -0.23 -0.30 0.00
0.31 -1.09 -0.29 -0.29 0.00
0.29 -1.06 -0.35 -0.29 0.00
0.27 -1.02 -0.40 -0.27 0.00
0.24 -0.98 -0.45 -0.26 0.00
0.20 -0.94 -0.50 -0.23 0.00
0.17 -0.90 -0.55 -0.19 0.00
0.13 -0.85 -0.59 -0.16 0.00
0.09 -0.81 -0.63 -0.12 0.00
0.05 -0.78 -0.68 -0.09 0.00
0.01 -0.74 -0.73 -0.06 0.00
-0.03 -0.70 -0.78 -0.04 0.00
-0.07 -0.66 -0.83 -0.02 0.00
-0.11 -0.63 -0.88 0.01 0.00
-0.15 -0.59 -0.93 0.03 0.00
-0.18 -0.55 -0.99 0.04 0.00
-0.22 -0.52 -1.04 0.05 0.00
-0.26 -0.49 -1.08 0.08 0.00
-0.30 -0.46 -1.13 0.10 0.00
-0.33 -0.43 -1.18 0.11 0.00
-0.37 -0.40 -1.23 0.11 0.00
-0.40 -0.37 -1.33 0.00 0.00
-0.43 -0.33 -1.40 -0.07 0.00
-0.47 -0.29 -1.46 -0.13 0.00
-0.51 -0.28 -1.49 -0.12 0.00
-0.55 -0.28 -1.53 -0.11 0.00
-0.59 -0.27 -1.57 -0.10 0.00
-0.63 -0.26 -1.61 -0.08 0.00
-0.67 -0.26 -1.65 -0.07 0.00
-0.71 -0.25 -1.69 -0.05 0.00
-0.75 -0.24 -1.73 -0.03 0.00
-0.79 -0.24 -1.76 -0.01 0.00
-0.83 -0.23 -1.80 0.01 0.00
-0.87 -0.22 -1.83 0.04 0.00
-0.91 -0.21 -1.87 0.06 0.00
-0.95 -0.20 -1.90 0.09 0.00
-0.99 -0.19 -1.94 0.12 0.00
-1.02 -0.17 -1.99 0.10 0.00
-1.06 -0.16 -2.03 0.09 0.00
-1.10 -0.14 -2.07 0.10 0.00
-1.14 -0.13 -2.11 0.11 0.00
-1.18 -0.12 -2.15 0.12 0.00
-1.22 -0.11 -2.18 0.16 0.00
-1.26 -0.10 -2.19 0.26 0.00
-1.30 -0.09 -2.19 0.35 0.00
-1.34 -0.08 -2.18 0.45 0.00
-1.38 -0.07 -2.16 0.55 0.00
-1.42 -0.06 -2.14 0.64 0.00
-1.46 -0.05 -2.09 0.73 0.00
-1.49 -0.04 -2.08 0.77 0.00
-1.50 -0.01 -2.11 0.78 0.00
-1.52 0.01 -2.14 0.80 0.00
-1.54 0.04 -2.15 0.83 0.00
-1.56 0.07 -2.16 0.87 0.00
-1.59 0.10 -2.18 0.91 0.00
-1.61 0.13 -2.19 0.95 0.00
-1.64 0.16 -2.21 0.98 0.00
-1.66 0.20 -2.23 1.02 0.00
-1.69 0.23 -2.24 1.06 0.00
-1.71 0.26 -2.26 1.09 0.00
-1.73 0.29 -2.29 1.12 0.00
-1.75 0.32 -2.31 1.15 0.00
-1.77 0.35 -2.33 1.17 0.00
-1.79 0.38 -2.34 1.21 0.00
-1.81 0.41 -2.39 1.23 0.00
-1.80 0.50 -2.63 1.06 0.00
-1.82 0.50 -2.55 1.18 0.00
-1.85 0.47 -2.16 1.42 0.00
-1.89 0.54 -2.52 1.32 0.00
-1.88 0.53 -1.79 1.53 1.00
-1.85 0.58 -1.77 1.58 0.00
-1.85 0.65 -1.93 1.65 0.00
-1.84 0.72 -1.98 1.71 0.00
-1.83 0.75 -1.90 1.75 0.00
-1.84 0.77 -1.64 1.75 0.00
-1.84 0.78 -1.41 1.69 0.00
-1.80 0.82 -1.26 1.66 0.00
-1.82 0.87 -1.24 1.68 0.00
-1.82 0.90 -1.26 1.73 0.00
-1.79 0.94 -1.23 1.77 0.00
-1.76 0.97 -1.18 1.79 0.00
-1.74 1.01 -1.11 1.79 0.00
-1.71 1.05 -1.02 1.77 0.00
-1.69 1.08 -0.94 1.74 0.00
-1.67 1.12 -0.86 1.71 0.00
-1.64 1.16 -0.78 1.67 0.00
-1.61 1.18 -0.75 1.69 0.00
-1.57 1.20 -0.70 1.68 0.00
-1.54 1.22 -0.61 1.59 0.00
-1.50 1.24 -0.53 1.49 0.00
-1.47 1.27 -0.48 1.39 0.00
-1.43 1.28 -0.43 1.30 0.00
-1.40 1.30 -0.40 1.22 0.00
-1.36 1.32 -0.38 1.14 0.00
-1.33 1.34 -0.36 1.09 0.00
-1.28 1.33 -0.31 1.08 0.00
-1.24 1.31 -0.26 1.08 0.00
-1.19 1.30 -0.22 1.06 0.00
-1.14 1.29 -0.20 0.96 0.00
-1.10 1.28 -0.20 0.85 0.00
-1.06 1.27 -0.21 0.73 0.00
-1.01 1.26 -0.23 0.63 0.00
-0.97 1.24 -0.19 0.60 0.00
-0.93 1.21 -0.18 0.56 0.00
-0.90 1.18 -0.15 0.53 0.00
-0.87 1.16 -0.11 0.50 0.00
-0.84 1.13 -0.14 0.41 0.00
-0.80 1.10 -0.19 0.31 0.00
-0.77 1.07 -0.25 0.22 0.00
-0.74 1.04 -0.32 0.14 0.00
-0.71 1.02 -0.39 0.07 0.00
-0.67 0.99 -0.47 0.01 0.00
-0.64 0.96 -0.54 -0.03 0.00
-0.63 0.92 -0.55 -0.07 0.00
-0.63 0.88 -0.55 -0.12 0.00
-0.63 0.84 -0.54 -0.16 0.00
-0.62 0.80 -0.55 -0.20 0.00
-0.62 0.75 -0.58 -0.25 0.00
-0.62 0.71 -0.58 -0.29 0.00
-0.61 0.67 -0.60 -0.33 0.00
