-0.80 -1.00 -0.74 -2.00 0.00
-0.80 -1.04 -0.72 -2.04 0.00
-0.80 -1.08 -0.71 -2.07 0.00
-0.80 -1.12 -0.69 -2.11 0.00
-0.80 -1.16 -0.68 -2.15 0.00
-0.79 -1.20 -0.67 -2.19 0.00
-0.79 -1.24 -0.66 -2.23 0.00
-0.79 -1.28 -0.65 -2.27 0.00
-0.78 -1.32 -0.59 -2.30 0.00
-0.78 -1.36 -0.46 -2.31 0.00
-0.77 -1.40 -0.32 -2.29 0.00
-0.77 -1.44 -0.19 -2.25 0.00
-0.76 -1.47 -0.08 -2.21 0.00
-0.75 -1.51 -0.00 -2.17 0.00
-0.75 -1.55 0.07 -2.12 0.00
-0.73 -1.59 0.13 -2.10 0.00
-0.69 -1.61 0.17 -2.12 0.00
-0.66 -1.63 0.17 -2.18 0.00
-0.62 -1.64 0.18 -2.24 0.00
-0.58 -1.66 0.18 -2.31 0.00
-0.55 -1.68 0.20 -2.35 0.00
-0.52 -1.70 0.23 -2.37 0.00
-0.49 -1.73 0.26 -2.39 0.00
-0.46 -1.76 0.29 -2.41 0.00
-0.43 -1.78 0.32 -2.44 0.00
-0.40 -1.81 0.38 -2.44 0.00
-0.37 -1.84 0.46 -2.40 0.00
-0.34 -1.86 0.53 -2.36 0.00
-0.31 -1.89 0.61 -2.29 0.00
-0.28 -1.92 0.66 -2.26 0.00
-0.25 -1.94 0.72 -2.21 0.00
-0.22 -1.97 0.77 -2.16 0.00
-0.18 -1.99 0.81 -2.13 0.00
-0.14 -2.00 0.85 -2.13 0.00
-0.10 -2.01 0.89 -2.13 0.00
-0.06 -2.01 0.93 -2.12 0.00
-0.02 -2.02 0.98 -2.11 0.00
0.02 -2.02 1.02 -2.06 0.00
0.06 -2.03 1.06 -2.01 0.00
0.10 -2.03 1.10 -1.95 0.00
0.14 -2.04 1.13 -1.90 0.00
0.18 -2.04 1.17 -1.85 0.00
0.23 -2.04 1.20 -1.80 0.00
0.27 -2.04 1.23 -1.77 0.00
0.31 -2.03 1.27 -1.75 0.00
0.33 -2.10 0.98 -1.34 0.00
0.40 -2.02 1.35 -1.71 0.00
0.44 -2.00 1.36 -1.61 0.00
0.48 -1.98 1.34 -1.46 0.00
0.52 -1.96 1.37 -1.44 0.00
0.56 -1.93 1.37 -1.35 0.00
0.62 -1.92 1.50 -1.45 0.00
0.63 -1.91 1.44 -1.32 0.00
0.66 -1.90 1.53 -1.40 0.00
0.69 -1.85 1.57 -1.38 0.00
0.74 -1.83 1.53 -1.22 0.00
0.77 -1.80 1.41 -1.03 0.00
0.80 -1.79 1.39 -0.99 0.00
0.87 -1.74 1.58 -1.04 0.00
0.86 -1.73 1.42 -0.90 0.00
0.90 -1.70 1.52 -0.92 0.00
0.94 -1.66 1.58 -0.89 0.00
0.96 -1.65 1.47 -0.79 0.00
0.98 -1.62 1.46 -0.74 0.00
1.03 -1.58 1.68 -0.82 0.00
1.04 -1.55 1.68 -0.79 0.00
1.09 -1.50 1.72 -0.72 0.00
1.11 -1.48 1.80 -0.75 0.00
1.13 -1.45 1.62 -0.58 0.00
1.14 -1.43 1.65 -0.57 0.00
1.22 -1.38 1.42 -0.40 0.00
1.22 -1.35 1.53 -0.40 0.00
1.24 -1.31 1.35 -0.31 0.00
1.26 -1.28 1.36 -0.29 0.00
1.31 -1.25 1.68 -0.32 0.00
1.29 -1.16 1.34 -0.16 0.00
1.29 -1.12 1.20 -0.13 0.00
1.29 -1.11 1.38 -0.11 0.00
1.30 -1.07 1.34 -0.07 0.00
1.31 -1.03 1.33 -0.03 0.00
1.31 -0.98 1.30 0.02 0.00
1.32 -0.94 1.21 0.05 0.00
1.32 -0.90 1.16 0.08 0.00
1.33 -0.86 1.11 0.11 0.00
1.33 -0.82 1.07 0.14 0.00
1.32 -0.79 1.06 0.18 0.00
1.31 -0.74 1.06 0.22 0.00
1.30 -0.70 1.04 0.26 0.00
1.29 -0.66 0.96 0.28 0.00
1.28 -0.62 0.88 0.30 0.00
1.27 -0.58 0.81 0.31 0.00
1.25 -0.54 0.75 0.33 0.00
1.24 -0.50 0.69 0.33 0.00
1.23 -0.46 0.63 0.34 0.00
1.22 -0.42 0.58 0.35 0.00
1.19 -0.38 0.54 0.38 0.00
1.16 -0.34 0.51 0.42 0.00
1.12 -0.30 0.42 0.41 0.00
1.09 -0.26 0.36 0.43 0.00
1.05 -0.21 0.30 0.45 0.00
1.01 -0.17 0.25 0.48 0.00
0.97 -0.13 0.19 0.49 0.00
0.93 -0.09 0.13 0.51 0.00
0.90 -0.06 0.09 0.53 0.00
0.86 -0.03 0.06 0.56 0.00
0.82 -0.01 0.04 0.62 0.00
0.79 0.02 0.05 0.69 0.00
0.75 0.05 0.07 0.78 0.00
0.71 0.07 0.10 0.86 0.00
0.68 0.10 0.14 0.94 0.00
0.64 0.13 0.18 1.01 0.00
0.61 0.15 0.22 1.08 0.00
0.58 0.18 0.24 1.12 0.00
0.57 0.22 0.18 1.14 0.00
0.56 0.26 0.15 1.18 0.00
0.54 0.30 0.12 1.21 0.00
0.52 0.34 0.10 1.25 0.00
0.51 0.38 0.07 1.28 0.00
0.49 0.42 0.06 1.32 0.00
0.47 0.46 0.07 1.37 0.00
0.45 0.50 0.09 1.43 0.00
0.43 0.54 0.13 1.49 0.00
0.42 0.58 0.17 1.55 0.00
0.40 0.62 0.21 1.60 0.00
0.38 0.66 0.25 1.65 0.00
0.36 0.70 0.28 1.69 0.00
0.35 0.73 0.30 1.73 0.00
0.35 0.77 0.31 1.77 0.00
0.35 0.81 0.31 1.81 0.00
0.35 0.85 0.31 1.85 0.00
0.34 0.89 0.31 1.89 0.00
0.34 0.93 0.31 1.93 0.00
0.34 0.97 0.32 1.97 0.00
0.34 1.01 0.32 2.01 0.00
0.34 1.05 0.32 2.05 0.00
0.34 1.09 0.32 2.09 0.00
0.34 1.13 0.32 2.13 0.00
0.34 1.17 0.32 2.17 0.00
0.33 1.20 0.34 2.20 0.00
0.34 1.25 0.26 2.25 0.00
0.34 1.26 0.27 2.26 0.00
0.34 1.34 0.05 2.29 0.00
0.32 1.38 0.18 2.37 0.00
0.33 1.42 0.38 2.42 0.00
0.32 1.46 0.29 2.46 0.00
0.34 1.45 0.97 2.23 1.00
0.35 1.50 1.03 2.23 0.00
0.40 1.53 1.01 2.32 0.00
0.51 1.51 1.40 1.96 0.00
0.50 1.71 0.48 2.71 0.00
0.51 1.66 0.88 2.59 0.00
0.50 1.65 1.09 2.46 0.00
0.53 1.69 1.05 2.54 0.00
0.56 1.72 1.01 2.61 0.00
0.59 1.75 0.99 2.67 0.00
0.61 1.79 0.95 2.73 0.00
0.64 1.82 0.91 2.78 0.00
0.66 1.85 0.89 2.83 0.00
0.67 1.89 0.89 2.87 0.00
0.68 1.93 0.90 2.91 0.00
0.69 1.97 0.92 2.94 0.00
0.70 2.01 0.93 2.98 0.00
0.71 2.05 0.90 3.03 0.00
0.72 2.09 0.90 3.07 0.00
0.73 2.12 0.89 3.11 0.00
0.74 2.17 0.87 3.16 0.00
0.74 2.21 0.87 3.20 0.00
0.75 2.25 0.87 3.24 0.00
0.76 2.29 0.87 3.28 0.00
0.76 2.33 0.88 3.32 0.00
0.77 2.37 0.88 3.36 0.00
0.77 2.41 0.87 3.41 0.00
