-0.80 4.40 -0.76 5.40 0.00
-0.80 4.44 -0.77 5.44 0.00
-0.80 4.48 -0.77 5.48 0.00
-0.80 4.52 -0.77 5.52 0.00
-0.79 4.56 -0.77 5.56 0.00
-0.79 4.60 -0.78 5.60 0.00
-0.79 4.64 -0.78 5.64 0.00
-0.79 4.68 -0.78 5.68 0.00
-0.79 4.72 -0.78 5.72 0.00
-0.79 4.76 -0.78 5.76 0.00
-0.79 4.80 -0.79 5.80 0.00
-0.79 4.83 -0.80 5.83 0.00
-0.79 4.87 -0.82 5.87 0.00
-0.79 4.91 -0.84 5.91 0.00
-0.79 4.95 -0.85 5.95 0.00
-0.79 4.99 -0.87 5.98 0.00
-0.79 5.03 -0.89 6.02 0.00
-0.79 5.06 -0.93 6.05 0.00
-0.79 5.10 -0.96 6.09 0.00
-0.80 5.14 -0.98 6.13 0.00
-0.80 5.18 -1.01 6.16 0.00
-0.81 5.22 -1.03 6.19 0.00
-0.81 5.26 -1.06 6.22 0.00
-0.82 5.29 -1.09 6.26 0.00
-0.83 5.33 -1.11 6.29 0.00
-0.84 5.36 -1.14 6.31 0.00
-0.84 5.39 -1.16 6.34 0.00
-0.85 5.43 -1.16 6.38 0.00
-0.86 5.46 -1.13 6.43 0.00
-0.87 5.50 -1.10 6.47 0.00
-0.88 5.53 -1.08 6.51 0.00
-0.90 5.56 -1.05 6.55 0.00
-0.91 5.60 -1.02 6.59 0.00
-0.91 5.64 -1.02 6.63 0.00
-0.92 5.68 -1.03 6.67 0.00
-0.92 5.72 -1.03 6.71 0.00
-0.93 5.76 -1.03 6.75 0.00
-0.93 5.80 -1.04 6.79 0.00
-0.94 5.83 -1.04 6.83 0.00
-0.94 5.87 -1.05 6.87 0.00
-0.94 5.91 -1.06 6.90 0.00
-0.95 5.95 -1.07 6.94 0.00
-0.95 5.98 -1.11 6.97 0.00
-0.95 6.01 -1.08 7.00 0.00
-0.96 6.07 -1.07 7.06 0.00
-0.97 6.11 -1.00 7.11 0.00
-0.97 6.15 -1.16 7.13 0.00
-0.97 6.19 -1.11 7.18 0.00
-0.98 6.23 -1.15 7.21 0.00
-0.99 6.23 -0.37 7.02 1.00
-0.99 6.24 0.01 6.21 1.00
-0.94 6.22 0.03 5.99 0.00
-0.91 6.23 0.09 6.19 0.00
-0.86 6.23 0.13 6.08 0.00
-0.82 6.21 0.12 5.87 0.00
-0.74 6.24 0.26 6.17 0.00
-0.74 6.22 0.24 5.99 0.00
-0.71 6.23 0.23 5.89 0.00
-0.67 6.22 0.26 5.86 0.00
-0.63 6.21 0.29 5.81 0.00
-0.59 6.20 0.31 5.76 0.00
-0.55 6.18 0.32 5.68 0.00
-0.50 6.16 0.35 5.64 0.00
-0.46 6.15 0.37 5.59 0.00
-0.42 6.13 0.40 5.55 0.00
-0.38 6.10 0.42 5.50 0.00
-0.34 6.08 0.45 5.46 0.00
-0.30 6.05 0.45 5.38 0.00
-0.26 6.02 0.41 5.29 0.00
-0.23 6.00 0.37 5.20 0.00
-0.19 5.97 0.32 5.11 0.00
-0.16 5.94 0.25 5.03 0.00
-0.12 5.91 0.18 4.96 0.00
-0.09 5.88 0.14 4.91 0.00
-0.07 5.84 0.12 4.86 0.00
-0.06 5.80 0.13 4.82 0.00
-0.05 5.76 0.14 4.78 0.00
-0.05 5.72 0.12 4.73 0.00
-0.04 5.68 0.09 4.69 0.00
-0.03 5.64 0.06 4.64 0.00
-0.02 5.60 0.03 4.60 0.00
-0.01 5.55 -0.02 4.55 0.00
-0.01 5.51 -0.05 4.51 0.00
-0.01 5.47 -0.04 4.47 0.00
-0.01 5.43 -0.05 4.43 0.00
-0.01 5.39 -0.05 4.39 0.00
-0.01 5.35 -0.06 4.35 0.00
-0.02 5.31 -0.06 4.31 0.00
-0.02 5.27 -0.07 4.27 0.00
-0.02 5.23 -0.08 4.23 0.00
-0.02 5.19 -0.10 4.20 0.00
-0.02 5.15 -0.12 4.16 0.00
-0.02 5.11 -0.14 4.12 0.00
-0.02 5.07 -0.16 4.08 0.00
-0.03 5.03 -0.17 4.05 0.00
-0.03 4.99 -0.18 4.00 0.00
-0.03 4.95 -0.19 3.97 0.00
-0.04 4.91 -0.20 3.93 0.00
-0.04 4.87 -0.21 3.89 0.00
-0.06 4.84 -0.20 3.85 0.00
-0.07 4.80 -0.20 3.80 0.00
-0.07 4.76 -0.21 3.77 0.00
-0.08 4.72 -0.20 3.72 0.00
-0.08 4.68 -0.20 3.68 0.00
-0.09 4.64 -0.21 3.64 0.00
-0.09 4.60 -0.22 3.61 0.00
-0.10 4.56 -0.24 3.57 0.00
-0.11 4.55 -0.26 3.57 0.00
-0.07 4.50 -0.50 3.60 0.00
-0.10 4.44 -0.30 3.46 0.00
-0.11 4.41 -0.29 3.42 0.00
-0.13 4.37 -0.20 3.37 0.00
-0.13 4.33 -0.20 3.33 0.00
-0.14 4.27 -0.43 3.32 0.00
-0.15 4.24 -0.36 3.26 0.00
-0.13 4.18 -0.11 3.18 0.00
-0.16 4.17 -0.23 3.17 0.00
-0.19 4.15 -0.32 3.16 0.00
-0.20 4.12 -0.24 3.12 0.00
-0.18 4.03 -0.32 3.04 0.00
-0.17 4.01 -0.34 3.02 0.00
-0.20 3.96 -0.29 2.97 0.00
-0.21 3.93 -0.31 2.93 0.00
-0.21 3.89 -0.31 2.89 0.00
-0.22 3.85 -0.32 2.86 0.00
-0.22 3.83 -0.16 2.83 0.00
-0.22 3.84 0.01 2.86 0.00
-0.22 3.79 0.16 2.87 0.00
-0.22 3.78 0.42 3.01 0.00
-0.23 3.68 -0.03 2.69 0.00
-0.25 3.61 -0.42 2.62 0.00
-0.28 3.57 -0.40 2.57 0.00
-0.28 3.53 -0.29 2.53 0.00
-0.28 3.49 -0.25 2.49 0.00
-0.29 3.45 -0.30 2.45 0.00
-0.29 3.40 -0.42 2.41 0.00
-0.29 3.37 -0.38 2.38 0.00
-0.29 3.33 -0.32 2.33 0.00
-0.29 3.29 -0.36 2.30 0.00
-0.31 3.24 -0.32 2.24 0.00
-0.30 3.21 -0.31 2.21 0.00
-0.29 3.16 -0.38 2.16 0.00
-0.31 3.13 -0.34 2.13 0.00
-0.31 3.10 -0.37 2.10 0.00
-0.31 3.04 -0.33 2.04 0.00
-0.32 3.01 -0.43 2.01 0.00
-0.31 2.97 -0.58 2.01 0.00
-0.32 2.95 -0.77 2.06 0.00
-0.33 2.93 -0.87 2.09 0.00
-0.35 2.86 -0.64 1.90 0.00
-0.35 2.83 -0.69 1.89 0.00
-0.37 2.77 -0.54 1.79 0.00
-0.37 2.74 -0.58 1.76 0.00
-0.38 2.73 -0.61 1.76 0.00
-0.40 2.67 -0.50 1.68 0.00
-0.43 2.66 -0.60 1.68 0.00
-0.43 2.59 -0.61 1.61 0.00
-0.47 2.49 -0.67 1.51 0.00
-0.46 2.51 -0.65 1.53 0.00
-0.48 2.45 -0.57 1.45 0.00
-0.47 2.45 -0.59 1.46 0.00
-0.46 2.35 -0.46 1.35 0.00
-0.50 2.33 -0.51 1.33 0.00
-0.54 2.29 -0.48 1.29 0.00
-0.53 2.25 -0.29 1.28 0.00
-0.51 2.22 -0.40 1.23 0.00
-0.53 2.17 -0.36 1.19 0.00
-0.52 2.12 -0.19 1.18 0.00
-0.50 2.09 -0.18 1.14 0.00
-0.50 2.07 -0.36 1.08 0.00
-0.50 2.00 -0.26 1.03 0.00
-0.55 1.95 -0.75 0.97 0.00
-0.47 1.84 -0.13 0.90 0.00
-0.46 1.87 -0.11 0.93 0.00
-0.48 1.87 -0.34 0.88 0.00
-0.42 1.81 -0.08 0.87 0.00
-0.41 1.77 -0.02 0.85 0.00
-0.40 1.73 0.02 0.83 0.00
-0.39 1.70 0.06 0.80 0.00
-0.37 1.66 0.02 0.73 0.00
-0.35 1.62 -0.01 0.68 0.00
-0.32 1.58 -0.06 0.62 0.00
-0.32 1.54 -0.12 0.56 0.00
-0.29 1.50 -0.16 0.51 0.00
-0.27 1.45 -0.05 0.48 0.00
-0.29 1.40 -0.08 0.43 0.00
-0.32 1.36 -0.12 0.38 0.00
-0.27 1.33 -0.16 0.34 0.00
-0.25 1.30 -0.16 0.30 0.00
-0.24 1.24 -0.03 0.27 0.00
-0.24 1.23 -0.15 0.23 0.00
-0.24 1.19 -0.14 0.19 0.00
-0.23 1.15 -0.15 0.15 0.00
-0.23 1.10 -0.14 0.11 0.00
-0.22 1.07 -0.14 0.07 0.00
-0.22 1.03 -0.15 0.03 0.00
-0.21 0.99 -0.15 -0.01 0.00
-0.21 0.95 -0.15 -0.05 0.00
-0.21 0.91 -0.15 -0.09 0.00
-0.21 0.87 -0.15 -0.13 0.00
-0.20 0.83 -0.14 -0.17 0.00
-0.20 0.79 -0.14 -0.21 0.00
-0.20 0.75 -0.14 -0.25 0.00
-0.20 0.71 -0.13 -0.29 0.00
-0.20 0.67 -0.13 -0.33 0.00
-0.19 0.63 -0.12 -0.37 0.00
-0.19 0.59 -0.12 -0.41 0.00
-0.19 0.55 -0.13 -0.45 0.00
-0.19 0.51 -0.13 -0.49 0.00
-0.18 0.46 -0.11 -0.53 0.00
-0.18 0.42 -0.11 -0.57 0.00
-0.17 0.38 -0.13 -0.62 0.00
-0.17 0.34 -0.13 -0.65 0.00
-0.17 0.31 -0.13 -0.69 0.00
-0.17 0.27 -0.13 -0.73 0.00
-0.17 0.23 -0.13 -0.77 0.00
-0.16 0.19 -0.13 -0.81 0.00
-0.16 0.15 -0.12 -0.85 0.00
-0.16 0.11 -0.12 -0.89 0.00
-0.16 0.06 -0.13 -0.93 0.00
-0.16 0.02 -0.13 -0.97 0.00
-0.16 -0.02 -0.13 -1.01 0.00
-0.16 -0.06 -0.13 -1.05 0.00
-0.16 -0.10 -0.13 -1.09 0.00
-0.15 -0.13 -0.13 -1.13 0.00
-0.15 -0.17 -0.13 -1.17 0.00
-0.15 -0.21 -0.13 -1.21 0.00
-0.15 -0.25 -0.15 -1.25 0.00
-0.15 -0.29 -0.16 -1.29 0.00
-0.15 -0.33 -0.15 -1.33 0.00
-0.15 -0.37 -0.15 -1.37 0.00
-0.15 -0.41 -0.16 -1.41 0.00
-0.15 -0.45 -0.16 -1.45 0.00
-0.15 -0.49 -0.17 -1.49 0.00
-0.15 -0.53 -0.17 -1.53 0.00
-0.15 -0.57 -0.18 -1.57 0.00
-0.15 -0.61 -0.18 -1.61 0.00
-0.15 -0.65 -0.19 -1.65 0.00
-0.15 -0.69 -0.19 -1.69 0.00
-0.15 -0.73 -0.20 -1.73 0.00
-0.15 -0.78 -0.22 -1.77 0.00
-0.16 -0.82 -0.23 -1.81 0.00
-0.16 -0.86 -0.24 -1.85 0.00
-0.16 -0.90 -0.29 -1.89 0.00
-0.15 -0.94 -0.33 -1.92 0.00
-0.15 -0.97 -0.37 -1.95 0.00
-0.16 -1.02 -0.38 -1.99 0.00
-0.17 -1.06 -0.38 -2.03 0.00
-0.18 -1.10 -0.39 -2.08 0.00
-0.18 -1.14 -0.40 -2.12 0.00
-0.19 -1.18 -0.40 -2.16 0.00
-0.20 -1.22 -0.41 -2.20 0.00
-0.21 -1.26 -0.41 -2.24 0.00
-0.22 -1.30 -0.41 -2.28 0.00
-0.23 -1.34 -0.42 -2.32 0.00
-0.24 -1.38 -0.43 -2.36 0.00
-0.25 -1.42 -0.45 -2.40 0.00
-0.26 -1.46 -0.49 -2.44 0.00
-0.27 -1.50 -0.52 -2.47 0.00
-0.28 -1.54 -0.49 -2.52 0.00
-0.29 -1.58 -0.49 -2.56 0.00
-0.30 -1.62 -0.49 -2.60 0.00
-0.31 -1.66 -0.49 -2.64 0.00
-0.31 -1.70 -0.49 -2.68 0.00
-0.32 -1.74 -0.50 -2.72 0.00
-0.33 -1.78 -0.50 -2.76 0.00
-0.34 -1.82 -0.51 -2.80 0.00
-0.35 -1.86 -0.51 -2.84 0.00
-0.35 -1.90 -0.51 -2.88 0.00
-0.36 -1.94 -0.54 -2.92 0.00
-0.37 -1.98 -0.55 -2.96 0.00
-0.38 -2.02 -0.56 -3.00 0.00
-0.38 -2.06 -0.56 -3.04 0.00
-0.39 -2.10 -0.58 -3.08 0.00
-0.40 -2.13 -0.61 -3.11 0.00
-0.41 -2.17 -0.54 -3.16 0.00
-0.42 -2.21 -0.52 -3.20 0.00
