-1.70 1.90 -1.03 1.15 0.00
-1.67 1.86 -1.01 1.11 0.00
-1.63 1.83 -1.00 1.05 0.00
-1.60 1.79 -1.01 0.98 0.00
-1.57 1.75 -1.01 0.92 0.00
-1.53 1.71 -1.02 0.85 0.00
-1.50 1.67 -1.04 0.78 0.00
-1.47 1.63 -1.06 0.72 0.00
-1.43 1.59 -1.09 0.65 0.00
-1.40 1.55 -1.11 0.60 0.00
-1.39 1.51 -1.10 0.55 0.00
-1.38 1.47 -1.10 0.51 0.00
-1.36 1.43 -1.09 0.46 0.00
-1.35 1.38 -1.13 0.41 0.00
-1.34 1.34 -1.17 0.36 0.00
-1.33 1.30 -1.20 0.31 0.00
-1.32 1.26 -1.25 0.26 0.00
-1.31 1.22 -1.23 0.22 0.00
-1.31 1.18 -1.22 0.18 0.00
-1.31 1.14 -1.21 0.14 0.00
-1.31 1.10 -1.19 0.11 0.00
-1.30 1.06 -1.18 0.07 0.00
-1.30 1.02 -1.19 0.02 0.00
-1.29 0.98 -1.19 -0.02 0.00
-1.29 0.94 -1.19 -0.06 0.00
-1.29 0.90 -1.19 -0.10 0.00
-1.28 0.86 -1.19 -0.14 0.00
-1.28 0.82 -1.19 -0.18 0.00
-1.27 0.78 -1.19 -0.22 0.00
-1.27 0.74 -1.19 -0.26 0.00
-1.27 0.70 -1.19 -0.30 0.00
-1.26 0.66 -1.19 -0.34 0.00
-1.26 0.62 -1.21 -0.38 0.00
-1.26 0.58 -1.20 -0.42 0.00
-1.26 0.54 -1.19 -0.46 0.00
-1.25 0.50 -1.18 -0.50 0.00
-1.25 0.46 -1.16 -0.54 0.00
-1.25 0.42 -1.13 -0.57 0.00
-1.25 0.38 -1.10 -0.61 0.00
-1.24 0.34 -1.05 -0.64 0.00
-1.24 0.30 -1.02 -0.68 0.00
-1.24 0.26 -0.99 -0.71 0.00
-1.23 0.22 -0.97 -0.75 0.00
-1.23 0.18 -0.95 -0.78 0.00
-1.22 0.14 -0.93 -0.82 0.00
-1.20 0.10 -0.91 -0.85 0.00
-1.19 0.06 -0.89 -0.89 0.00
-1.18 0.02 -0.87 -0.93 0.00
-1.17 -0.02 -0.86 -0.97 0.00
-1.17 -0.06 -0.77 -0.97 0.00
-1.17 -0.09 -0.72 -0.99 0.00
-1.15 -0.14 -0.71 -1.03 0.00
-1.13 -0.18 -0.69 -1.07 0.00
-1.11 -0.22 -0.68 -1.12 0.00
-1.09 -0.26 -0.68 -1.17 0.00
-1.07 -0.30 -0.70 -1.22 0.00
-1.05 -0.34 -0.71 -1.28 0.00
-1.03 -0.38 -0.74 -1.34 0.00
-1.01 -0.42 -0.77 -1.39 0.00
-0.99 -0.46 -0.80 -1.44 0.00
-0.97 -0.50 -0.83 -1.49 0.00
-0.96 -0.54 -0.83 -1.53 0.00
-0.96 -0.58 -0.83 -1.57 0.00
-0.95 -0.62 -0.82 -1.61 0.00
-0.95 -0.66 -0.80 -1.65 0.00
-0.94 -0.70 -0.79 -1.69 0.00
-0.93 -0.74 -0.80 -1.73 0.00
-0.92 -0.78 -0.80 -1.77 0.00
-0.92 -0.82 -0.79 -1.81 0.00
-0.91 -0.86 -0.79 -1.86 0.00
-0.91 -0.90 -0.78 -1.90 0.00
-0.90 -0.94 -0.78 -1.93 0.00
-0.90 -0.98 -0.77 -1.97 0.00
-0.89 -1.02 -0.76 -2.01 0.00
-0.89 -1.06 -0.75 -2.05 0.00
-0.88 -1.10 -0.74 -2.09 0.00
-0.88 -1.14 -0.74 -2.13 0.00
-0.87 -1.18 -0.73 -2.17 0.00
-0.87 -1.22 -0.71 -2.21 0.00
-0.86 -1.26 -0.69 -2.25 0.00
-0.86 -1.30 -0.66 -2.28 0.00
-0.85 -1.34 -0.63 -2.32 0.00
-0.85 -1.38 -0.61 -2.35 0.00
-0.84 -1.42 -0.58 -2.39 0.00
-0.83 -1.46 -0.54 -2.42 0.00
-0.82 -1.50 -0.52 -2.46 0.00
-0.81 -1.54 -0.49 -2.49 0.00
-0.80 -1.58 -0.45 -2.52 0.00
-0.79 -1.62 -0.42 -2.55 0.00
-0.78 -1.66 -0.39 -2.59 0.00
-0.77 -1.70 -0.37 -2.62 0.00
-0.75 -1.75 -0.33 -2.65 0.00
-0.73 -1.79 -0.30 -2.69 0.00
-0.71 -1.83 -0.27 -2.72 0.00
-0.69 -1.87 -0.24 -2.76 0.00
-0.68 -1.91 -0.19 -2.78 0.00
-0.66 -1.95 -0.16 -2.82 0.00
-0.63 -1.99 -0.27 -2.92 0.00
-0.61 -2.03 -0.33 -2.99 0.00
-0.59 -2.07 -0.40 -3.05 0.00
-0.56 -2.11 -0.44 -3.10 0.00
-0.54 -2.15 -0.50 -3.15 0.00
-0.52 -2.19 -0.55 -3.19 0.00
-0.51 -2.23 -0.56 -3.23 0.00
-0.52 -2.28 -0.55 -3.28 0.00
-0.52 -2.33 -0.55 -3.33 0.00
-0.52 -2.37 -0.55 -3.37 0.00
-0.53 -2.42 -0.55 -3.42 0.00
-0.53 -2.47 -0.58 -3.47 0.00
-0.53 -2.51 -0.60 -3.51 0.00
-0.53 -2.56 -0.62 -3.56 0.00
-0.53 -2.61 -0.64 -3.60 0.00
-0.53 -2.65 -0.66 -3.64 0.00
-0.55 -2.69 -0.63 -3.69 0.00
-0.55 -2.73 -0.62 -3.73 0.00
-0.56 -2.77 -0.62 -3.77 0.00
-0.56 -2.81 -0.61 -3.81 0.00
-0.56 -2.85 -0.61 -3.85 0.00
-0.56 -2.89 -0.61 -3.89 0.00
-0.57 -2.93 -0.61 -3.93 0.00
-0.57 -2.97 -0.61 -3.97 0.00
-0.57 -3.01 -0.61 -4.01 0.00
-0.57 -3.05 -0.61 -4.05 0.00
-0.57 -3.09 -0.61 -4.09 0.00
-0.58 -3.13 -0.51 -4.13 0.00
-0.58 -3.17 -0.36 -4.15 0.00
-0.58 -3.21 -0.21 -4.14 0.00
-0.58 -3.25 -0.07 -4.11 0.00
-0.58 -3.28 0.04 -4.06 0.00
-0.55 -3.32 0.04 -4.12 0.00
-0.52 -3.36 0.07 -4.17 0.00
-0.49 -3.40 0.08 -4.23 0.00
-0.45 -3.44 0.10 -4.28 0.00
-0.42 -3.48 0.11 -4.33 0.00
-0.39 -3.52 0.14 -4.37 0.00
-0.37 -3.56 0.16 -4.41 0.00
-0.34 -3.60 0.19 -4.45 0.00
-0.32 -3.64 0.28 -4.45 0.00
-0.29 -3.68 0.38 -4.42 0.00
-0.27 -3.72 0.48 -4.39 0.00
-0.24 -3.76 0.57 -4.35 0.00
-0.22 -3.80 0.66 -4.29 0.00
-0.19 -3.84 0.74 -4.22 0.00
-0.17 -3.87 0.80 -4.09 0.00
-0.12 -3.88 0.85 -4.13 0.00
-0.09 -3.87 0.89 -4.05 0.00
-0.05 -3.86 0.94 -4.04 0.00
0.03 -3.88 0.95 -4.26 0.00
0.06 -3.92 0.98 -4.32 0.00
0.09 -3.92 1.02 -4.29 0.00
0.12 -3.92 1.04 -4.32 0.00
0.15 -3.95 1.13 -4.13 0.00
0.19 -3.96 1.18 -4.12 0.00
0.23 -3.99 1.22 -4.14 0.00
0.27 -3.98 1.26 -4.14 0.00
0.31 -3.98 1.31 -4.08 0.00
0.35 -3.99 1.35 -4.06 0.00
0.39 -4.00 1.39 -4.03 0.00
0.43 -3.99 1.42 -4.10 0.00
0.46 -3.99 1.46 -3.95 0.00
0.53 -3.96 1.52 -4.10 0.00
0.53 -3.96 1.15 -4.75 1.00
0.53 -3.97 0.41 -4.97 1.00
0.53 -3.98 -0.24 -4.62 1.00
0.53 -3.99 -0.47 -3.90 1.00
0.49 -3.98 -0.51 -3.92 0.00
0.45 -3.98 -0.55 -3.93 0.00
0.39 -3.97 -0.61 -3.92 0.00
0.36 -3.98 -0.64 -3.98 0.00
0.33 -3.97 -0.67 -4.01 0.00
0.29 -3.97 -0.71 -3.96 0.00
0.25 -3.97 -0.75 -3.93 0.00
0.20 -3.97 -0.80 -3.87 0.00
0.17 -3.97 -0.78 -3.68 0.00
0.12 -3.95 -0.80 -3.56 0.00
0.13 -3.90 -0.28 -2.99 0.00
0.09 -3.92 -0.50 -3.12 0.00
0.03 -3.93 -0.55 -3.11 0.00
0.05 -3.88 0.05 -2.88 0.00
-0.03 -3.87 -0.55 -3.02 0.00
-0.05 -3.87 -0.60 -3.03 0.00
-0.06 -3.83 -0.68 -3.04 0.00
-0.07 -3.78 -0.75 -3.05 0.00
-0.10 -3.75 -0.76 -3.01 0.00
-0.12 -3.73 -0.78 -2.97 0.00
-0.15 -3.70 -0.80 -2.94 0.00
-0.17 -3.67 -0.82 -2.90 0.00
-0.20 -3.64 -0.85 -2.88 0.00
-0.23 -3.61 -0.86 -2.83 0.00
-0.25 -3.58 -0.87 -2.79 0.00
-0.28 -3.55 -0.89 -2.76 0.00
-0.31 -3.52 -0.91 -2.72 0.00
-0.33 -3.49 -0.92 -2.68 0.00
-0.35 -3.46 -0.94 -2.65 0.00
-0.37 -3.43 -0.96 -2.62 0.00
-0.39 -3.40 -0.98 -2.60 0.00
-0.41 -3.38 -0.99 -2.56 0.00
-0.43 -3.34 -1.07 -2.57 0.00
-0.45 -3.30 -1.12 -2.56 0.00
-0.47 -3.27 -1.17 -2.56 0.00
-0.50 -3.24 -1.21 -2.54 0.00
-0.52 -3.21 -1.26 -2.53 0.00
-0.55 -3.18 -1.32 -2.54 0.00
-0.58 -3.15 -1.38 -2.56 0.00
-0.61 -3.13 -1.45 -2.59 0.00
-0.64 -3.10 -1.53 -2.64 0.00
-0.66 -3.07 -1.60 -2.71 0.00
-0.70 -3.04 -1.66 -2.77 0.00
-0.73 -3.02 -1.71 -2.85 0.00
-0.76 -3.01 -1.76 -2.92 0.00
-0.79 -2.99 -1.79 -2.98 0.00
-0.83 -2.98 -1.83 -3.03 0.00
-0.86 -2.98 -1.86 -3.09 0.00
-0.90 -2.98 -1.85 -3.32 0.00
-0.94 -2.99 -1.82 -3.47 0.00
-0.98 -2.99 -1.77 -3.61 0.00
-1.03 -2.99 -1.70 -3.73 0.00
-1.07 -2.99 -1.63 -3.82 0.00
-1.11 -3.00 -1.56 -3.89 0.00
-1.13 -3.03 -1.56 -3.93 0.00
-1.15 -3.07 -1.58 -3.97 0.00
-1.17 -3.11 -1.62 -4.00 0.00
-1.19 -3.15 -1.64 -4.04 0.00
-1.21 -3.19 -1.65 -4.08 0.00
-1.22 -3.23 -1.66 -4.13 0.00
-1.24 -3.27 -1.67 -4.17 0.00
-1.26 -3.31 -1.68 -4.21 0.00
-1.29 -3.34 -1.69 -4.26 0.00
-1.31 -3.38 -1.70 -4.30 0.00
-1.31 -3.38 -2.24 -3.75 1.00
-1.31 -3.38 -2.22 -2.98 1.00
-1.34 -3.37 -2.28 -3.02 0.00
-1.38 -3.35 -2.34 -3.06 0.00
-1.42 -3.33 -2.40 -3.13 0.00
-1.45 -3.31 -2.45 -3.21 0.00
-1.49 -3.30 -2.49 -3.29 0.00
-1.53 -3.28 -2.52 -3.38 0.00
-1.56 -3.27 -2.55 -3.45 0.00
-1.60 -3.27 -2.57 -3.49 0.00
-1.63 -3.27 -2.60 -3.52 0.00
-1.66 -3.28 -2.63 -3.54 0.00
-1.70 -3.29 -2.66 -3.55 0.00
-1.73 -3.29 -2.69 -3.58 0.00
-1.77 -3.30 -2.72 -3.61 0.00
-1.80 -3.31 -2.74 -3.65 0.00
-1.84 -3.32 -2.77 -3.69 0.00
-1.87 -3.33 -2.79 -3.73 0.00
-1.87 -3.33 -2.80 -2.97 1.00
-1.87 -3.33 -2.27 -2.42 1.00
-1.89 -3.30 -2.14 -2.33 0.00
-1.88 -3.27 -2.02 -2.28 0.00
-1.90 -3.20 -2.18 -2.24 0.00
-1.92 -3.16 -2.13 -2.18 0.00
-1.94 -3.15 -2.09 -2.16 0.00
-1.94 -3.08 -2.27 -2.14 0.00
-1.93 -3.06 -2.21 -2.10 0.00
-1.94 -2.99 -2.28 -2.05 0.00
-1.96 -2.99 -2.12 -2.00 0.00
-1.93 -2.91 -2.39 -2.02 0.00
-1.96 -2.92 -2.14 -1.94 0.00
-1.97 -2.88 -2.13 -1.90 0.00
-1.96 -2.85 -2.28 -1.90 0.00
-1.97 -2.82 -2.25 -1.86 0.00
-1.98 -2.79 -2.26 -1.83 0.00
-1.98 -2.75 -2.34 -1.81 0.00
-2.00 -2.71 -2.31 -1.76 0.00
-2.01 -2.68 -2.24 -1.70 0.00
-2.03 -2.64 -2.24 -1.66 0.00
-2.04 -2.60 -2.26 -1.63 0.00
-2.06 -2.57 -2.28 -1.59 0.00
-2.06 -2.52 -2.18 -1.53 0.00
-2.12 -2.50 -2.33 -1.52 0.00
-2.07 -2.46 -2.12 -1.46 0.00
-2.08 -2.42 -2.14 -1.42 0.00
-2.10 -2.39 -2.18 -1.39 0.00
-2.08 -2.35 -2.17 -1.35 0.00
-2.08 -2.32 -2.15 -1.32 0.00
-2.11 -2.31 -2.28 -1.33 0.00
-2.10 -2.26 -2.30 -1.28 0.00
-2.10 -2.23 -2.17 -1.23 0.00
-2.12 -2.21 -2.23 -1.21 0.00
-2.12 -2.22 -1.48 -1.45 1.00
-2.11 -2.20 -1.46 -1.44 0.00
-2.07 -2.16 -1.44 -1.38 0.00
-2.04 -2.12 -1.37 -1.37 0.00
-1.98 -2.08 -1.22 -1.42 0.00
-1.88 -2.04 -0.88 -1.96 0.00
-1.88 -1.99 -1.01 -1.51 0.00
-1.89 -1.96 -0.96 -1.60 0.00
-1.86 -1.92 -0.89 -1.69 0.00
-1.82 -1.88 -0.83 -1.79 0.00
-1.81 -1.86 -0.81 -1.90 0.00
-1.76 -1.85 -0.76 -1.94 0.00
-1.75 -1.84 -0.79 -2.13 0.00
-1.67 -1.86 -0.67 -1.93 0.00
-1.60 -1.86 -0.60 -1.82 0.00
-1.58 -1.89 -0.60 -2.08 0.00
-1.53 -1.88 -0.55 -2.06 0.00
-1.50 -1.88 -0.52 -2.10 0.00
-1.46 -1.89 -0.50 -2.17 0.00
-1.41 -1.90 -0.46 -2.20 0.00
-1.37 -1.90 -0.44 -2.26 0.00
-1.33 -1.91 -0.42 -2.31 0.00
-1.30 -1.92 -0.40 -2.36 0.00
-1.26 -1.93 -0.37 -2.40 0.00
-1.22 -1.95 -0.35 -2.45 0.00
-1.18 -1.96 -0.33 -2.50 0.00
-1.14 -1.98 -0.31 -2.54 0.00
-1.10 -2.01 -0.28 -2.58 0.00
-1.06 -2.03 -0.25 -2.61 0.00
-1.03 -2.05 -0.23 -2.65 0.00
-0.99 -2.08 -0.21 -2.70 0.00
-0.95 -2.10 -0.18 -2.74 0.00
-0.91 -2.13 -0.17 -2.80 0.00
-0.88 -2.16 -0.18 -2.87 0.00
-0.85 -2.19 -0.24 -2.99 0.00
-0.81 -2.22 -0.30 -3.07 0.00
-0.78 -2.25 -0.36 -3.15 0.00
-0.75 -2.27 -0.42 -3.22 0.00
-0.72 -2.30 -0.47 -3.27 0.00
-0.69 -2.33 -0.52 -3.32 0.00
-0.67 -2.37 -0.53 -3.36 0.00
-0.66 -2.43 -0.51 -3.42 0.00
-0.66 -2.48 -0.51 -3.47 0.00
-0.65 -2.54 -0.52 -3.53 0.00
-0.64 -2.59 -0.53 -3.58 0.00
-0.63 -2.64 -0.53 -3.64 0.00
-0.63 -2.70 -0.55 -3.69 0.00
-0.62 -2.75 -0.56 -3.75 0.00
-0.61 -2.80 -0.57 -3.80 0.00
-0.61 -2.84 -0.61 -3.84 0.00
-0.60 -2.88 -0.63 -3.88 0.00
-0.60 -2.92 -0.63 -3.92 0.00
-0.60 -2.96 -0.65 -3.96 0.00
-0.60 -3.00 -0.66 -4.00 0.00
-0.60 -3.04 -0.67 -4.04 0.00
-0.60 -3.09 -0.69 -4.08 0.00
-0.61 -3.12 -0.69 -4.12 0.00
-0.61 -3.17 -0.70 -4.17 0.00
-0.61 -3.21 -0.59 -4.21 0.00
-0.62 -3.25 -0.44 -4.23 0.00
-0.62 -3.29 -0.29 -4.23 0.00
-0.62 -3.33 -0.16 -4.21 0.00
-0.63 -3.37 -0.05 -4.18 0.00
-0.63 -3.40 0.07 -4.11 0.00
-0.62 -3.45 0.05 -4.19 0.00
-0.57 -3.47 0.04 -4.27 0.00
-0.54 -3.51 0.06 -4.31 0.00
-0.52 -3.55 0.03 -4.39 0.00
-0.48 -3.59 0.02 -4.45 0.00
-0.45 -3.62 0.01 -4.51 0.00
-0.43 -3.66 0.02 -4.56 0.00
-0.40 -3.70 0.06 -4.59 0.00
-0.38 -3.75 0.07 -4.63 0.00
-0.36 -3.78 0.16 -4.64 0.00
-0.34 -3.83 0.28 -4.61 0.00
-0.32 -3.85 0.38 -4.56 0.00
-0.35 -3.84 0.62 -4.05 0.00
-0.27 -3.94 0.56 -4.50 0.00
-0.26 -3.99 0.65 -4.42 0.00
-0.24 -4.04 0.69 -4.40 0.00
-0.21 -4.04 0.75 -4.31 0.00
-0.20 -4.03 0.14 -4.97 1.00
-0.17 -4.04 -0.54 -4.97 1.00
-0.18 -4.06 -1.02 -4.60 1.00
-0.18 -4.06 -1.16 -3.86 1.00
-0.22 -4.06 -1.20 -3.86 0.00
-0.26 -4.05 -1.24 -3.88 0.00
-0.31 -4.04 -1.27 -3.75 0.00
-0.37 -4.05 -1.26 -3.59 0.00
-0.38 -4.03 -1.16 -3.40 0.00
-0.41 -4.02 -1.13 -3.32 0.00
-0.43 -4.01 -1.02 -3.21 0.00
-0.49 -4.01 -0.89 -3.09 0.00
-0.52 -3.99 -1.07 -3.15 0.00
-0.55 -3.96 -1.05 -3.10 0.00
-0.51 -3.87 -0.73 -2.89 0.00
-0.58 -3.89 -1.19 -3.10 0.00
-0.61 -3.85 -1.20 -3.05 0.00
-0.64 -3.83 -1.23 -3.02 0.00
-0.69 -3.81 -1.20 -2.95 0.00
-0.69 -3.77 -1.23 -2.93 0.00
-0.71 -3.74 -1.21 -2.87 0.00
-0.73 -3.73 -1.20 -2.85 0.00
-0.77 -3.65 -1.18 -2.74 0.00
-0.79 -3.64 -1.21 -2.73 0.00
-0.79 -3.61 -1.06 -2.64 0.00
-0.82 -3.59 -1.25 -2.68 0.00
-0.84 -3.54 -1.51 -2.79 0.00
-0.86 -3.52 -1.49 -2.74 0.00
-0.87 -3.43 -1.32 -2.53 0.00
-0.89 -3.42 -1.44 -2.59 0.00
-0.90 -3.40 -1.46 -2.57 0.00
-0.92 -3.37 -1.51 -2.56 0.00
-0.94 -3.34 -1.56 -2.56 0.00
-0.96 -3.31 -1.61 -2.55 0.00
-0.98 -3.28 -1.66 -2.55 0.00
-1.00 -3.25 -1.68 -2.52 0.00
-1.03 -3.22 -1.66 -2.44 0.00
-1.05 -3.19 -1.65 -2.39 0.00
-1.08 -3.16 -1.65 -2.35 0.00
-1.10 -3.14 -1.66 -2.30 0.00
-1.13 -3.11 -1.66 -2.26 0.00
-1.15 -3.08 -1.67 -2.22 0.00
-1.17 -3.05 -1.70 -2.21 0.00
-1.18 -3.02 -1.73 -2.19 0.00
-1.20 -3.00 -1.77 -2.18 0.00
-1.21 -2.97 -1.82 -2.17 0.00
-1.23 -2.95 -1.87 -2.18 0.00
-1.25 -2.92 -1.93 -2.19 0.00
-1.26 -2.90 -1.97 -2.20 0.00
-1.28 -2.87 -2.02 -2.20 0.00
-1.30 -2.85 -2.06 -2.20 0.00
-1.32 -2.83 -2.10 -2.21 0.00
-1.35 -2.80 -2.20 -2.28 0.00
-1.38 -2.78 -2.29 -2.36 0.00
-1.41 -2.75 -2.37 -2.44 0.00
-1.45 -2.72 -2.44 -2.57 0.00
-1.48 -2.70 -2.48 -2.68 0.00
-1.51 -2.67 -2.51 -2.79 0.00
-1.54 -2.66 -2.53 -2.85 0.00
-1.58 -2.67 -2.56 -2.85 0.00
-1.61 -2.67 -2.59 -2.86 0.00
-1.64 -2.68 -2.62 -2.89 0.00
-1.68 -2.69 -2.64 -2.98 0.00
-1.72 -2.69 -2.65 -3.06 0.00
-1.75 -2.70 -2.65 -3.14 0.00
-1.79 -2.71 -2.64 -3.22 0.00
-1.82 -2.71 -2.64 -3.29 0.00
-1.86 -2.72 -2.63 -3.36 0.00
-1.86 -2.72 -2.86 -2.63 1.00
-1.86 -2.72 -2.51 -1.96 1.00
-1.86 -2.72 -1.78 -1.73 1.00
-1.86 -2.68 -1.65 -1.70 0.00
-1.86 -2.64 -1.53 -1.69 0.00
-1.85 -2.60 -1.42 -1.70 0.00
-1.85 -2.55 -1.31 -1.71 0.00
-1.85 -2.51 -1.22 -1.73 0.00
-1.84 -2.47 -1.14 -1.76 0.00
-1.82 -2.43 -1.07 -1.77 0.00
-1.79 -2.40 -1.04 -1.75 0.00
-1.76 -2.37 -1.00 -1.73 0.00
-1.73 -2.34 -0.93 -1.74 0.00
-1.70 -2.32 -0.86 -1.77 0.00
-1.67 -2.29 -0.78 -1.83 0.00
-1.63 -2.26 -0.71 -1.88 0.00
-1.60 -2.23 -0.65 -1.93 0.00
-1.57 -2.21 -0.59 -1.99 0.00
-1.54 -2.18 -0.55 -2.05 0.00
-1.50 -2.17 -0.50 -2.14 0.00
-1.46 -2.16 -0.46 -2.20 0.00
-1.42 -2.15 -0.42 -2.25 0.00
-1.38 -2.14 -0.39 -2.30 0.00
-1.34 -2.14 -0.36 -2.34 0.00
-1.30 -2.14 -0.33 -2.38 0.00
-1.26 -2.15 -0.29 -2.41 0.00
-1.22 -2.16 -0.26 -2.45 0.00
-1.18 -2.17 -0.23 -2.49 0.00
-1.14 -2.18 -0.22 -2.57 0.00
-1.10 -2.19 -0.21 -2.64 0.00
-1.06 -2.20 -0.19 -2.70 0.00
-1.02 -2.21 -0.18 -2.76 0.00
-0.98 -2.23 -0.17 -2.81 0.00
-0.94 -2.25 -0.15 -2.86 0.00
-0.90 -2.27 -0.12 -2.90 0.00
-0.88 -2.30 -0.09 -2.92 0.00
-0.84 -2.33 -0.05 -2.95 0.00
-0.80 -2.36 -0.01 -2.98 0.00
-0.75 -2.40 0.03 -3.02 0.00
-0.71 -2.43 0.06 -3.07 0.00
-0.67 -2.46 0.10 -3.10 0.00
-0.62 -2.50 0.14 -3.15 0.00
-0.58 -2.53 0.17 -3.19 0.00
-0.54 -2.57 0.20 -3.24 0.00
-0.49 -2.60 0.25 -3.28 0.00
-0.45 -2.63 0.29 -3.31 0.00
-0.42 -2.67 0.32 -3.34 0.00
-0.38 -2.70 0.36 -3.36 0.00
-0.35 -2.73 0.41 -3.38 0.00
-0.32 -2.76 0.45 -3.40 0.00
-0.28 -2.79 0.49 -3.43 0.00
-0.25 -2.81 0.44 -3.53 0.00
-0.21 -2.83 0.45 -3.58 0.00
-0.18 -2.86 0.47 -3.62 0.00
-0.15 -2.89 0.48 -3.66 0.00
-0.12 -2.92 0.51 -3.70 0.00
-0.10 -2.95 0.55 -3.72 0.00
-0.07 -2.99 0.59 -3.74 0.00
-0.04 -3.02 0.63 -3.76 0.00
-0.01 -3.06 0.67 -3.78 0.00
0.01 -3.09 0.74 -3.78 0.00
0.04 -3.12 0.80 -3.77 0.00
0.07 -3.15 0.87 -3.75 0.00
0.10 -3.19 0.93 -3.73 0.00
0.13 -3.22 1.00 -3.70 0.00
0.16 -3.25 1.05 -3.69 0.00
0.19 -3.27 1.10 -3.68 0.00
0.22 -3.29 1.12 -3.73 0.00
0.26 -3.31 1.16 -3.75 0.00
0.29 -3.32 1.19 -3.77 0.00
0.33 -3.34 1.22 -3.79 0.00
0.37 -3.36 1.26 -3.80 0.00
0.40 -3.37 1.30 -3.81 0.00
0.44 -3.39 1.34 -3.82 0.00
0.47 -3.41 1.37 -3.85 0.00
0.51 -3.43 1.41 -3.86 0.00
0.54 -3.45 1.45 -3.87 0.00
0.58 -3.46 1.49 -3.87 0.00
0.61 -3.48 1.53 -3.87 0.00
