0.20 4.60 -0.73 4.22 0.00
0.16 4.59 -0.69 4.07 0.00
0.12 4.58 -0.68 3.99 0.00
0.08 4.57 -0.69 3.93 0.00
0.04 4.56 -0.67 3.86 0.00
0.00 4.55 -0.66 3.80 0.00
-0.04 4.54 -0.66 3.76 0.00
-0.06 4.47 -0.78 3.78 0.00
-0.09 4.42 -0.74 3.66 0.00
-0.13 4.39 -0.66 3.54 0.00
-0.19 4.35 -0.71 3.49 0.00
-0.23 4.29 -0.80 3.47 0.00
-0.24 4.26 -0.83 3.45 0.00
-0.26 4.21 -0.71 3.32 0.00
-0.32 4.17 -0.88 3.33 0.00
-0.37 4.14 -0.68 3.19 0.00
-0.38 4.13 -0.90 3.27 0.00
-0.41 4.10 -0.84 3.20 0.00
-0.44 4.05 -0.78 3.11 0.00
-0.45 4.02 -0.81 3.09 0.00
-0.48 3.98 -0.75 3.02 0.00
-0.50 3.94 -0.70 2.96 0.00
-0.54 3.89 -0.37 2.91 0.00
-0.55 3.86 -0.61 2.86 0.00
-0.56 3.83 -0.60 2.83 0.00
-0.57 3.78 -0.56 2.78 0.00
-0.58 3.71 -0.32 2.74 0.00
-0.57 3.77 0.35 3.39 0.00
-0.62 3.61 -0.33 2.65 0.00
-0.61 3.58 -0.51 2.59 0.00
-0.58 3.57 -0.45 2.58 0.00
-0.57 3.54 -0.60 2.54 0.00
-0.59 3.47 -0.51 2.47 0.00
-0.58 3.38 -0.61 2.38 0.00
-0.58 3.34 -0.64 2.34 0.00
-0.57 3.36 -0.55 2.36 0.00
-0.58 3.30 -0.66 2.30 0.00
-0.57 3.27 -0.59 2.27 0.00
-0.58 3.20 -0.40 2.21 0.00
-0.57 3.19 -0.62 2.19 0.00
-0.59 3.16 -0.56 2.16 0.00
-0.60 3.11 -0.65 2.11 0.00
-0.59 3.08 -0.49 2.09 0.00
-0.60 2.94 -1.07 2.05 0.00
-0.59 3.01 -0.76 2.02 0.00
-0.62 2.96 -0.43 1.98 0.00
-0.64 2.89 -0.29 1.95 0.00
-0.59 2.89 -0.54 1.89 0.00
-0.64 2.87 -0.31 1.93 0.00
-0.64 2.84 -0.20 1.95 0.00
-0.62 2.79 -0.36 1.82 0.00
-0.60 2.76 -0.39 1.79 0.00
-0.61 2.69 -0.43 1.70 0.00
-0.61 2.65 -0.42 1.66 0.00
-0.56 2.61 0.05 1.81 0.00
-0.55 2.59 -0.28 1.62 0.00
-0.55 2.53 -0.52 1.54 0.00
-0.53 2.50 -0.49 1.50 0.00
-0.53 2.47 -0.53 1.47 0.00
-0.55 2.46 -0.56 1.46 0.00
-0.55 2.40 -0.70 1.41 0.00
-0.53 2.36 -0.62 1.36 0.00
-0.52 2.30 -0.51 1.30 0.00
-0.53 2.27 -0.51 1.27 0.00
-0.52 2.19 -0.31 1.22 0.00
-0.54 2.14 -0.20 1.19 0.00
-0.52 2.13 -0.40 1.14 0.00
-0.50 2.07 -0.29 1.10 0.00
-0.50 2.03 -0.29 1.05 0.00
-0.50 1.97 -0.19 1.02 0.00
-0.47 1.90 0.10 1.08 0.00
-0.49 1.88 0.09 1.06 0.00
-0.56 1.83 0.13 1.10 0.00
-0.48 1.80 0.19 1.06 0.00
-0.44 1.80 -0.20 0.83 0.00
-0.43 1.76 -0.19 0.79 0.00
-0.42 1.72 -0.18 0.75 0.00
-0.41 1.68 -0.18 0.71 0.00
-0.40 1.64 -0.18 0.66 0.00
-0.39 1.60 -0.18 0.62 0.00
-0.38 1.56 -0.18 0.58 0.00
-0.37 1.52 -0.20 0.54 0.00
-0.36 1.48 -0.22 0.49 0.00
-0.35 1.44 -0.26 0.44 0.00
-0.34 1.40 -0.28 0.40 0.00
-0.33 1.36 -0.28 0.36 0.00
-0.33 1.32 -0.29 0.32 0.00
-0.33 1.28 -0.30 0.28 0.00
-0.32 1.24 -0.30 0.24 0.00
-0.32 1.20 -0.31 0.20 0.00
-0.32 1.16 -0.31 0.16 0.00
-0.32 1.12 -0.32 0.12 0.00
-0.32 1.08 -0.33 0.08 0.00
-0.32 1.04 -0.34 0.04 0.00
-0.32 1.00 -0.36 -0.00 0.00
-0.32 0.96 -0.37 -0.04 0.00
-0.32 0.92 -0.37 -0.08 0.00
-0.32 0.88 -0.37 -0.12 0.00
-0.32 0.84 -0.37 -0.16 0.00
-0.32 0.80 -0.38 -0.20 0.00
-0.32 0.76 -0.39 -0.24 0.00
-0.33 0.72 -0.40 -0.28 0.00
-0.33 0.68 -0.40 -0.32 0.00
-0.33 0.64 -0.41 -0.36 0.00
-0.33 0.60 -0.42 -0.40 0.00
-0.34 0.56 -0.43 -0.44 0.00
-0.34 0.52 -0.45 -0.48 0.00
-0.34 0.48 -0.46 -0.52 0.00
-0.35 0.44 -0.48 -0.56 0.00
-0.35 0.40 -0.49 -0.59 0.00
-0.35 0.35 -0.50 -0.64 0.00
-0.36 0.31 -0.52 -0.67 0.00
-0.36 0.27 -0.55 -0.71 0.00
-0.37 0.23 -0.60 -0.74 0.00
-0.37 0.19 -0.63 -0.77 0.00
-0.38 0.15 -0.67 -0.80 0.00
-0.38 0.11 -0.70 -0.84 0.00
-0.39 0.07 -0.73 -0.87 0.00
-0.41 0.03 -0.76 -0.91 0.00
-0.42 -0.01 -0.77 -0.95 0.00
-0.44 -0.05 -0.78 -0.99 0.00
-0.45 -0.09 -0.76 -1.04 0.00
-0.47 -0.13 -0.75 -1.09 0.00
-0.48 -0.17 -0.74 -1.14 0.00
-0.50 -0.21 -0.73 -1.19 0.00
-0.51 -0.26 -0.72 -1.23 0.00
-0.53 -0.30 -0.71 -1.28 0.00
-0.54 -0.34 -0.70 -1.32 0.00
-0.55 -0.38 -0.71 -1.36 0.00
-0.55 -0.41 -0.76 -1.39 0.00
-0.55 -0.46 -0.81 -1.42 0.00
-0.56 -0.50 -0.85 -1.45 0.00
-0.56 -0.54 -0.89 -1.48 0.00
-0.57 -0.58 -0.90 -1.52 0.00
-0.59 -0.62 -0.91 -1.56 0.00
-0.60 -0.66 -0.92 -1.60 0.00
-0.62 -0.70 -0.92 -1.65 0.00
-0.63 -0.74 -0.91 -1.70 0.00
-0.64 -0.78 -0.89 -1.75 0.00
-0.66 -0.82 -0.89 -1.79 0.00
-0.67 -0.86 -0.85 -1.84 0.00
-0.69 -0.90 -0.84 -1.89 0.00
-0.70 -0.94 -0.82 -1.94 0.00
-0.71 -0.98 -0.81 -1.98 0.00
-0.71 -1.02 -0.82 -2.02 0.00
-0.72 -1.06 -0.81 -2.06 0.00
-0.72 -1.10 -0.82 -2.10 0.00
-0.73 -1.14 -0.83 -2.14 0.00
-0.73 -1.18 -0.83 -2.18 0.00
-0.73 -1.22 -0.83 -2.22 0.00
-0.74 -1.26 -0.84 -2.26 0.00
-0.74 -1.30 -0.85 -2.30 0.00
-0.74 -1.34 -0.86 -2.34 0.00
-0.75 -1.38 -0.87 -2.37 0.00
-0.75 -1.42 -0.88 -2.41 0.00
-0.75 -1.46 -0.89 -2.45 0.00
-0.76 -1.50 -0.90 -2.49 0.00
-0.76 -1.54 -0.90 -2.53 0.00
-0.77 -1.58 -0.92 -2.57 0.00
-0.77 -1.62 -0.93 -2.61 0.00
-0.78 -1.66 -0.96 -2.64 0.00
-0.79 -1.70 -0.96 -2.69 0.00
-0.79 -1.74 -0.97 -2.72 0.00
-0.80 -1.78 -0.99 -2.76 0.00
-0.81 -1.82 -1.02 -2.80 0.00
-0.81 -1.86 -1.05 -2.83 0.00
-0.82 -1.90 -1.09 -2.86 0.00
-0.83 -1.94 -1.14 -2.89 0.00
-0.84 -1.98 -1.18 -2.92 0.00
-0.84 -2.02 -1.23 -2.94 0.00
-0.85 -2.05 -1.27 -2.96 0.00
-0.87 -2.09 -1.30 -3.00 0.00
-0.88 -2.13 -1.35 -3.02 0.00
-0.90 -2.17 -1.40 -3.03 0.00
-0.91 -2.21 -1.46 -3.04 0.00
-0.93 -2.24 -1.53 -3.04 0.00
-0.95 -2.28 -1.60 -3.04 0.00
-0.99 -2.31 -1.50 -3.17 0.00
-1.02 -2.34 -1.44 -3.25 0.00
-1.05 -2.37 -1.36 -3.32 0.00
-1.09 -2.40 -1.30 -3.38 0.00
-1.12 -2.44 -1.24 -3.43 0.00
-1.12 -2.48 -1.25 -3.47 0.00
-1.13 -2.52 -1.25 -3.51 0.00
-1.13 -2.56 -1.25 -3.55 0.00
-1.14 -2.60 -1.26 -3.59 0.00
-1.14 -2.64 -1.29 -3.63 0.00
-1.15 -2.68 -1.32 -3.66 0.00
-1.15 -2.72 -1.35 -3.70 0.00
-1.16 -2.76 -1.38 -3.73 0.00
-1.16 -2.80 -1.41 -3.77 0.00
-1.17 -2.84 -1.42 -3.80 0.00
-1.17 -2.88 -1.46 -3.84 0.00
-1.19 -2.92 -1.27 -3.92 0.00
-1.21 -2.96 -1.16 -3.96 0.00
-1.23 -3.01 -1.05 -3.99 0.00
-1.24 -3.05 -0.94 -4.00 0.00
-1.26 -3.09 -0.86 -4.01 0.00
-1.24 -3.12 -0.83 -4.04 0.00
-1.23 -3.16 -0.81 -4.07 0.00
-1.21 -3.20 -0.78 -4.10 0.00
-1.20 -3.24 -0.76 -4.14 0.00
-1.18 -3.28 -0.73 -4.17 0.00
-1.16 -3.32 -0.68 -4.20 0.00
-1.14 -3.35 -0.64 -4.22 0.00
-1.13 -3.39 -0.59 -4.24 0.00
-1.11 -3.43 -0.55 -4.26 0.00
-1.09 -3.46 -0.51 -4.28 0.00
-1.08 -3.50 -0.40 -4.23 0.00
-1.09 -3.50 -1.12 -4.50 1.00
-1.11 -3.48 -1.73 -4.26 1.00
-1.10 -3.47 -2.10 -3.57 1.00
-1.14 -3.47 -2.14 -3.55 0.00
-1.19 -3.47 -2.19 -3.55 0.00
-1.22 -3.48 -2.22 -3.48 0.00
-1.24 -3.48 -2.24 -3.46 0.00
-1.32 -3.48 -2.31 -3.41 0.00
-1.36 -3.49 -2.34 -3.31 0.00
-1.41 -3.48 -2.39 -3.29 0.00
-1.46 -3.47 -2.44 -3.26 0.00
-1.50 -3.49 -2.44 -3.15 0.00
-1.54 -3.49 -2.46 -3.08 0.00
-1.57 -3.48 -2.43 -2.96 0.00
-1.57 -3.43 -2.29 -2.73 0.00
-1.64 -3.40 -2.47 -2.84 0.00
-1.68 -3.41 -2.49 -2.83 0.00
-1.72 -3.39 -2.48 -2.75 0.00
-1.75 -3.37 -2.48 -2.68 0.00
-1.78 -3.34 -2.41 -2.57 0.00
-1.82 -3.32 -2.38 -2.49 0.00
-1.85 -3.30 -2.33 -2.42 0.00
-1.88 -3.27 -2.29 -2.36 0.00
-1.89 -3.24 -2.22 -2.30 0.00
-1.89 -3.23 -2.10 -2.25 0.00
-1.93 -3.16 -2.31 -2.24 0.00
-1.92 -3.12 -2.34 -2.21 0.00
-1.94 -3.07 -2.51 -2.25 0.00
-1.98 -3.07 -2.39 -2.16 0.00
-1.99 -3.04 -2.43 -2.14 0.00
-2.00 -2.99 -2.54 -2.15 0.00
-2.01 -2.97 -2.53 -2.11 0.00
-2.02 -2.94 -2.59 -2.11 0.00
-2.05 -2.90 -2.66 -2.11 0.00
-2.06 -2.87 -2.64 -2.06 0.00
-2.07 -2.87 -1.91 -1.88 1.00
-2.06 -2.83 -1.82 -1.86 0.00
-2.05 -2.77 -1.75 -1.82 0.00
-2.05 -2.74 -1.70 -1.80 0.00
-2.04 -2.68 -1.60 -1.78 0.00
-2.02 -2.64 -1.59 -1.74 0.00
-2.03 -2.61 -1.53 -1.75 0.00
-2.01 -2.57 -1.47 -1.73 0.00
-1.98 -2.56 -1.36 -1.78 0.00
-1.94 -2.50 -1.43 -1.65 0.00
-1.88 -2.35 -2.10 -1.38 0.00
-1.88 -2.39 -1.48 -1.47 0.00
-1.89 -2.41 -1.19 -1.70 0.00
-1.87 -2.38 -1.09 -1.75 0.00
-1.85 -2.34 -1.00 -1.81 0.00
-1.83 -2.31 -0.92 -1.88 0.00
-1.80 -2.27 -0.86 -1.93 0.00
-1.76 -2.26 -0.82 -1.94 0.00
-1.73 -2.24 -0.77 -1.96 0.00
-1.69 -2.23 -0.72 -1.98 0.00
-1.65 -2.22 -0.67 -2.01 0.00
-1.61 -2.21 -0.62 -2.06 0.00
-1.57 -2.19 -0.57 -2.08 0.00
-1.53 -2.18 -0.53 -2.10 0.00
-1.49 -2.17 -0.49 -2.12 0.00
-1.45 -2.16 -0.45 -2.13 0.00
-1.41 -2.16 -0.41 -2.12 0.00
-1.37 -2.16 -0.37 -2.12 0.00
-1.33 -2.16 -0.33 -2.18 0.00
-1.29 -2.16 -0.29 -2.29 0.00
-1.24 -2.16 -0.28 -2.42 0.00
-1.20 -2.16 -0.28 -2.54 0.00
-1.16 -2.16 -0.30 -2.65 0.00
-1.13 -2.17 -0.27 -2.69 0.00
-1.09 -2.19 -0.24 -2.71 0.00
-1.06 -2.21 -0.21 -2.74 0.00
-1.02 -2.23 -0.17 -2.75 0.00
-0.98 -2.25 -0.14 -2.79 0.00
-0.95 -2.27 -0.11 -2.82 0.00
-0.91 -2.30 -0.08 -2.84 0.00
-0.88 -2.32 -0.05 -2.87 0.00
-0.84 -2.34 -0.02 -2.91 0.00
-0.81 -2.36 0.01 -2.95 0.00
-0.77 -2.39 0.04 -2.97 0.00
-0.74 -2.41 0.07 -3.00 0.00
-0.71 -2.43 0.09 -3.04 0.00
-0.68 -2.46 0.12 -3.06 0.00
-0.65 -2.48 0.15 -3.08 0.00
-0.61 -2.50 0.17 -3.12 0.00
-0.59 -2.53 0.22 -3.12 0.00
-0.55 -2.55 0.25 -3.14 0.00
-0.52 -2.57 0.29 -3.16 0.00
-0.49 -2.60 0.32 -3.18 0.00
-0.46 -2.62 0.36 -3.20 0.00
-0.43 -2.64 0.39 -3.22 0.00
-0.40 -2.67 0.42 -3.25 0.00
-0.36 -2.69 0.45 -3.27 0.00
-0.33 -2.71 0.48 -3.29 0.00
-0.30 -2.74 0.53 -3.30 0.00
-0.27 -2.76 0.57 -3.31 0.00
-0.24 -2.78 0.60 -3.33 0.00
-0.20 -2.80 0.63 -3.35 0.00
-0.17 -2.83 0.67 -3.37 0.00
-0.14 -2.85 0.70 -3.38 0.00
-0.11 -2.87 0.74 -3.40 0.00
-0.08 -2.89 0.66 -3.57 0.00
-0.04 -2.91 0.61 -3.67 0.00
-0.01 -2.93 0.55 -3.76 0.00
0.03 -2.95 0.49 -3.84 0.00
0.06 -2.97 0.42 -3.90 0.00
0.09 -3.00 0.38 -3.95 0.00
0.11 -3.03 0.39 -3.99 0.00
0.12 -3.07 0.39 -4.04 0.00
0.13 -3.11 0.41 -4.07 0.00
0.14 -3.15 0.47 -4.10 0.00
0.15 -3.19 0.54 -4.12 0.00
0.17 -3.23 0.61 -4.13 0.00
0.18 -3.27 0.69 -4.13 0.00
0.19 -3.31 0.75 -4.14 0.00
0.20 -3.35 0.83 -4.13 0.00
0.21 -3.39 0.90 -4.12 0.00
0.24 -3.42 0.81 -4.24 0.00
0.28 -3.45 0.78 -4.31 0.00
0.31 -3.47 0.74 -4.37 0.00
0.34 -3.50 0.70 -4.43 0.00
0.36 -3.53 0.69 -4.48 0.00
0.38 -3.57 0.70 -4.52 0.00
0.39 -3.61 0.72 -4.56 0.00
0.40 -3.65 0.74 -4.59 0.00
0.42 -3.69 0.75 -4.63 0.00
0.43 -3.73 0.77 -4.67 0.00
0.44 -3.76 0.80 -4.70 0.00
0.46 -3.80 0.83 -4.73 0.00
0.47 -3.84 0.86 -4.76 0.00
0.48 -3.85 0.88 -4.77 0.00
0.49 -3.89 1.05 -4.72 0.00
0.51 -3.95 0.98 -4.83 0.00
0.51 -3.94 0.25 -4.91 1.00
0.52 -3.94 -0.34 -4.45 1.00
0.51 -3.93 -0.46 -3.66 1.00
0.47 -3.86 -0.45 -3.49 0.00
0.46 -3.87 -0.48 -3.52 0.00
0.41 -3.87 -0.53 -3.53 0.00
0.37 -3.85 -0.59 -3.57 0.00
0.30 -3.86 -0.68 -3.64 0.00
0.27 -3.86 -0.68 -3.55 0.00
0.24 -3.86 -0.68 -3.46 0.00
0.20 -3.85 -0.70 -3.42 0.00
0.16 -3.84 -0.72 -3.37 0.00
0.12 -3.83 -0.74 -3.32 0.00
0.08 -3.81 -0.75 -3.26 0.00
0.05 -3.79 -0.78 -3.23 0.00
0.02 -3.77 -0.80 -3.19 0.00
-0.02 -3.75 -0.83 -3.17 0.00
-0.05 -3.73 -0.87 -3.15 0.00
-0.08 -3.70 -0.90 -3.13 0.00
-0.12 -3.68 -0.94 -3.11 0.00
-0.16 -3.66 -0.96 -3.07 0.00
-0.19 -3.63 -1.00 -3.04 0.00
-0.23 -3.61 -1.03 -3.01 0.00
-0.26 -3.58 -1.07 -2.99 0.00
-0.30 -3.55 -1.10 -2.95 0.00
-0.34 -3.52 -1.14 -2.93 0.00
-0.37 -3.50 -1.18 -2.90 0.00
-0.41 -3.47 -1.21 -2.87 0.00
-0.45 -3.45 -1.25 -2.85 0.00
-0.48 -3.42 -1.28 -2.81 0.00
-0.52 -3.39 -1.31 -2.78 0.00
-0.55 -3.37 -1.34 -2.75 0.00
-0.58 -3.34 -1.37 -2.72 0.00
-0.62 -3.32 -1.40 -2.69 0.00
-0.65 -3.29 -1.44 -2.67 0.00
-0.68 -3.26 -1.45 -2.63 0.00
-0.71 -3.24 -1.48 -2.60 0.00
-0.74 -3.21 -1.52 -2.58 0.00
-0.77 -3.19 -1.55 -2.56 0.00
-0.81 -3.16 -1.60 -2.56 0.00
-0.84 -3.14 -1.64 -2.55 0.00
-0.87 -3.11 -1.69 -2.54 0.00
-0.90 -3.09 -1.72 -2.52 0.00
-0.93 -3.06 -1.76 -2.51 0.00
-0.96 -3.04 -1.80 -2.50 0.00
-0.99 -3.02 -1.84 -2.50 0.00
-1.02 -2.99 -1.89 -2.50 0.00
-1.06 -2.97 -1.95 -2.52 0.00
-1.09 -2.95 -2.00 -2.54 0.00
-1.12 -2.93 -2.06 -2.58 0.00
-1.16 -2.91 -2.12 -2.64 0.00
-1.20 -2.90 -2.16 -2.65 0.00
-1.23 -2.89 -2.21 -2.66 0.00
-1.27 -2.87 -2.26 -2.69 0.00
-1.31 -2.86 -2.30 -2.71 0.00
-1.35 -2.85 -2.35 -2.75 0.00
-1.39 -2.84 -2.39 -2.79 0.00
-1.43 -2.84 -2.43 -2.82 0.00
-1.46 -2.83 -2.46 -2.85 0.00
-1.50 -2.83 -2.50 -2.87 0.00
-1.54 -2.83 -2.54 -2.90 0.00
-1.58 -2.82 -2.57 -2.92 0.00
-1.62 -2.82 -2.61 -2.95 0.00
-1.65 -2.83 -2.64 -2.98 0.00
-1.69 -2.83 -2.68 -3.02 0.00
-1.73 -2.83 -2.71 -3.05 0.00
-1.77 -2.84 -2.74 -3.08 0.00
-1.77 -2.84 -2.63 -2.32 1.00
-1.77 -2.84 -2.01 -1.87 1.00
-1.78 -2.80 -1.90 -1.81 0.00
-1.79 -2.76 -1.85 -1.77 0.00
-1.80 -2.72 -1.81 -1.72 0.00
-1.81 -2.69 -1.77 -1.69 0.00
-1.82 -2.65 -1.72 -1.65 0.00
-1.83 -2.61 -1.68 -1.62 0.00
-1.83 -2.57 -1.67 -1.58 0.00
-1.82 -2.53 -1.67 -1.54 0.00
-1.81 -2.50 -1.67 -1.51 0.00
-1.80 -2.46 -1.60 -1.48 0.00
-1.80 -2.42 -1.55 -1.45 0.00
-1.79 -2.38 -1.48 -1.43 0.00
-1.78 -2.35 -1.42 -1.42 0.00
-1.78 -2.31 -1.34 -1.41 0.00
-1.77 -2.27 -1.26 -1.41 0.00
-1.77 -2.23 -1.19 -1.42 0.00
-1.75 -2.20 -1.13 -1.41 0.00
-1.72 -2.17 -1.10 -1.39 0.00
-1.70 -2.14 -1.08 -1.35 0.00
-1.67 -2.10 -1.06 -1.31 0.00
-1.65 -2.07 -1.04 -1.28 0.00
-1.62 -2.04 -1.01 -1.25 0.00
-1.60 -2.00 -0.98 -1.21 0.00
-1.57 -1.97 -0.95 -1.18 0.00
-1.54 -1.94 -0.93 -1.15 0.00
-1.52 -1.91 -0.91 -1.11 0.00
-1.50 -1.88 -0.89 -1.08 0.00
-1.47 -1.85 -0.82 -1.09 0.00
-1.45 -1.82 -0.70 -1.15 0.00
-1.43 -1.79 -0.58 -1.25 0.00
-1.40 -1.76 -0.47 -1.39 0.00
-1.38 -1.73 -0.40 -1.54 0.00
-1.34 -1.72 -0.36 -1.53 0.00
-1.30 -1.71 -0.32 -1.53 0.00
-1.26 -1.70 -0.27 -1.58 0.00
-1.22 -1.70 -0.22 -1.68 0.00
-1.18 -1.69 -0.18 -1.78 0.00
-1.14 -1.68 -0.16 -1.87 0.00
-1.10 -1.67 -0.14 -1.95 0.00
-1.06 -1.67 -0.12 -2.02 0.00
-1.02 -1.66 -0.11 -2.08 0.00
-0.98 -1.67 -0.08 -2.11 0.00
-0.94 -1.69 -0.04 -2.13 0.00
-0.90 -1.71 0.00 -2.16 0.00
-0.86 -1.74 0.00 -2.25 0.00
-0.82 -1.76 -0.01 -2.35 0.00
-0.77 -1.78 -0.05 -2.47 0.00
-0.73 -1.79 -0.10 -2.57 0.00
-0.71 -1.82 -0.23 -2.70 0.00
-0.68 -1.86 -0.33 -2.79 0.00
-0.65 -1.89 -0.43 -2.86 0.00
-0.63 -1.92 -0.52 -2.91 0.00
-0.60 -1.95 -0.60 -2.95 0.00
-0.58 -1.98 -0.67 -2.98 0.00
-0.57 -2.02 -0.70 -3.02 0.00
-0.58 -2.07 -0.71 -3.06 0.00
-0.58 -2.12 -0.72 -3.11 0.00
-0.59 -2.16 -0.74 -3.15 0.00
-0.60 -2.21 -0.73 -3.20 0.00
-0.60 -2.26 -0.74 -3.25 0.00
-0.61 -2.30 -0.75 -3.29 0.00
-0.62 -2.35 -0.77 -3.34 0.00
-0.62 -2.40 -0.79 -3.38 0.00
-0.63 -2.44 -0.83 -3.42 0.00
-0.64 -2.48 -0.80 -3.47 0.00
-0.64 -2.52 -0.80 -3.51 0.00
-0.65 -2.56 -0.80 -3.55 0.00
-0.66 -2.60 -0.81 -3.59 0.00
-0.67 -2.64 -0.83 -3.63 0.00
-0.67 -2.68 -0.84 -3.67 0.00
-0.68 -2.72 -0.84 -3.71 0.00
-0.69 -2.76 -0.85 -3.75 0.00
-0.69 -2.80 -0.85 -3.79 0.00
-0.70 -2.84 -0.86 -3.83 0.00
-0.71 -2.88 -0.88 -3.86 0.00
-0.71 -2.92 -0.91 -3.90 0.00
-0.72 -2.95 -0.96 -3.93 0.00
-0.72 -2.99 -1.03 -3.95 0.00
-0.73 -3.03 -1.10 -3.96 0.00
-0.74 -3.07 -1.17 -3.97 0.00
-0.76 -3.10 -1.14 -4.03 0.00
-0.78 -3.14 -1.13 -4.08 0.00
-0.80 -3.18 -1.13 -4.12 0.00
-0.81 -3.22 -1.13 -4.16 0.00
-0.83 -3.25 -1.14 -4.21 0.00
-0.84 -3.29 -1.14 -4.25 0.00
-0.85 -3.33 -1.14 -4.29 0.00
-0.87 -3.37 -1.14 -4.33 0.00
-0.88 -3.40 -1.14 -4.37 0.00
-0.89 -3.42 -1.20 -4.37 0.00
-0.91 -3.47 -1.16 -4.44 0.00
-0.91 -3.52 -1.13 -4.49 0.00
-0.93 -3.55 -1.07 -4.54 0.00
