0.20 6.20 1.00 6.79 0.00
0.20 6.20 1.19 6.05 1.00
0.24 6.18 1.24 6.09 0.00
0.28 6.18 1.28 6.08 0.00
0.33 6.17 1.32 6.07 0.00
0.37 6.17 1.36 6.06 0.00
0.41 6.17 1.41 6.04 0.00
0.46 6.16 1.43 5.95 0.00
0.50 6.16 1.45 5.84 0.00
0.54 6.15 1.45 5.73 0.00
0.58 6.15 1.44 5.63 0.00
0.63 6.15 1.42 5.54 0.00
0.67 6.14 1.39 5.45 0.00
0.71 6.13 1.38 5.39 0.00
0.73 6.10 1.41 5.36 0.00
0.76 6.07 1.44 5.33 0.00
0.79 6.04 1.45 5.29 0.00
0.82 6.00 1.47 5.25 0.00
0.85 5.98 1.38 5.13 0.00
0.88 5.95 1.33 5.05 0.00
0.91 5.92 1.27 4.98 0.00
0.94 5.88 1.24 4.93 0.00
0.97 5.85 1.18 4.87 0.00
0.98 5.81 1.18 4.83 0.00
0.99 5.77 1.19 4.79 0.00
1.00 5.73 1.20 4.75 0.00
1.01 5.69 1.18 4.71 0.00
1.02 5.65 1.15 4.66 0.00
1.02 5.61 1.12 4.62 0.00
1.03 5.57 1.09 4.57 0.00
1.04 5.54 1.06 4.54 0.00
1.00 5.56 1.42 4.65 0.00
1.07 5.46 0.90 4.48 0.00
1.04 5.42 0.97 4.42 0.00
1.03 5.44 0.31 4.74 1.00
1.04 5.45 0.04 5.49 1.00
0.99 5.44 -0.00 5.35 0.00
0.95 5.45 -0.03 5.28 0.00
0.92 5.44 -0.05 5.20 0.00
0.86 5.45 -0.10 5.16 0.00
0.82 5.45 -0.11 5.10 0.00
0.78 5.45 -0.08 4.93 0.00
0.73 5.45 -0.12 4.92 0.00
0.69 5.43 -0.17 4.93 0.00
0.65 5.40 -0.24 4.94 0.00
0.61 5.38 -0.25 4.88 0.00
0.57 5.36 -0.22 4.75 0.00
0.53 5.34 -0.23 4.69 0.00
0.48 5.30 -0.15 4.52 0.00
0.40 5.23 0.26 4.24 0.00
0.38 5.27 -0.16 4.43 0.00
0.37 5.24 -0.07 4.35 0.00
0.35 5.21 -0.03 4.29 0.00
0.33 5.17 -0.04 4.24 0.00
0.31 5.13 -0.04 4.19 0.00
0.29 5.09 -0.03 4.14 0.00
0.27 5.05 -0.03 4.10 0.00
0.26 5.01 -0.03 4.06 0.00
0.25 4.98 -0.04 4.02 0.00
0.24 4.94 -0.04 3.98 0.00
0.22 4.90 -0.05 3.94 0.00
0.21 4.86 -0.06 3.90 0.00
0.20 4.82 -0.08 3.86 0.00
0.19 4.78 -0.09 3.82 0.00
0.18 4.74 -0.10 3.78 0.00
0.16 4.70 -0.11 3.74 0.00
0.15 4.66 -0.12 3.70 0.00
0.14 4.62 -0.13 3.66 0.00
0.13 4.58 -0.10 3.61 0.00
0.12 4.55 -0.07 3.56 0.00
0.12 4.52 -0.13 3.55 0.00
0.10 4.46 -0.09 3.48 0.00
0.09 4.42 -0.07 3.44 0.00
0.08 4.39 0.07 3.39 0.00
0.08 4.34 0.07 3.34 0.00
0.08 4.29 -0.16 3.32 0.00
0.08 4.26 -0.13 3.28 0.00
0.05 4.21 -0.18 3.24 0.00
0.07 4.17 0.06 3.17 0.00
0.08 4.11 0.00 3.12 0.00
0.09 4.07 0.10 3.07 0.00
0.06 4.09 -0.06 3.10 0.00
0.05 4.03 0.03 3.03 0.00
0.04 3.96 0.03 2.96 0.00
0.04 3.97 -0.64 3.24 1.00
-0.00 3.94 -0.75 3.28 0.00
-0.03 3.90 -0.64 3.11 0.00
-0.07 3.85 -0.69 3.07 0.00
-0.11 3.82 -0.65 2.98 0.00
-0.10 3.80 -0.87 3.17 0.00
-0.17 3.74 -0.62 2.85 0.00
-0.21 3.71 -0.62 2.80 0.00
-0.22 3.67 -0.65 2.77 0.00
-0.24 3.62 -0.65 2.71 0.00
-0.27 3.58 -0.68 2.68 0.00
-0.27 3.55 -0.70 2.64 0.00
-0.29 3.50 -0.72 2.60 0.00
-0.31 3.46 -0.69 2.54 0.00
-0.34 3.42 -0.67 2.48 0.00
-0.35 3.39 -0.75 2.47 0.00
-0.36 3.34 -0.67 2.39 0.00
-0.39 3.30 -0.73 2.36 0.00
-0.38 3.31 -1.02 2.54 0.00
-0.41 3.23 -0.69 2.27 0.00
-0.40 3.17 -0.81 2.26 0.00
-0.44 3.18 -1.07 2.40 0.00
-0.46 3.11 -0.76 2.16 0.00
-0.46 3.07 -0.51 2.08 0.00
-0.51 3.05 -0.65 2.06 0.00
-0.48 2.99 -0.55 1.99 0.00
-0.49 2.95 -0.79 2.00 0.00
-0.48 2.88 -0.42 1.88 0.00
-0.50 2.86 -0.55 1.86 0.00
-0.52 2.79 -0.65 1.80 0.00
-0.49 2.78 -0.52 1.78 0.00
-0.53 2.72 -0.78 1.76 0.00
-0.48 2.72 -0.64 1.73 0.00
-0.50 2.68 -0.67 1.69 0.00
-0.53 2.64 -0.66 1.65 0.00
-0.54 2.61 -0.89 1.67 0.00
-0.51 2.60 -0.81 1.65 0.00
-0.50 2.55 -0.83 1.60 0.00
-0.53 2.51 -0.87 1.57 0.00
-0.57 2.46 -0.98 1.54 0.00
-0.53 2.40 -0.63 1.41 0.00
-0.53 2.36 -0.65 1.37 0.00
-0.54 2.32 -0.59 1.32 0.00
-0.55 2.29 -0.67 1.29 0.00
-0.54 2.25 -0.58 1.25 0.00
-0.55 2.18 -0.61 1.18 0.00
-0.57 2.16 -0.74 1.17 0.00
-0.59 2.12 -0.60 1.12 0.00
-0.58 2.08 -0.61 1.08 0.00
-0.58 2.03 -0.65 1.04 0.00
-0.60 1.98 -0.62 0.98 0.00
-0.58 1.96 -0.77 0.98 0.00
-0.62 1.93 -1.08 1.04 0.00
-0.58 1.88 -0.73 0.89 0.00
-0.59 1.84 -0.77 0.85 0.00
-0.59 1.80 -0.80 0.82 0.00
-0.60 1.76 -0.84 0.79 0.00
-0.61 1.72 -0.88 0.76 0.00
-0.61 1.68 -0.93 0.73 0.00
-0.62 1.64 -0.99 0.71 0.00
-0.63 1.60 -1.03 0.68 0.00
-0.64 1.56 -1.07 0.65 0.00
-0.65 1.52 -1.09 0.62 0.00
-0.67 1.48 -1.11 0.58 0.00
-0.69 1.44 -1.12 0.54 0.00
-0.71 1.40 -1.16 0.51 0.00
-0.72 1.36 -1.18 0.47 0.00
-0.74 1.32 -1.23 0.45 0.00
-0.76 1.28 -1.26 0.41 0.00
-0.78 1.24 -1.28 0.37 0.00
-0.80 1.20 -1.30 0.33 0.00
-0.83 1.16 -1.32 0.29 0.00
-0.85 1.12 -1.32 0.24 0.00
-0.87 1.08 -1.34 0.20 0.00
-0.90 1.04 -1.35 0.16 0.00
-0.92 1.00 -1.36 0.11 0.00
-0.94 0.97 -1.37 0.06 0.00
-0.96 0.93 -1.37 0.02 0.00
-0.98 0.89 -1.38 -0.03 0.00
-1.00 0.85 -1.39 -0.08 0.00
-1.02 0.81 -1.39 -0.12 0.00
-1.05 0.77 -1.36 -0.18 0.00
-1.07 0.73 -1.33 -0.24 0.00
-1.09 0.68 -1.32 -0.29 0.00
-1.10 0.64 -1.32 -0.33 0.00
-1.11 0.60 -1.33 -0.37 0.00
-1.12 0.56 -1.33 -0.41 0.00
-1.13 0.52 -1.34 -0.45 0.00
-1.14 0.48 -1.39 -0.48 0.00
-1.15 0.44 -1.47 -0.50 0.00
-1.16 0.40 -1.56 -0.51 0.00
-1.17 0.36 -1.64 -0.52 0.00
-1.17 0.32 -1.72 -0.52 0.00
-1.18 0.28 -1.78 -0.52 0.00
-1.19 0.24 -1.83 -0.53 0.00
-1.21 0.21 -1.87 -0.55 0.00
-1.24 0.17 -1.90 -0.58 0.00
-1.28 0.14 -1.90 -0.64 0.00
-1.31 0.11 -1.91 -0.69 0.00
-1.34 0.08 -1.93 -0.73 0.00
-1.37 0.05 -1.95 -0.76 0.00
-1.39 0.02 -1.98 -0.80 0.00
-1.42 -0.02 -2.00 -0.83 0.00
-1.44 -0.05 -2.01 -0.87 0.00
-1.47 -0.09 -2.02 -0.92 0.00
-1.49 -0.12 -2.02 -0.97 0.00
-1.51 -0.15 -2.02 -1.02 0.00
-1.54 -0.19 -2.01 -1.06 0.00
-1.56 -0.22 -2.00 -1.11 0.00
-1.58 -0.25 -1.97 -1.17 0.00
-1.50 -0.26 -2.31 -0.85 0.00
-1.57 -0.30 -2.25 -1.04 0.00
-1.63 -0.34 -1.90 -1.31 0.00
-1.63 -0.35 -2.50 -0.85 1.00
-1.64 -0.35 -2.61 -0.11 1.00
-1.68 -0.34 -2.66 -0.16 0.00
-1.78 -0.31 -2.74 -0.57 0.00
-1.79 -0.28 -2.79 -0.24 0.00
-1.73 -0.26 -2.54 0.32 0.00
-1.87 -0.29 -2.87 -0.27 0.00
-1.87 -0.29 -2.86 -0.17 0.00
-1.91 -0.29 -2.90 -0.18 0.00
-1.91 -0.27 -2.91 -0.31 0.00
-1.94 -0.28 -2.94 -0.22 0.00
-2.01 -0.27 -3.00 -0.15 0.00
-2.04 -0.28 -3.03 -0.15 0.00
-2.09 -0.28 -3.07 -0.10 0.00
-2.11 -0.27 -3.11 -0.16 0.00
-2.14 -0.27 -3.11 -0.03 0.00
-2.17 -0.26 -3.16 -0.10 0.00
-2.21 -0.26 -3.19 -0.06 0.00
-2.25 -0.24 -3.24 -0.15 0.00
-2.39 -0.21 -3.37 0.00 0.00
-2.36 -0.22 -3.34 -0.43 0.00
-2.37 -0.21 -3.34 -0.43 0.00
-2.41 -0.20 -3.37 -0.49 0.00
-2.44 -0.21 -3.40 -0.51 0.00
-2.48 -0.22 -3.44 -0.51 0.00
-2.51 -0.23 -3.47 -0.54 0.00
-2.55 -0.24 -3.50 -0.54 0.00
-2.58 -0.25 -3.53 -0.55 0.00
-2.61 -0.26 -3.58 -0.49 0.00
-2.61 -0.26 -3.61 -0.27 0.00
-2.63 -0.26 -3.61 -0.07 0.00
-2.73 -0.26 -3.73 -0.31 0.00
-2.78 -0.27 -3.78 -0.32 0.00
-2.82 -0.27 -3.82 -0.28 0.00
-2.82 -0.26 -3.56 0.42 1.00
-2.85 -0.23 -3.62 0.41 0.00
-2.88 -0.20 -3.66 0.43 0.00
-2.91 -0.17 -3.72 0.42 0.00
-2.94 -0.15 -3.75 0.43 0.00
-2.97 -0.12 -3.79 0.45 0.00
-3.00 -0.10 -3.83 0.46 0.00
-3.03 -0.07 -3.87 0.46 0.00
-3.06 -0.05 -3.91 0.48 0.00
-3.09 -0.03 -3.95 0.48 0.00
-3.12 -0.01 -3.97 0.51 0.00
-3.15 0.00 -4.01 0.51 0.00
-3.18 0.03 -4.06 0.51 0.00
-3.21 0.04 -4.10 0.50 0.00
-3.24 0.06 -4.14 0.50 0.00
-3.27 0.08 -4.19 0.48 0.00
-3.29 0.09 -4.22 0.47 0.00
-3.30 0.14 -4.30 0.20 0.00
-3.37 0.12 -4.36 0.27 0.00
-3.40 0.14 -4.40 0.19 0.00
-3.45 0.15 -4.45 0.13 0.00
-3.47 0.17 -4.46 -0.02 0.00
-3.50 0.17 -4.48 -0.02 0.00
-3.54 0.18 -4.53 0.05 0.00
-3.55 0.18 -4.54 0.09 0.00
-3.57 0.17 -4.56 0.03 0.00
-3.63 0.15 -4.59 -0.14 0.00
-3.66 0.14 -4.61 -0.17 0.00
-3.63 0.14 -4.63 0.10 0.00
-3.70 0.14 -4.68 -0.08 0.00
-3.74 0.12 -4.69 -0.20 0.00
-3.78 0.10 -4.73 -0.20 0.00
-3.79 0.10 -4.74 -0.22 0.00
-3.81 0.10 -4.60 -0.50 0.00
-3.84 0.10 -4.67 -0.46 0.00
-3.88 0.09 -4.54 -0.66 0.00
-3.94 0.06 -4.57 -0.72 0.00
-3.98 0.05 -4.55 -0.77 0.00
-4.00 0.02 -4.53 -0.83 0.00
-4.02 0.01 -4.49 -0.87 0.00
-4.03 -0.03 -4.58 -0.87 0.00
-4.04 -0.04 -4.62 -0.86 0.00
-4.06 -0.06 -4.58 -0.92 0.00
-4.07 -0.09 -4.60 -0.94 0.00
-4.10 -0.12 -4.73 -0.90 0.00
-4.11 -0.16 -4.76 -0.92 0.00
-4.12 -0.17 -4.77 -0.92 0.00
-4.14 -0.20 -4.79 -0.95 0.00
-4.17 -0.23 -4.86 -0.96 0.00
-4.14 -0.22 -5.14 -0.19 1.00
-4.13 -0.21 -4.83 0.51 1.00
-4.14 -0.15 -4.84 0.56 0.00
-4.17 -0.14 -4.85 0.60 0.00
-4.21 -0.13 -4.90 0.60 0.00
-4.24 -0.09 -4.90 0.66 0.00
-4.27 -0.07 -4.85 0.74 0.00
-4.30 -0.04 -4.75 0.85 0.00
-4.32 -0.02 -4.78 0.86 0.00
-4.35 0.00 -4.73 0.92 0.00
-4.36 0.03 -4.75 0.95 0.00
-4.37 0.04 -4.75 0.97 0.00
-4.38 0.07 -4.76 0.99 0.00
-4.38 0.09 -4.74 1.03 0.00
-4.40 0.11 -4.70 1.07 0.00
-4.41 0.14 -4.63 1.11 0.00
-4.42 0.16 -4.58 1.15 0.00
-4.43 0.19 -4.49 1.19 0.00
-4.43 0.23 -4.48 1.23 0.00
-4.44 0.27 -4.39 1.27 0.00
-4.44 0.31 -4.39 1.31 0.00
-4.44 0.35 -4.23 1.33 0.00
-4.45 0.40 -4.13 1.34 0.00
-4.45 0.43 -4.03 1.34 0.00
-4.46 0.47 -3.99 1.36 0.00
-4.43 0.51 -3.87 1.34 0.00
-4.42 0.55 -3.98 1.45 0.00
-4.39 0.58 -3.85 1.42 0.00
-4.39 0.61 -3.77 1.39 0.00
-4.34 0.66 -3.66 1.39 0.00
-4.33 0.70 -3.69 1.47 0.00
-4.31 0.73 -3.64 1.47 0.00
-4.28 0.77 -3.54 1.45 0.00
-4.27 0.82 -3.48 1.44 0.00
-4.24 0.84 -3.25 0.70 1.00
-4.20 0.83 -3.22 0.60 0.00
-4.16 0.82 -3.17 0.65 0.00
-4.11 0.82 -3.14 0.59 0.00
-4.08 0.81 -3.10 0.58 0.00
-4.04 0.81 -3.07 0.54 0.00
-3.99 0.80 -3.03 0.53 0.00
-3.95 0.79 -2.99 0.49 0.00
-3.91 0.79 -2.97 0.44 0.00
-3.87 0.76 -2.93 0.44 0.00
-3.83 0.76 -2.89 0.41 0.00
-3.78 0.74 -2.86 0.34 0.00
-3.74 0.74 -2.80 0.42 0.00
-3.71 0.71 -2.76 0.41 0.00
-3.67 0.70 -2.70 0.43 0.00
-3.63 0.69 -2.69 0.34 0.00
-3.59 0.66 -2.67 0.27 0.00
-3.54 0.64 -2.68 0.15 0.00
-3.50 0.65 -2.63 0.15 0.00
-3.45 0.62 -2.59 0.12 0.00
-3.41 0.60 -2.56 0.06 0.00
-3.36 0.56 -2.56 -0.04 0.00
-3.32 0.54 -2.46 0.03 0.00
-3.23 0.51 -2.25 0.29 0.00
-3.24 0.49 -2.41 -0.06 0.00
-3.21 0.48 -2.40 -0.10 0.00
-3.17 0.46 -2.35 -0.12 0.00
-3.12 0.44 -2.31 -0.15 0.00
-3.08 0.40 -2.28 -0.20 0.00
-3.04 0.37 -2.25 -0.24 0.00
-2.99 0.34 -2.20 -0.28 0.00
-2.95 0.30 -2.15 -0.29 0.00
-2.91 0.27 -2.11 -0.32 0.00
-2.86 0.26 -2.07 -0.36 0.00
-2.84 0.22 -2.03 -0.36 0.00
-2.78 0.19 -1.99 -0.42 0.00
-2.75 0.16 -1.96 -0.45 0.00
-2.71 0.13 -1.92 -0.49 0.00
-2.67 0.10 -1.87 -0.51 0.00
-2.63 0.07 -1.82 -0.53 0.00
-2.59 0.04 -1.77 -0.53 0.00
-2.55 0.01 -1.70 -0.52 0.00
-2.51 -0.02 -1.63 -0.49 0.00
-2.48 -0.05 -1.56 -0.45 0.00
-2.44 -0.08 -1.50 -0.41 0.00
-2.40 -0.10 -1.44 -0.37 0.00
-2.37 -0.13 -1.39 -0.33 0.00
-2.35 -0.15 -1.36 -0.28 0.00
-2.31 -0.17 -1.32 -0.03 0.00
-2.32 -0.20 -1.46 0.32 0.00
-2.23 -0.15 -1.23 -0.04 0.00
-2.18 -0.15 -1.18 -0.18 0.00
-2.16 -0.14 -1.16 -0.09 0.00
-2.09 -0.14 -1.10 -0.28 0.00
-2.03 -0.08 -1.04 -0.19 0.00
-1.95 -0.09 -0.97 -0.30 0.00
-1.93 -0.11 -0.96 -0.38 0.00
-1.93 -0.12 -0.96 -0.35 0.00
-1.91 -0.12 -0.93 -0.34 0.00
-1.87 -0.13 -0.89 -0.35 0.00
-1.82 -0.14 -0.84 -0.34 0.00
-1.78 -0.15 -0.79 -0.31 0.00
-1.74 -0.16 -0.75 -0.27 0.00
-1.70 -0.17 -0.70 -0.22 0.00
-1.66 -0.18 -0.66 -0.17 0.00
-1.62 -0.18 -0.62 -0.16 0.00
-1.58 -0.18 -0.58 -0.16 0.00
-1.54 -0.18 -0.54 -0.15 0.00
-1.50 -0.18 -0.50 -0.15 0.00
-1.46 -0.18 -0.46 -0.16 0.00
-1.42 -0.18 -0.42 -0.17 0.00
-1.38 -0.18 -0.38 -0.17 0.00
-1.34 -0.17 -0.34 -0.18 0.00
-1.30 -0.17 -0.30 -0.19 0.00
-1.26 -0.17 -0.26 -0.19 0.00
-1.23 -0.17 -0.23 -0.18 0.00
-1.19 -0.17 -0.19 -0.18 0.00
-1.15 -0.18 -0.15 -0.17 0.00
-1.11 -0.18 -0.11 -0.17 0.00
-1.07 -0.18 -0.07 -0.15 0.00
-1.03 -0.18 -0.03 -0.13 0.00
-0.99 -0.18 0.01 -0.12 0.00
-0.95 -0.18 0.05 -0.12 0.00
-0.91 -0.18 0.09 -0.11 0.00
-0.87 -0.17 0.12 -0.10 0.00
-0.83 -0.17 0.16 -0.09 0.00
-0.79 -0.17 0.20 -0.09 0.00
-0.76 -0.17 0.24 -0.09 0.00
-0.72 -0.16 0.28 -0.09 0.00
-0.68 -0.16 0.32 -0.09 0.00
-0.64 -0.16 0.36 -0.11 0.00
-0.60 -0.15 0.39 -0.11 0.00
-0.57 -0.15 0.43 -0.11 0.00
-0.53 -0.15 0.47 -0.13 0.00
-0.50 -0.15 0.50 -0.15 0.00
-0.46 -0.15 0.54 -0.16 0.00
-0.43 -0.15 0.57 -0.18 0.00
-0.39 -0.15 0.60 -0.24 0.00
-0.35 -0.15 0.64 -0.27 0.00
-0.31 -0.15 0.68 -0.28 0.00
-0.28 -0.15 0.72 -0.28 0.00
-0.24 -0.16 0.75 -0.33 0.00
-0.20 -0.16 0.77 -0.41 0.00
-0.16 -0.17 0.78 -0.49 0.00
-0.13 -0.17 0.79 -0.56 0.00
-0.09 -0.18 0.80 -0.62 0.00
-0.06 -0.18 0.81 -0.69 0.00
-0.02 -0.19 0.81 -0.74 0.00
0.01 -0.20 0.83 -0.77 0.00
0.04 -0.22 0.85 -0.80 0.00
0.06 -0.24 0.89 -0.81 0.00
0.09 -0.26 0.92 -0.82 0.00
0.11 -0.28 0.95 -0.83 0.00
0.15 -0.30 0.91 -0.95 0.00
0.18 -0.33 0.87 -1.05 0.00
0.22 -0.35 0.82 -1.15 0.00
0.25 -0.38 0.75 -1.24 0.00
0.29 -0.40 0.68 -1.32 0.00
0.32 -0.42 0.61 -1.38 0.00
0.36 -0.45 0.53 -1.43 0.00
0.37 -0.48 0.52 -1.47 0.00
0.38 -0.53 0.53 -1.51 0.00
0.38 -0.57 0.55 -1.56 0.00
0.39 -0.61 0.55 -1.60 0.00
0.40 -0.66 0.55 -1.64 0.00
0.40 -0.70 0.57 -1.69 0.00
0.41 -0.74 0.57 -1.73 0.00
0.42 -0.78 0.59 -1.77 0.00
0.43 -0.83 0.60 -1.81 0.00
0.44 -0.86 0.55 -1.86 0.00
0.45 -0.90 0.52 -1.90 0.00
0.46 -0.94 0.50 -1.94 0.00
0.46 -0.98 0.47 -1.98 0.00
0.46 -1.02 0.45 -2.02 0.00
0.46 -1.06 0.42 -2.06 0.00
0.47 -1.10 0.37 -2.10 0.00
0.47 -1.14 0.33 -2.13 0.00
0.47 -1.18 0.29 -2.17 0.00
0.46 -1.22 0.25 -2.20 0.00
0.46 -1.26 0.22 -2.23 0.00
0.46 -1.30 0.17 -2.26 0.00
0.45 -1.34 0.14 -2.29 0.00
0.44 -1.38 0.10 -2.32 0.00
0.43 -1.41 0.07 -2.35 0.00
0.42 -1.45 0.02 -2.37 0.00
0.41 -1.46 -0.17 -2.28 0.00
0.34 -1.58 0.17 -2.56 0.00
0.34 -1.56 -0.29 -2.34 0.00
0.34 -1.58 -0.51 -2.11 0.00
0.32 -1.70 -0.35 -2.45 0.00
0.29 -1.68 -0.62 -2.10 0.00
0.29 -1.70 -0.56 -2.23 0.00
0.26 -1.72 -0.59 -2.25 0.00
0.22 -1.75 -0.66 -2.21 0.00
0.18 -1.77 -0.75 -2.14 0.00
0.15 -1.79 -0.81 -2.07 0.00
0.11 -1.81 -0.87 -1.99 0.00
0.07 -1.84 -0.92 -1.92 0.00
0.04 -1.86 -0.96 -1.86 0.00
-0.00 -1.88 -1.00 -1.80 0.00
-0.04 -1.88 -1.04 -1.79 0.00
-0.08 -1.87 -1.08 -1.82 0.00
-0.12 -1.87 -1.12 -1.81 0.00
-0.16 -1.87 -1.16 -1.80 0.00
-0.20 -1.86 -1.20 -1.79 0.00
-0.24 -1.86 -1.23 -1.76 0.00
-0.28 -1.86 -1.27 -1.72 0.00
-0.32 -1.86 -1.30 -1.67 0.00
-0.36 -1.85 -1.33 -1.63 0.00
-0.40 -1.85 -1.36 -1.59 0.00
-0.43 -1.85 -1.39 -1.54 0.00
-0.47 -1.84 -1.41 -1.50 0.00
-0.51 -1.83 -1.44 -1.46 0.00
-0.55 -1.82 -1.47 -1.44 0.00
-0.58 -1.81 -1.51 -1.42 0.00
-0.62 -1.79 -1.54 -1.40 0.00
-0.66 -1.78 -1.57 -1.37 0.00
-0.69 -1.75 -1.66 -1.51 0.00
-0.73 -1.72 -1.72 -1.60 0.00
-0.76 -1.70 -1.76 -1.67 0.00
-0.80 -1.69 -1.80 -1.72 0.00
-0.84 -1.68 -1.84 -1.72 0.00
-0.88 -1.68 -1.87 -1.73 0.00
-0.91 -1.68 -1.91 -1.73 0.00
-0.95 -1.68 -1.95 -1.67 0.00
-0.99 -1.69 -1.98 -1.56 0.00
-1.03 -1.69 -2.00 -1.45 0.00
-1.07 -1.69 -2.00 -1.34 0.00
-1.11 -1.69 -2.00 -1.24 0.00
