0.50 -0.10 0.79 0.86 0.00
0.51 -0.06 0.81 0.89 0.00
0.52 -0.02 0.82 0.93 0.00
0.53 0.01 0.82 0.97 0.00
0.55 0.06 0.79 1.03 0.00
0.56 0.09 0.75 1.08 0.00
0.57 0.13 0.72 1.12 0.00
0.58 0.17 0.68 1.17 0.00
0.60 0.21 0.64 1.21 0.00
0.61 0.25 0.60 1.25 0.00
0.62 0.29 0.58 1.29 0.00
0.62 0.33 0.59 1.33 0.00
0.61 0.37 0.59 1.37 0.00
0.61 0.41 0.59 1.41 0.00
0.61 0.45 0.60 1.45 0.00
0.61 0.49 0.61 1.49 0.00
0.61 0.53 0.63 1.53 0.00
0.61 0.57 0.62 1.57 0.00
0.61 0.61 0.63 1.61 0.00
0.61 0.65 0.63 1.65 0.00
0.61 0.69 0.64 1.69 0.00
0.61 0.73 0.64 1.73 0.00
0.61 0.77 0.64 1.77 0.00
0.61 0.78 0.54 1.77 0.00
0.60 0.85 0.69 1.85 0.00
0.61 0.88 0.57 1.88 0.00
0.62 0.94 0.49 1.93 0.00
0.58 0.97 0.48 1.96 0.00
0.58 1.02 0.55 2.02 0.00
0.54 1.12 1.12 1.94 0.00
0.59 1.10 0.60 2.10 0.00
0.56 1.19 0.86 2.15 0.00
0.57 1.23 0.92 2.17 0.00
0.54 1.25 0.81 2.22 0.00
0.55 1.32 0.92 2.25 0.00
0.60 1.43 1.33 2.11 0.00
0.57 1.38 0.74 2.36 0.00
0.59 1.45 0.75 2.44 0.00
0.66 1.51 1.10 2.41 0.00
0.67 1.53 0.99 2.48 0.00
0.69 1.55 0.97 2.51 0.00
0.71 1.60 0.95 2.57 0.00
0.73 1.64 0.94 2.61 0.00
0.74 1.68 0.94 2.66 0.00
0.75 1.72 0.97 2.69 0.00
0.76 1.76 0.99 2.73 0.00
0.76 1.80 1.02 2.76 0.00
0.77 1.84 1.05 2.80 0.00
0.78 1.88 1.08 2.83 0.00
0.79 1.92 1.00 2.89 0.00
0.81 1.96 0.96 2.94 0.00
0.82 2.00 0.92 2.99 0.00
0.84 2.04 0.88 3.03 0.00
0.85 2.08 0.84 3.08 0.00
0.86 2.12 0.83 3.12 0.00
0.86 2.16 0.83 3.16 0.00
0.85 2.20 0.84 3.20 0.00
0.85 2.24 0.85 3.24 0.00
0.85 2.28 0.85 3.28 0.00
0.85 2.32 0.86 3.32 0.00
0.85 2.36 0.87 3.36 0.00
0.85 2.40 0.87 3.40 0.00
0.85 2.44 0.88 3.44 0.00
0.85 2.48 0.88 3.48 0.00
0.85 2.52 0.88 3.52 0.00
0.85 2.55 0.90 3.55 0.00
0.85 2.60 0.89 3.59 0.00
0.85 2.64 0.92 3.63 0.00
0.86 2.68 0.93 3.67 0.00
0.86 2.72 0.96 3.71 0.00
0.86 2.76 0.98 3.75 0.00
0.86 2.79 1.01 3.78 0.00
0.86 2.83 1.04 3.82 0.00
0.87 2.87 1.07 3.85 0.00
0.87 2.91 1.08 3.89 0.00
0.88 2.95 1.10 3.93 0.00
0.88 2.99 1.12 3.97 0.00
0.89 3.03 1.13 4.00 0.00
0.90 3.07 1.15 4.04 0.00
0.91 3.11 1.16 4.08 0.00
0.92 3.15 1.16 4.12 0.00
0.93 3.19 1.12 4.17 0.00
0.94 3.23 1.12 4.21 0.00
0.95 3.27 1.12 4.26 0.00
0.96 3.31 1.13 4.30 0.00
0.97 3.35 1.15 4.34 0.00
0.97 3.38 1.12 4.37 0.00
0.98 3.44 1.16 4.42 0.00
0.99 3.48 1.18 4.46 0.00
1.00 3.53 1.21 4.50 0.00
1.01 3.55 1.18 4.54 0.00
1.01 3.59 1.18 4.58 0.00
1.02 3.63 1.19 4.62 0.00
1.03 3.68 1.20 4.66 0.00
1.04 3.71 1.19 4.70 0.00
