-0.60 1.40 -0.07 2.25 0.00
-0.58 1.43 -0.15 2.34 0.00
-0.55 1.47 -0.20 2.41 0.00
-0.53 1.51 -0.25 2.47 0.00
-0.51 1.54 -0.33 2.53 0.00
-0.48 1.58 -0.40 2.58 0.00
-0.46 1.62 -0.47 2.62 0.00
-0.45 1.65 -0.50 2.65 0.00
-0.45 1.69 -0.50 2.69 0.00
-0.45 1.73 -0.51 2.73 0.00
-0.46 1.77 -0.51 2.77 0.00
-0.46 1.81 -0.53 2.81 0.00
-0.46 1.85 -0.49 2.85 0.00
-0.48 1.88 -0.50 2.88 0.00
-0.49 1.91 -0.47 2.91 0.00
-0.46 1.97 -0.54 2.97 0.00
-0.46 2.02 -0.56 3.01 0.00
-0.46 2.05 -0.57 3.05 0.00
-0.47 2.10 -0.56 3.10 0.00
-0.47 2.20 -0.24 3.18 0.00
-0.45 2.23 -0.30 3.22 0.00
-0.47 2.23 -0.58 3.22 0.00
-0.47 2.26 -0.61 3.25 0.00
-0.49 2.29 -0.73 3.26 0.00
-0.48 2.32 -0.68 3.30 0.00
-0.48 2.36 -0.73 3.33 0.00
-0.51 2.40 -0.55 3.40 0.00
-0.50 2.43 -1.05 3.27 0.00
-0.52 2.47 -1.20 3.20 0.00
-0.51 2.53 -0.87 3.47 0.00
-0.53 2.53 -1.10 3.35 0.00
-0.52 2.59 -1.04 3.45 0.00
-0.58 2.67 -1.34 3.32 0.00
-0.60 2.65 -1.29 3.38 0.00
-0.66 2.73 -1.38 3.44 0.00
-0.70 2.77 -1.41 3.47 0.00
-0.74 2.80 -1.42 3.54 0.00
-0.78 2.84 -1.43 3.59 0.00
-0.82 2.87 -1.46 3.65 0.00
-0.86 2.91 -1.46 3.71 0.00
-0.89 2.95 -1.47 3.76 0.00
-0.93 2.98 -1.47 3.82 0.00
-0.96 3.02 -1.48 3.88 0.00
-0.98 3.06 -1.49 3.92 0.00
-1.01 3.10 -1.50 3.97 0.00
-1.03 3.14 -1.52 4.01 0.00
-1.06 3.18 -1.53 4.06 0.00
-1.08 3.22 -1.55 4.10 0.00
-1.10 3.26 -1.57 4.14 0.00
-1.12 3.30 -1.65 4.15 0.00
-1.15 3.34 -1.71 4.17 0.00
-1.17 3.38 -1.79 4.17 0.00
-1.19 3.42 -1.86 4.17 0.00
-1.21 3.47 -1.93 4.16 0.00
-1.24 3.51 -2.00 4.15 0.00
-1.26 3.55 -2.05 4.16 0.00
-1.29 3.57 -2.10 4.17 0.00
-1.32 3.60 -2.13 4.19 0.00
-1.36 3.63 -2.18 4.20 0.00
-1.39 3.65 -2.21 4.22 0.00
-1.43 3.68 -2.27 4.21 0.00
-1.46 3.70 -2.32 4.21 0.00
-1.49 3.72 -2.37 4.20 0.00
-1.53 3.75 -2.42 4.20 0.00
-1.56 3.77 -2.47 4.20 0.00
-1.60 3.79 -2.51 4.21 0.00
-1.64 3.81 -2.55 4.22 0.00
-1.67 3.83 -2.59 4.22 0.00
-1.71 3.84 -2.63 4.23 0.00
-1.75 3.86 -2.67 4.24 0.00
-1.78 3.88 -2.71 4.25 0.00
-1.82 3.89 -2.75 4.26 0.00
-1.86 3.91 -2.78 4.29 0.00
-1.84 3.96 -2.84 4.07 0.00
-1.93 3.94 -2.82 4.39 0.00
-1.98 3.93 -2.79 4.52 0.00
-2.01 3.97 -2.88 4.45 0.00
-2.04 3.98 -2.98 4.34 0.00
-2.08 4.00 -3.01 4.37 0.00
-2.11 4.01 -3.04 4.36 0.00
-2.14 3.99 -3.14 3.98 0.00
-2.22 3.94 -3.16 3.60 0.00
-2.25 3.99 -3.24 3.84 0.00
-2.26 3.99 -3.23 3.75 0.00
-2.30 3.99 -3.25 3.66 0.00
-2.34 3.99 -3.25 3.57 0.00
-2.38 3.99 -3.25 3.49 0.00
-2.43 3.98 -3.27 3.44 0.00
-2.46 3.96 -3.29 3.41 0.00
-2.50 3.94 -3.34 3.40 0.00
-2.53 3.92 -3.35 3.35 0.00
-2.57 3.91 -3.35 3.29 0.00
-2.63 3.89 -3.36 3.21 0.00
-2.64 3.85 -3.53 3.38 0.00
-2.71 3.84 -3.19 2.96 0.00
-2.74 3.80 -3.56 3.23 0.00
-2.78 3.78 -3.70 3.38 0.00
-2.83 3.77 -3.59 3.12 0.00
-2.85 3.75 -3.72 3.25 0.00
-2.87 3.75 -3.80 3.38 0.00
-2.91 3.70 -3.86 3.40 0.00
-2.95 3.70 -3.91 3.42 0.00
-2.99 3.68 -3.94 3.37 0.00
-3.01 3.66 -3.96 3.37 0.00
-3.05 3.66 -3.99 3.32 0.00
-3.08 3.65 -4.05 3.37 0.00
-3.14 3.61 -4.06 3.21 0.00
-3.16 3.61 -4.12 3.31 0.00
-3.19 3.61 -4.17 3.38 0.00
-3.24 3.57 -4.21 3.31 0.00
-3.24 3.57 -4.21 3.33 0.00
-3.30 3.55 -4.30 3.49 0.00
-3.33 3.53 -4.32 3.61 0.00
-3.32 3.53 -4.29 3.80 0.00
-3.39 3.53 -4.39 3.51 0.00
-3.42 3.56 -4.41 3.72 0.00
-3.49 3.56 -4.49 3.63 0.00
-3.53 3.55 -4.51 3.75 0.00
-3.57 3.56 -4.56 3.67 0.00
-3.58 3.55 -4.55 3.79 0.00
-3.63 3.58 -4.57 3.91 0.00
-3.65 3.55 -4.60 3.86 0.00
-3.71 3.58 -4.69 3.79 0.00
-3.76 3.59 -4.68 3.98 0.00
-3.77 3.58 -4.72 3.88 0.00
-3.80 3.58 -4.72 3.98 0.00
-3.84 3.61 -4.80 3.87 0.00
-3.87 3.59 -4.72 4.13 0.00
-3.91 3.60 -4.72 4.19 0.00
-3.94 3.62 -4.79 4.16 0.00
-3.96 3.65 -4.83 4.15 0.00
-3.98 3.66 -4.75 4.30 0.00
-4.05 3.69 -4.67 4.48 0.00
-4.08 3.71 -4.48 4.63 0.00
-4.09 3.70 -4.36 4.67 0.00
-4.15 3.77 -4.57 4.68 0.00
-4.17 3.79 -4.52 4.73 0.00
-4.17 3.80 -4.74 4.62 0.00
-4.20 3.85 -4.64 4.74 0.00
-4.22 3.89 -4.59 4.82 0.00
-4.22 3.92 -4.54 4.86 0.00
-4.27 3.92 -4.85 4.73 0.00
-4.27 4.03 -4.18 5.03 0.00
-4.29 4.03 -4.36 5.02 0.00
-4.30 4.03 -4.50 5.01 0.00
-4.30 3.97 -4.14 4.95 1.00
-4.31 4.00 -4.06 4.97 0.00
-4.31 4.03 -4.00 4.99 0.00
-4.31 4.09 -3.88 4.99 0.00
-4.32 4.16 -3.50 4.74 0.00
-4.29 4.14 -3.69 4.95 0.00
-4.29 4.20 -3.54 4.86 0.00
-4.26 4.24 -3.45 4.84 0.00
-4.22 4.27 -3.40 4.86 0.00
-4.18 4.30 -3.39 4.90 0.00
-4.11 4.34 -3.29 4.91 0.00
-4.09 4.36 -3.26 4.93 0.00
-4.03 4.41 -3.15 4.89 0.00
-4.01 4.40 -3.12 4.87 0.00
-3.98 4.44 -3.21 5.08 0.00
-3.94 4.48 -3.14 5.08 0.00
-3.92 4.52 -3.14 5.15 0.00
-3.91 4.52 -2.92 4.47 1.00
-3.86 4.51 -2.86 4.53 0.00
-3.82 4.52 -2.82 4.52 0.00
-3.79 4.52 -2.80 4.36 0.00
-3.74 4.52 -2.76 4.36 0.00
-3.71 4.52 -2.73 4.31 0.00
-3.66 4.50 -2.67 4.32 0.00
-3.62 4.50 -2.65 4.26 0.00
-3.58 4.49 -2.63 4.20 0.00
-3.53 4.47 -2.54 4.31 0.00
-3.48 4.47 -2.51 4.24 0.00
-3.46 4.46 -2.50 4.17 0.00
-3.38 4.41 -2.38 4.47 0.00
-3.29 4.39 -2.32 4.64 0.00
-3.24 4.35 -2.26 4.58 0.00
-3.32 4.37 -2.35 4.10 0.00
-3.27 4.36 -2.32 4.05 0.00
-3.23 4.35 -2.27 4.05 0.00
-3.19 4.34 -2.23 4.04 0.00
-3.15 4.32 -2.19 4.03 0.00
-3.11 4.31 -2.15 4.01 0.00
-3.06 4.30 -2.12 3.98 0.00
-3.03 4.29 -2.10 3.91 0.00
-2.98 4.27 -2.07 3.87 0.00
-2.94 4.26 -2.04 3.83 0.00
-2.90 4.25 -2.02 3.79 0.00
-2.86 4.23 -2.00 3.74 0.00
-2.82 4.22 -1.97 3.70 0.00
-2.78 4.20 -1.93 3.67 0.00
-2.74 4.17 -1.89 3.64 0.00
-2.70 4.15 -1.85 3.61 0.00
-2.65 4.12 -1.80 3.59 0.00
-2.61 4.09 -1.76 3.57 0.00
-2.57 4.07 -1.70 3.57 0.00
-2.54 4.05 -1.66 3.56 0.00
-2.50 4.02 -1.62 3.55 0.00
-2.46 4.00 -1.57 3.54 0.00
-2.43 3.98 -1.52 3.56 0.00
-2.39 3.96 -1.45 3.61 0.00
-2.35 3.94 -1.46 3.50 0.00
-2.34 3.95 -1.56 3.32 0.00
-2.30 3.93 -1.36 3.60 0.00
-2.26 3.91 -1.30 3.64 0.00
-2.17 3.88 -1.32 3.35 0.00
-2.14 3.85 -1.28 3.34 0.00
-2.12 3.84 -1.17 3.53 0.00
-2.05 3.82 -1.08 3.58 0.00
-2.03 3.81 -1.07 3.54 0.00
-2.01 3.80 -1.04 3.57 0.00
-1.98 3.78 -1.00 3.56 0.00
-1.93 3.77 -0.96 3.55 0.00
-1.89 3.76 -0.91 3.55 0.00
-1.85 3.75 -0.87 3.53 0.00
-1.81 3.75 -0.84 3.50 0.00
-1.76 3.74 -0.80 3.46 0.00
-1.72 3.73 -0.77 3.43 0.00
-1.68 3.72 -0.73 3.39 0.00
-1.63 3.71 -0.70 3.34 0.00
-1.59 3.70 -0.67 3.30 0.00
-1.54 3.69 -0.63 3.29 0.00
-1.50 3.67 -0.58 3.27 0.00
-1.45 3.65 -0.53 3.26 0.00
-1.41 3.63 -0.48 3.25 0.00
-1.36 3.61 -0.43 3.25 0.00
-1.32 3.59 -0.38 3.24 0.00
-1.28 3.57 -0.34 3.22 0.00
-1.24 3.56 -0.30 3.21 0.00
-1.20 3.54 -0.26 3.21 0.00
-1.17 3.53 -0.22 3.22 0.00
-1.13 3.51 -0.17 3.22 0.00
-1.09 3.50 -0.13 3.23 0.00
-1.05 3.49 -0.08 3.26 0.00
-1.01 3.47 -0.04 3.27 0.00
-0.98 3.46 0.01 3.28 0.00
-0.94 3.45 0.05 3.29 0.00
-0.90 3.44 0.09 3.31 0.00
-0.86 3.44 0.13 3.34 0.00
-0.82 3.43 0.18 3.41 0.00
-0.79 3.42 0.21 3.52 0.00
-0.75 3.42 0.22 3.66 0.00
-0.71 3.41 0.20 3.81 0.00
-0.67 3.43 0.24 3.84 0.00
-0.65 3.44 0.28 3.81 0.00
-0.61 3.46 0.23 4.01 0.00
-0.57 3.49 0.14 4.19 0.00
-0.53 3.51 0.26 4.13 0.00
-0.49 3.50 0.24 4.18 0.00
-0.45 3.56 0.16 4.34 0.00
-0.40 3.58 0.35 4.25 0.00
-0.37 3.57 0.27 4.34 0.00
-0.33 3.63 0.29 4.41 0.00
-0.33 3.64 0.27 4.45 0.00
-0.31 3.67 0.15 4.56 0.00
-0.29 3.69 0.15 4.59 0.00
-0.27 3.73 0.14 4.64 0.00
-0.25 3.76 0.07 4.71 0.00
-0.23 3.79 0.01 4.76 0.00
-0.22 3.83 -0.05 4.82 0.00
-0.20 3.87 -0.16 4.87 0.00
-0.20 3.91 -0.28 4.91 0.00
-0.19 3.95 -0.39 4.94 0.00
-0.18 3.98 -0.41 4.95 0.00
-0.16 4.07 -0.63 4.95 0.00
-0.17 4.10 -0.62 4.99 0.00
-0.17 4.15 -0.60 5.06 0.00
-0.21 4.16 -0.74 5.01 0.00
-0.19 4.16 -0.68 5.02 0.00
-0.24 4.19 -0.74 5.05 0.00
-0.28 4.26 -0.96 5.00 0.00
-0.28 4.32 -0.98 5.04 0.00
-0.31 4.34 -1.08 4.98 0.00
-0.34 4.39 -1.20 4.89 0.00
-0.44 4.43 -1.41 4.67 0.00
-0.48 4.44 -1.46 4.63 0.00
-0.52 4.45 -1.51 4.62 0.00
-0.56 4.46 -1.55 4.61 0.00
-0.60 4.47 -1.60 4.58 0.00
-0.64 4.48 -1.64 4.56 0.00
-0.68 4.49 -1.68 4.51 0.00
-0.73 4.49 -1.72 4.48 0.00
-0.77 4.50 -1.76 4.43 0.00
-0.80 4.50 -1.80 4.38 0.00
-0.84 4.50 -1.83 4.33 0.00
-0.88 4.50 -1.86 4.28 0.00
-0.92 4.50 -1.89 4.23 0.00
-0.97 4.49 -1.92 4.20 0.00
-1.01 4.49 -1.95 4.16 0.00
-1.05 4.48 -1.98 4.12 0.00
-1.09 4.47 -2.01 4.08 0.00
-1.13 4.45 -1.98 3.92 0.00
-1.17 4.44 -1.96 3.83 0.00
-1.21 4.42 -1.93 3.73 0.00
-1.25 4.40 -1.92 3.66 0.00
-1.29 4.39 -1.89 3.58 0.00
-1.33 4.37 -1.85 3.52 0.00
-1.36 4.34 -1.84 3.46 0.00
-1.38 4.30 -1.86 3.42 0.00
-1.40 4.26 -1.88 3.38 0.00
-1.43 4.22 -1.89 3.33 0.00
-1.45 4.18 -1.90 3.28 0.00
-1.47 4.14 -1.90 3.24 0.00
