-0.60 5.90 -0.93 4.96 0.00
-0.62 5.86 -0.85 4.89 0.00
-0.63 5.82 -0.81 4.84 0.00
-0.65 5.78 -0.77 4.79 0.00
-0.67 5.74 -0.73 4.74 0.00
-0.68 5.70 -0.70 4.70 0.00
-0.68 5.66 -0.71 4.66 0.00
-0.68 5.62 -0.71 4.62 0.00
-0.68 5.58 -0.73 4.58 0.00
-0.68 5.54 -0.76 4.54 0.00
-0.68 5.50 -0.80 4.51 0.00
-0.69 5.46 -0.83 4.47 0.00
-0.69 5.42 -0.87 4.44 0.00
-0.69 5.38 -0.90 4.40 0.00
-0.69 5.34 -0.93 4.37 0.00
-0.70 5.30 -0.97 4.34 0.00
-0.71 5.26 -0.99 4.30 0.00
-0.72 5.22 -0.91 4.24 0.00
-0.73 5.18 -0.88 4.19 0.00
-0.75 5.14 -0.82 4.14 0.00
-0.76 5.10 -0.78 4.10 0.00
-0.78 5.06 -0.73 4.06 0.00
-0.77 5.02 -0.73 4.02 0.00
-0.77 4.98 -0.73 3.98 0.00
-0.77 4.94 -0.72 3.94 0.00
-0.77 4.90 -0.75 3.90 0.00
-0.77 4.86 -0.79 3.86 0.00
-0.77 4.82 -0.82 3.82 0.00
-0.76 4.78 -0.86 3.78 0.00
-0.76 4.74 -0.89 3.74 0.00
-0.76 4.70 -0.92 3.71 0.00
-0.76 4.65 -0.94 3.67 0.00
-0.76 4.61 -0.95 3.63 0.00
-0.77 4.58 -0.90 3.58 0.00
-0.78 4.54 -0.88 3.54 0.00
-0.79 4.49 -0.87 3.50 0.00
-0.80 4.45 -0.85 3.46 0.00
-0.80 4.41 -0.84 3.42 0.00
-0.81 4.37 -0.84 3.37 0.00
-0.81 4.33 -0.84 3.33 0.00
-0.81 4.29 -0.84 3.29 0.00
-0.81 4.25 -0.86 3.26 0.00
-0.81 4.21 -0.88 3.22 0.00
-0.82 4.17 -0.91 3.18 0.00
-0.82 4.13 -0.93 3.14 0.00
-0.82 4.09 -0.95 3.10 0.00
-0.82 4.06 -0.97 3.07 0.00
-0.82 4.02 -0.99 3.03 0.00
-0.83 3.98 -0.99 2.99 0.00
-0.84 3.94 -0.90 2.94 0.00
-0.86 3.90 -0.85 2.90 0.00
-0.87 3.86 -0.82 2.86 0.00
-0.87 3.82 -0.83 2.82 0.00
-0.87 3.78 -0.83 2.78 0.00
-0.87 3.74 -0.83 2.74 0.00
-0.87 3.70 -0.84 2.70 0.00
-0.86 3.66 -0.86 2.66 0.00
-0.86 3.62 -0.89 2.62 0.00
-0.86 3.58 -0.93 2.58 0.00
-0.86 3.54 -0.96 2.54 0.00
-0.86 3.50 -1.02 2.51 0.00
-0.86 3.46 -1.03 2.47 0.00
-0.86 3.42 -1.06 2.44 0.00
-0.86 3.38 -1.07 2.40 0.00
-0.87 3.34 -1.08 2.36 0.00
-0.89 3.30 -0.99 2.30 0.00
-0.91 3.26 -0.93 2.26 0.00
-0.92 3.22 -0.90 2.22 0.00
-0.92 3.18 -0.91 2.18 0.00
-0.92 3.14 -0.90 2.14 0.00
-0.92 3.10 -0.93 2.10 0.00
-0.92 3.06 -0.97 2.06 0.00
-0.92 3.02 -1.00 2.02 0.00
-0.92 2.98 -1.04 1.99 0.00
-0.92 2.94 -1.08 1.95 0.00
-0.92 2.90 -1.12 1.92 0.00
-0.92 2.86 -1.16 1.89 0.00
-0.92 2.82 -1.18 1.85 0.00
-0.93 2.78 -1.18 1.81 0.00
-0.94 2.74 -1.19 1.77 0.00
-0.95 2.70 -1.19 1.73 0.00
-0.96 2.66 -1.12 1.68 0.00
-0.97 2.62 -1.11 1.63 0.00
-0.98 2.58 -1.11 1.59 0.00
-0.99 2.54 -1.09 1.54 0.00
-1.00 2.50 -1.07 1.50 0.00
-1.01 2.46 -1.06 1.46 0.00
-1.01 2.42 -1.05 1.42 0.00
-1.01 2.38 -1.04 1.38 0.00
-1.02 2.34 -1.03 1.34 0.00
-1.02 2.30 -1.03 1.30 0.00
-1.02 2.26 -1.03 1.26 0.00
-1.02 2.22 -1.03 1.22 0.00
-1.02 2.18 -1.02 1.18 0.00
-1.02 2.14 -1.03 1.14 0.00
-1.02 2.10 -1.05 1.10 0.00
-1.02 2.06 -1.07 1.06 0.00
-1.02 2.02 -1.09 1.02 0.00
-1.02 1.98 -1.11 0.98 0.00
-1.02 1.94 -1.14 0.94 0.00
-1.02 1.90 -1.17 0.91 0.00
-1.03 1.86 -1.21 0.87 0.00
-1.03 1.82 -1.26 0.84 0.00
-1.04 1.78 -1.33 0.82 0.00
-1.04 1.73 -1.42 0.81 0.00
-1.05 1.69 -1.48 0.79 0.00
-1.06 1.65 -1.54 0.78 0.00
-1.07 1.61 -1.59 0.76 0.00
-1.08 1.57 -1.64 0.74 0.00
-1.10 1.54 -1.69 0.72 0.00
-1.13 1.50 -1.73 0.70 0.00
-1.15 1.46 -1.79 0.69 0.00
-1.18 1.43 -1.86 0.70 0.00
-1.21 1.40 -1.79 0.59 0.00
-1.24 1.37 -1.76 0.52 0.00
-1.27 1.34 -1.73 0.46 0.00
-1.30 1.31 -1.70 0.39 0.00
-1.32 1.28 -1.66 0.34 0.00
-1.34 1.25 -1.67 0.30 0.00
-1.36 1.21 -1.69 0.27 0.00
-1.37 1.17 -1.75 0.25 0.00
-1.38 1.14 -1.85 0.26 0.00
-1.39 1.10 -1.95 0.28 0.00
-1.40 1.07 -2.06 0.31 0.00
-1.42 1.03 -2.15 0.36 0.00
-1.43 1.00 -2.22 0.39 0.00
-1.44 0.96 -2.29 0.43 0.00
-1.47 0.94 -2.33 0.43 0.00
-1.50 0.92 -2.36 0.43 0.00
-1.54 0.91 -2.31 0.27 0.00
-1.58 0.89 -2.28 0.17 0.00
-1.62 0.87 -2.25 0.09 0.00
-1.66 0.85 -2.20 0.01 0.00
-1.70 0.83 -2.16 -0.06 0.00
-1.72 0.79 -2.18 -0.10 0.00
-1.74 0.76 -2.18 -0.14 0.00
-1.76 0.72 -2.19 -0.18 0.00
-1.78 0.69 -2.21 -0.22 0.00
-1.79 0.65 -2.23 -0.25 0.00
-1.81 0.61 -2.27 -0.28 0.00
-1.81 0.58 -2.26 -0.31 0.00
-1.83 0.60 -1.95 -0.39 0.00
-1.85 0.50 -2.43 -0.31 0.00
-1.87 0.47 -2.40 -0.38 0.00
-1.91 0.43 -2.35 -0.47 0.00
-1.94 0.38 -2.45 -0.48 0.00
-1.96 0.33 -2.46 -0.53 0.00
-1.97 0.31 -2.44 -0.57 0.00
-2.00 0.27 -2.43 -0.63 0.00
-2.02 0.24 -2.44 -0.67 0.00
-2.02 0.13 -2.38 -0.80 0.00
-2.04 0.15 -2.35 -0.80 0.00
-2.05 0.14 -2.41 -0.80 0.00
-2.06 0.10 -2.42 -0.83 0.00
-2.08 0.06 -2.43 -0.87 0.00
-2.09 0.03 -2.41 -0.92 0.00
-2.10 -0.01 -2.41 -0.96 0.00
-2.12 -0.01 -2.39 -0.97 0.00
-2.09 -0.05 -2.64 -0.89 0.00
-2.15 -0.12 -2.30 -1.10 0.00
-2.16 -0.15 -2.26 -1.15 0.00
-2.16 -0.16 -2.85 -0.88 1.00
-2.22 -0.14 -3.16 -0.48 1.00
-2.31 -0.15 -3.06 -0.82 0.00
-2.44 -0.22 -2.64 -1.20 0.00
-2.35 -0.17 -3.19 -0.73 0.00
-2.37 -0.18 -3.20 -0.75 0.00
-2.41 -0.20 -3.21 -0.80 0.00
-2.44 -0.22 -3.24 -0.82 0.00
-2.47 -0.24 -3.28 -0.83 0.00
-2.50 -0.26 -3.33 -0.82 0.00
-2.52 -0.28 -3.41 -0.74 0.00
-2.58 -0.28 -3.46 -0.75 0.00
-2.57 -0.33 -3.54 -0.57 0.00
-2.62 -0.35 -3.58 -0.63 0.00
-2.66 -0.37 -3.64 -0.58 0.00
-2.69 -0.40 -3.69 -0.46 0.00
-2.73 -0.42 -3.72 -0.54 0.00
-2.76 -0.42 -3.76 -0.43 0.00
-2.79 -0.42 -3.79 -0.47 0.00
-2.81 -0.45 -3.80 -0.58 0.00
-2.89 -0.43 -3.89 -0.45 0.00
-2.92 -0.44 -3.91 -0.29 0.00
-2.96 -0.43 -3.93 -0.21 0.00
-3.03 -0.43 -3.97 -0.09 0.00
-3.03 -0.43 -3.94 -0.01 0.00
-3.08 -0.44 -3.74 0.31 0.00
-3.12 -0.43 -3.97 0.09 0.00
-3.13 -0.41 -3.95 0.15 0.00
-3.18 -0.38 -4.04 0.13 0.00
-3.21 -0.37 -4.07 0.14 0.00
-3.24 -0.29 -4.09 0.23 0.00
-3.27 -0.28 -4.04 0.35 0.00
-3.28 -0.28 -4.05 0.35 0.00
-3.31 -0.29 -3.93 0.49 0.00
-3.30 -0.25 -3.93 0.52 0.00
-3.36 -0.23 -3.90 0.61 0.00
-3.38 -0.20 -3.79 0.71 0.00
-3.41 -0.17 -3.79 0.76 0.00
-3.43 -0.14 -3.63 0.84 0.00
-3.46 -0.09 -3.54 0.90 0.00
-3.49 -0.07 -3.46 0.93 0.00
-3.51 -0.04 -3.35 0.95 0.00
-3.50 0.01 -3.40 1.01 0.00
-3.49 0.04 -3.36 1.03 0.00
-3.49 0.09 -3.39 1.09 0.00
-3.49 0.12 -3.29 1.10 0.00
-3.48 0.15 -3.22 1.12 0.00
-3.47 0.20 -3.13 1.14 0.00
-3.46 0.23 -3.01 1.12 0.00
-3.46 0.27 -2.91 1.10 0.00
-3.42 0.30 -2.61 0.87 0.00
-3.37 0.32 -2.63 0.98 0.00
-3.38 0.39 -2.63 1.05 0.00
-3.38 0.40 -2.47 0.81 0.00
-3.36 0.45 -2.41 0.77 0.00
-3.32 0.48 -2.39 0.86 0.00
-3.26 0.48 -2.34 0.88 0.00
-3.20 0.50 -2.27 0.88 0.00
-3.15 0.54 -2.22 0.89 0.00
-3.09 0.54 -2.12 0.80 0.00
-3.05 0.58 -2.12 0.96 0.00
-2.98 0.58 -2.01 0.83 0.00
-2.91 0.60 -1.93 0.80 0.00
-2.87 0.64 -1.91 0.93 0.00
-2.82 0.65 -1.83 0.80 0.00
-2.77 0.67 -1.81 0.94 0.00
-2.79 0.67 -1.92 0.16 1.00
-2.74 0.62 -1.91 0.08 0.00
-2.69 0.59 -1.77 0.20 0.00
-2.64 0.59 -1.71 0.23 0.00
-2.60 0.55 -1.68 0.16 0.00
-2.59 0.56 -1.66 0.19 0.00
-2.56 0.54 -1.63 0.16 0.00
-2.49 0.49 -1.53 0.18 0.00
-2.47 0.47 -1.51 0.19 0.00
-2.44 0.46 -1.46 0.24 0.00
-2.42 0.45 -1.43 0.34 0.00
-2.34 0.44 -1.34 0.47 0.00
-2.33 0.42 -1.34 0.28 0.00
-2.28 0.42 -1.30 0.26 0.00
-2.25 0.43 -1.25 0.39 0.00
-2.21 0.43 -1.22 0.58 0.00
-2.16 0.43 -1.18 0.60 0.00
-2.11 0.41 -1.14 0.63 0.00
-2.09 0.43 -1.11 0.64 0.00
-2.04 0.45 -1.07 0.69 0.00
-2.01 0.44 -1.04 0.68 0.00
-1.96 0.47 -0.99 0.69 0.00
-1.94 0.47 -0.95 0.65 0.00
-1.89 0.48 -0.91 0.68 0.00
-1.81 0.48 -0.88 0.84 0.00
-1.80 0.49 -0.90 0.91 0.00
-1.76 0.50 -0.91 1.02 0.00
-1.72 0.51 -0.93 1.12 0.00
-1.68 0.52 -0.98 1.22 0.00
-1.64 0.53 -1.02 1.31 0.00
-1.61 0.54 -1.04 1.37 0.00
-1.58 0.57 -1.03 1.41 0.00
-1.56 0.61 -1.03 1.45 0.00
-1.53 0.63 -1.18 1.57 0.00
-1.50 0.66 -1.28 1.64 0.00
-1.47 0.69 -1.40 1.69 0.00
-1.44 0.72 -1.50 1.72 0.00
-1.43 0.76 -1.53 1.76 0.00
-1.43 0.80 -1.52 1.80 0.00
-1.44 0.84 -1.53 1.84 0.00
-1.44 0.88 -1.55 1.87 0.00
-1.44 0.92 -1.58 1.91 0.00
-1.45 0.95 -1.63 1.94 0.00
-1.45 0.99 -1.67 1.97 0.00
-1.45 1.03 -1.72 1.99 0.00
-1.46 1.07 -1.78 2.01 0.00
-1.46 1.11 -1.83 2.03 0.00
-1.47 1.14 -1.86 2.06 0.00
-1.48 1.18 -1.89 2.09 0.00
-1.49 1.22 -1.94 2.11 0.00
-1.51 1.26 -1.98 2.14 0.00
-1.53 1.30 -2.03 2.16 0.00
-1.55 1.34 -2.07 2.19 0.00
-1.57 1.37 -2.11 2.21 0.00
-1.59 1.41 -2.14 2.25 0.00
-1.61 1.45 -2.17 2.27 0.00
-1.63 1.48 -2.20 2.30 0.00
-1.65 1.51 -2.24 2.32 0.00
-1.67 1.54 -2.28 2.34 0.00
-1.69 1.58 -2.32 2.35 0.00
-1.72 1.61 -2.40 2.34 0.00
-1.74 1.64 -2.46 2.33 0.00
-1.76 1.67 -2.53 2.32 0.00
-1.78 1.71 -2.58 2.31 0.00
-1.81 1.74 -2.64 2.29 0.00
-1.82 1.76 -2.65 2.31 0.00
-1.85 1.75 -2.44 2.55 0.00
-1.90 1.80 -2.74 2.36 0.00
-1.94 1.83 -2.78 2.38 0.00
-2.00 1.84 -2.86 2.34 0.00
-2.00 1.87 -2.83 2.43 0.00
-2.05 1.89 -2.80 2.55 0.00
-2.08 1.91 -2.95 2.41 0.00
-2.11 1.93 -2.95 2.47 0.00
-2.14 1.95 -3.03 2.41 0.00
-2.17 1.98 -3.11 2.32 0.00
-2.22 2.02 -3.19 2.25 0.00
-2.24 2.02 -3.23 2.11 0.00
-2.26 2.05 -3.26 2.02 0.00
-2.27 2.07 -3.25 1.91 0.00
-2.34 2.07 -3.31 1.82 0.00
-2.36 2.05 -3.28 1.67 0.00
-2.43 2.04 -3.30 1.56 0.00
-2.46 2.03 -3.18 1.34 0.00
-2.52 2.02 -3.19 1.28 0.00
-2.58 2.01 -3.19 1.22 0.00
-2.61 1.93 -2.65 0.93 0.00
-2.64 1.95 -2.90 0.99 0.00
-2.65 1.96 -3.05 1.04 0.00
-2.66 1.93 -3.07 1.01 0.00
-2.68 1.89 -3.09 0.98 0.00
-2.69 1.86 -3.08 0.94 0.00
-2.71 1.82 -3.07 0.89 0.00
-2.72 1.79 -3.05 0.85 0.00
-2.74 1.76 -3.03 0.80 0.00
-2.75 1.72 -3.02 0.76 0.00
-2.77 1.69 -3.00 0.71 0.00
-2.77 1.69 -3.62 1.16 1.00
-2.77 1.69 -3.74 1.91 1.00
-2.81 1.69 -3.78 1.91 0.00
-2.85 1.70 -3.82 1.92 0.00
-2.89 1.70 -3.86 1.92 0.00
-2.92 1.72 -3.90 1.91 0.00
-2.96 1.73 -3.95 1.86 0.00
-3.00 1.74 -4.00 1.82 0.00
-3.04 1.74 -4.04 1.79 0.00
-3.08 1.75 -4.08 1.73 0.00
-3.11 1.76 -4.11 1.66 0.00
-3.15 1.77 -4.13 1.56 0.00
-3.18 1.77 -4.16 1.56 0.00
-3.23 1.77 -4.16 1.40 0.00
-3.26 1.77 -4.17 1.35 0.00
-3.30 1.76 -4.17 1.27 0.00
-3.33 1.75 -4.18 1.21 0.00
-3.36 1.73 -4.20 1.18 0.00
-3.36 1.73 -4.34 1.94 1.00
-3.40 1.74 -4.39 1.91 0.00
-3.44 1.75 -4.43 1.87 0.00
-3.48 1.76 -4.48 1.83 0.00
-3.52 1.77 -4.52 1.75 0.00
-3.55 1.77 -4.55 1.65 0.00
-3.59 1.78 -4.57 1.57 0.00
-3.63 1.78 -4.59 1.49 0.00
-3.67 1.79 -4.59 1.41 0.00
-3.69 1.79 -4.60 1.36 0.00
-3.72 1.77 -4.62 1.34 0.00
-3.75 1.76 -4.64 1.32 0.00
-3.77 1.75 -4.66 1.29 0.00
-3.80 1.73 -4.68 1.26 0.00
-3.83 1.72 -4.70 1.22 0.00
-3.85 1.71 -4.71 1.19 0.00
-3.88 1.71 -4.67 1.10 0.00
-3.91 1.68 -4.73 1.11 0.00
-3.95 1.66 -4.70 1.00 0.00
-4.00 1.62 -4.83 1.07 0.00
-4.01 1.60 -4.90 1.14 0.00
-4.05 1.56 -5.00 1.27 0.00
-4.04 1.56 -4.87 1.00 0.00
-4.11 1.54 -4.88 0.90 0.00
-4.14 1.51 -4.89 0.85 0.00
-4.17 1.48 -4.94 0.85 0.00
-4.19 1.46 -4.89 0.75 0.00
-4.21 1.44 -4.89 0.71 0.00
-4.25 1.42 -4.90 0.66 0.00
-4.28 1.39 -4.90 0.61 0.00
-4.30 1.38 -4.90 0.58 0.00
-4.33 1.35 -4.91 0.53 0.00
-4.36 1.31 -4.94 0.49 0.00
-4.36 1.30 -5.36 1.22 1.00
-4.36 1.31 -5.13 1.96 1.00
-4.37 1.31 -4.45 2.31 1.00
-4.37 1.31 -3.73 2.08 1.00
-4.35 1.34 -3.62 2.03 0.00
-4.32 1.37 -3.53 1.99 0.00
-4.30 1.40 -3.46 1.94 0.00
-4.27 1.42 -3.38 1.87 0.00
-4.26 1.46 -3.34 1.85 0.00
-4.23 1.50 -3.36 1.99 0.00
-4.18 1.53 -3.31 2.02 0.00
-4.12 1.53 -3.21 1.94 0.00
-4.06 1.56 -3.12 1.91 0.00
-4.03 1.57 -3.09 1.93 0.00
-3.99 1.61 -3.04 1.93 0.00
-3.91 1.63 -2.91 1.65 0.00
-3.88 1.64 -2.89 1.79 0.00
-3.84 1.66 -2.85 1.80 0.00
-3.80 1.68 -2.81 1.77 0.00
-3.76 1.69 -2.76 1.78 0.00
-3.72 1.69 -2.72 1.75 0.00
-3.68 1.70 -2.68 1.73 0.00
-3.64 1.70 -2.64 1.69 0.00
-3.60 1.70 -2.60 1.63 0.00
-3.56 1.71 -2.57 1.58 0.00
-3.52 1.71 -2.53 1.53 0.00
-3.48 1.71 -2.51 1.46 0.00
-3.44 1.71 -2.47 1.46 0.00
-3.40 1.70 -2.44 1.41 0.00
-3.35 1.69 -2.41 1.37 0.00
-3.31 1.68 -2.38 1.32 0.00
-3.27 1.67 -2.35 1.29 0.00
-3.23 1.66 -2.32 1.24 0.00
-3.18 1.64 -2.29 1.20 0.00
-3.14 1.63 -2.26 1.16 0.00
-3.10 1.61 -2.22 1.13 0.00
-3.10 1.61 -2.82 0.65 1.00
-3.10 1.61 -3.58 0.74 1.00
-3.10 1.61 -4.06 1.34 1.00
-3.10 1.61 -3.97 2.09 1.00
-3.13 1.63 -4.03 2.07 0.00
-3.17 1.65 -4.09 2.04 0.00
-3.21 1.68 -4.15 2.01 0.00
-3.24 1.70 -4.20 1.98 0.00
-3.28 1.72 -4.25 1.93 0.00
-3.31 1.73 -4.30 1.90 0.00
-3.35 1.75 -4.34 1.87 0.00
-3.38 1.75 -4.37 1.86 0.00
-3.41 1.75 -4.41 1.83 0.00
-3.44 1.76 -4.43 1.90 0.00
-3.47 1.76 -4.47 1.85 0.00
-3.50 1.77 -4.50 1.87 0.00
-3.54 1.77 -4.53 1.87 0.00
-3.57 1.78 -4.56 1.87 0.00
-3.60 1.78 -4.60 1.87 0.00
-3.63 1.78 -4.63 1.87 0.00
-3.68 1.79 -4.67 1.69 0.00
-3.72 1.79 -4.70 1.57 0.00
-3.77 1.80 -4.69 1.41 0.00
-3.82 1.80 -4.66 1.26 0.00
-3.85 1.81 -4.57 1.12 0.00
-3.92 1.81 -4.53 1.02 0.00
-3.95 1.79 -4.57 1.00 0.00
-3.97 1.75 -4.66 1.03 0.00
-4.00 1.72 -4.83 1.17 0.00
-4.01 1.69 -4.84 1.13 0.00
-4.02 1.67 -4.98 1.37 0.00
-4.07 1.63 -4.76 0.90 0.00
-4.09 1.59 -4.69 0.79 0.00
-4.10 1.58 -4.65 0.74 0.00
-4.13 1.56 -4.68 0.73 0.00
-4.15 1.52 -4.66 0.66 0.00
-4.17 1.49 -4.68 0.63 0.00
-4.19 1.45 -4.67 0.57 0.00
-4.21 1.41 -4.54 0.47 0.00
-4.23 1.38 -4.46 0.41 0.00
-4.26 1.34 -4.40 0.35 0.00
-4.28 1.31 -4.33 0.31 0.00
-4.29 1.28 -4.21 0.29 0.00
-4.31 1.24 -4.16 0.25 0.00
-4.31 1.21 -4.12 0.23 0.00
-4.30 1.17 -4.21 0.18 0.00
-4.30 1.13 -4.19 0.14 0.00
-4.29 1.09 -4.10 0.11 0.00
-4.27 1.04 -4.05 0.07 0.00
-4.25 1.04 -3.91 0.10 0.00
-4.27 0.99 -3.93 0.05 0.00
-4.27 0.94 -3.80 0.05 0.00
-4.24 0.89 -3.79 -0.00 0.00
-4.22 0.85 -3.72 -0.02 0.00
-4.16 0.81 -3.69 -0.07 0.00
-4.16 0.75 -3.68 -0.13 0.00
-4.14 0.70 -3.60 -0.14 0.00
-4.11 0.66 -3.52 -0.14 0.00
-4.07 0.61 -3.43 -0.16 0.00
-4.06 0.57 -3.40 -0.18 0.00
-4.03 0.51 -3.33 -0.21 0.00
-4.01 0.47 -3.26 -0.19 0.00
-3.96 0.44 -3.21 -0.22 0.00
-3.93 0.41 -3.17 -0.24 0.00
-3.90 0.37 -3.12 -0.26 0.00
-3.87 0.36 -3.05 -0.21 0.00
-3.84 0.32 -2.95 -0.13 0.00
-3.80 0.30 -2.88 -0.10 0.00
-3.75 0.29 -2.85 -0.16 0.00
-3.71 0.26 -2.80 -0.16 0.00
-3.67 0.25 -2.71 -0.05 0.00
-3.62 0.22 -2.70 -0.16 0.00
-3.57 0.20 -2.60 -0.02 0.00
-3.54 0.19 -2.59 -0.11 0.00
-3.48 0.17 -2.52 -0.10 0.00
-3.48 0.15 -2.48 0.16 0.00
-3.39 0.16 -2.40 0.25 0.00
-3.37 0.12 -2.37 0.07 0.00
-3.29 0.10 -2.30 -0.02 0.00
-3.29 0.10 -2.29 0.04 0.00
-3.26 0.10 -2.26 0.08 0.00
-3.21 0.09 -2.21 0.03 0.00
-3.17 0.09 -2.18 0.02 0.00
-3.13 0.09 -2.14 0.00 0.00
-3.09 0.10 -2.10 -0.02 0.00
-3.05 0.09 -2.06 -0.07 0.00
-3.01 0.09 -2.02 -0.05 0.00
-2.97 0.08 -1.98 -0.06 0.00
-2.93 0.07 -1.95 -0.09 0.00
-2.89 0.07 -1.91 -0.10 0.00
-2.85 0.06 -1.87 -0.09 0.00
-2.81 0.06 -1.83 -0.12 0.00
-2.77 0.05 -1.79 -0.13 0.00
-2.73 0.04 -1.75 -0.13 0.00
-2.70 0.04 -1.71 -0.13 0.00
-2.66 0.03 -1.66 -0.08 0.00
-2.62 0.02 -1.62 -0.03 0.00
-2.58 0.01 -1.58 0.02 0.00
-2.54 0.01 -1.54 0.07 0.00
