2.00 2.40 2.96 2.68 0.00
2.04 2.41 3.01 2.65 0.00
2.07 2.42 3.04 2.68 0.00
2.11 2.43 3.07 2.71 0.00
2.15 2.44 3.10 2.74 0.00
2.19 2.45 3.13 2.78 0.00
2.22 2.46 3.15 2.83 0.00
2.26 2.46 3.17 2.87 0.00
2.30 2.47 3.19 2.92 0.00
2.33 2.49 3.22 2.95 0.00
2.36 2.50 3.23 3.00 0.00
2.39 2.51 3.25 3.03 0.00
2.42 2.53 3.25 3.09 0.00
2.45 2.54 3.23 3.17 0.00
2.48 2.56 3.20 3.24 0.00
2.50 2.57 3.17 3.32 0.00
2.53 2.59 3.12 3.40 0.00
2.56 2.62 3.15 3.43 0.00
2.58 2.66 3.14 3.49 0.00
2.61 2.69 3.07 3.57 0.00
2.63 2.72 2.98 3.66 0.00
2.66 2.75 2.89 3.73 0.00
2.68 2.79 2.79 3.78 0.00
2.70 2.82 2.69 3.82 0.00
2.73 2.85 2.60 3.84 0.00
2.74 2.89 2.51 3.86 0.00
2.73 2.92 2.51 3.90 0.00
2.73 2.97 2.52 3.94 0.00
2.71 3.00 2.50 3.98 0.00
2.71 3.04 2.48 4.01 0.00
2.70 3.08 2.44 4.04 0.00
2.69 3.12 2.39 4.07 0.00
2.68 3.15 2.34 4.09 0.00
2.68 3.19 2.22 4.08 0.00
2.67 3.24 2.16 4.10 0.00
2.65 3.27 2.11 4.11 0.00
2.64 3.31 2.05 4.12 0.00
2.63 3.35 1.98 4.11 0.00
2.60 3.39 1.95 4.15 0.00
2.57 3.42 1.91 4.18 0.00
2.54 3.46 1.86 4.20 0.00
2.51 3.50 1.80 4.21 0.00
2.48 3.53 1.74 4.21 0.00
2.45 3.57 1.67 4.21 0.00
2.41 3.61 1.60 4.19 0.00
2.38 3.65 1.53 4.18 0.00
2.34 3.68 1.47 4.17 0.00
2.31 3.72 1.40 4.14 0.00
2.27 3.74 1.35 4.15 0.00
2.22 3.76 1.30 4.15 0.00
2.18 3.78 1.25 4.14 0.00
2.14 3.80 1.19 4.13 0.00
2.09 3.82 1.14 4.13 0.00
2.05 3.84 1.09 4.13 0.00
2.00 3.86 1.03 4.11 0.00
1.96 3.88 0.98 4.10 0.00
1.92 3.89 0.94 4.10 0.00
1.88 3.90 0.90 4.10 0.00
1.82 3.91 0.84 4.09 0.00
1.78 3.92 0.79 4.11 0.00
1.73 3.93 0.75 4.12 0.00
1.68 3.94 0.70 4.14 0.00
1.65 3.95 0.69 4.23 0.00
1.59 3.96 0.65 4.29 0.00
1.55 3.97 0.64 4.37 0.00
1.54 3.99 0.62 4.37 0.00
1.48 4.01 0.53 4.31 0.00
1.42 4.00 0.49 4.37 0.00
1.41 4.03 0.51 4.49 0.00
1.37 4.02 0.49 4.50 0.00
1.34 4.07 0.52 4.65 0.00
1.29 4.08 0.47 4.65 0.00
1.25 4.11 0.47 4.73 0.00
1.21 4.12 0.41 4.73 0.00
1.23 4.11 0.49 4.78 0.00
1.11 4.19 0.69 5.10 0.00
1.06 4.23 0.64 5.14 0.00
1.00 4.20 0.05 4.53 0.00
1.01 4.26 0.16 4.79 0.00
1.00 4.28 0.37 5.06 0.00
0.99 4.31 0.39 5.11 0.00
0.98 4.36 0.33 5.12 0.00
0.95 4.39 0.30 5.15 0.00
0.92 4.42 0.28 5.19 0.00
0.89 4.45 0.25 5.22 0.00
0.87 4.48 0.23 5.25 0.00
0.84 4.51 0.27 5.33 0.00
0.81 4.54 0.30 5.40 0.00
0.79 4.57 0.35 5.47 0.00
0.77 4.60 0.39 5.53 0.00
0.74 4.63 0.44 5.58 0.00
0.72 4.66 0.48 5.63 0.00
0.69 4.69 0.52 5.67 0.00
0.69 4.73 0.52 5.72 0.00
0.68 4.77 0.51 5.76 0.00
0.67 4.82 0.51 5.80 0.00
0.66 4.86 0.53 5.85 0.00
0.66 4.90 0.48 5.88 0.00
0.65 4.94 0.46 5.92 0.00
0.65 4.98 0.44 5.96 0.00
0.64 5.02 0.41 6.00 0.00
0.63 5.06 0.40 6.03 0.00
0.63 5.10 0.38 6.07 0.00
0.62 5.14 0.37 6.11 0.00
0.61 5.18 0.35 6.15 0.00
0.60 5.22 0.37 6.20 0.00
0.59 5.26 0.34 6.23 0.00
0.58 5.30 0.33 6.27 0.00
0.57 5.34 0.33 6.31 0.00
0.56 5.38 0.33 6.36 0.00
0.55 5.42 0.36 6.40 0.00
0.54 5.46 0.38 6.45 0.00
0.53 5.50 0.41 6.49 0.00
0.53 5.54 0.36 6.53 0.00
0.52 5.58 0.26 6.54 0.00
0.52 5.62 0.31 6.60 0.00
0.51 5.66 0.28 6.63 0.00
0.51 5.70 0.24 6.67 0.00
0.50 5.74 0.24 6.71 0.00
0.49 5.78 0.22 6.74 0.00
0.48 5.82 0.21 6.78 0.00
0.47 5.85 0.19 6.82 0.00
0.46 5.89 0.18 6.85 0.00
0.44 5.93 0.17 6.89 0.00
0.44 5.97 0.11 6.92 0.00
0.43 6.01 0.13 6.96 0.00
0.41 6.04 0.14 7.01 0.00
0.40 6.08 0.14 7.05 0.00
0.39 6.12 0.14 7.08 0.00
0.39 6.12 0.89 6.98 1.00
0.39 6.12 1.36 6.38 1.00
0.43 6.13 1.40 6.38 0.00
0.47 6.14 1.44 6.39 0.00
0.51 6.15 1.48 6.39 0.00
0.55 6.16 1.52 6.40 0.00
0.59 6.17 1.56 6.40 0.00
0.62 6.18 1.60 6.40 0.00
0.67 6.19 1.64 6.40 0.00
0.70 6.20 1.69 6.39 0.00
0.74 6.21 1.73 6.34 0.00
0.79 6.22 1.78 6.27 0.00
0.82 6.23 1.82 6.19 0.00
0.86 6.24 1.86 6.11 0.00
0.90 6.25 1.85 5.94 0.00
0.94 6.25 1.90 5.97 0.00
0.96 6.26 1.88 5.88 0.00
0.97 6.27 1.86 5.82 0.00
0.98 6.24 1.90 5.83 0.00
0.99 6.19 1.97 5.99 0.00
1.10 6.20 1.96 5.70 0.00
1.12 6.19 2.02 5.75 0.00
1.15 6.17 2.07 5.79 0.00
1.20 6.15 2.01 5.56 0.00
1.20 6.14 2.08 5.67 0.00
1.26 6.11 2.03 5.47 0.00
1.35 6.06 2.15 5.46 0.00
1.32 6.08 2.06 5.40 0.00
1.36 6.05 2.18 5.46 0.00
1.35 6.04 2.22 5.54 0.00
1.41 6.01 2.01 5.22 0.00
1.46 5.98 2.14 5.25 0.00
1.49 5.96 2.16 5.23 0.00
1.53 5.93 1.97 5.03 0.00
1.56 5.90 1.94 4.97 0.00
1.58 5.86 1.90 4.92 0.00
1.60 5.83 1.88 4.87 0.00
1.61 5.79 1.87 4.82 0.00
1.63 5.76 1.85 4.78 0.00
1.64 5.72 1.83 4.74 0.00
1.65 5.68 1.80 4.69 0.00
1.66 5.64 1.77 4.65 0.00
1.67 5.61 1.75 4.61 0.00
1.68 5.57 1.73 4.57 0.00
1.68 5.53 1.71 4.53 0.00
1.69 5.49 1.69 4.49 0.00
1.69 5.45 1.68 4.45 0.00
1.69 5.41 1.66 4.41 0.00
1.69 5.37 1.66 4.37 0.00
1.70 5.33 1.64 4.33 0.00
1.70 5.29 1.64 4.29 0.00
1.70 5.25 1.61 4.25 0.00
1.69 5.21 1.56 4.22 0.00
1.69 5.16 1.43 4.20 0.00
1.69 5.13 1.34 4.19 0.00
1.69 5.09 1.24 4.19 0.00
1.68 5.05 1.14 4.21 0.00
1.68 5.00 1.07 4.21 0.00
1.68 4.96 1.00 4.23 0.00
1.66 4.93 0.97 4.21 0.00
1.63 4.90 0.92 4.18 0.00
1.59 4.86 0.89 4.15 0.00
1.56 4.82 0.83 4.15 0.00
1.55 4.79 0.81 4.12 0.00
1.49 4.75 0.75 4.07 0.00
1.45 4.72 0.75 4.01 0.00
1.42 4.69 0.73 3.97 0.00
1.39 4.66 0.66 3.97 0.00
1.36 4.63 0.65 3.92 0.00
1.33 4.60 0.59 3.93 0.00
1.31 4.57 0.42 4.11 0.00
1.29 4.55 0.45 4.01 0.00
1.24 4.50 0.29 4.19 0.00
1.20 4.49 0.20 4.55 0.00
1.19 4.45 0.27 4.05 0.00
1.13 4.42 0.28 3.90 0.00
1.09 4.40 0.18 3.98 0.00
1.00 4.43 0.01 4.52 0.00
1.00 4.41 -0.00 4.46 0.00
1.00 4.34 0.03 4.10 0.00
0.97 4.32 -0.02 4.18 0.00
0.93 4.31 -0.07 4.32 0.00
0.89 4.31 -0.11 4.31 0.00
0.85 4.31 -0.15 4.31 0.00
0.81 4.31 -0.19 4.32 0.00
0.77 4.31 -0.23 4.32 0.00
0.72 4.31 -0.28 4.32 0.00
0.68 4.31 -0.32 4.34 0.00
0.64 4.31 -0.36 4.37 0.00
0.60 4.31 -0.39 4.43 0.00
0.56 4.31 -0.42 4.50 0.00
0.52 4.31 -0.44 4.57 0.00
0.48 4.31 -0.46 4.64 0.00
0.44 4.31 -0.48 4.70 0.00
0.40 4.32 -0.50 4.77 0.00
0.36 4.33 -0.53 4.79 0.00
0.32 4.34 -0.57 4.82 0.00
0.28 4.37 -0.60 4.84 0.00
0.24 4.39 -0.68 4.79 0.00
0.21 4.41 -0.73 4.77 0.00
0.17 4.43 -0.78 4.75 0.00
0.13 4.45 -0.83 4.72 0.00
0.09 4.47 -0.87 4.72 0.00
0.06 4.48 -0.92 4.71 0.00
0.02 4.50 -0.96 4.69 0.00
-0.02 4.51 -1.01 4.68 0.00
-0.06 4.52 -1.05 4.67 0.00
-0.10 4.53 -1.09 4.67 0.00
-0.14 4.53 -1.13 4.67 0.00
-0.18 4.54 -1.16 4.68 0.00
-0.21 4.55 -1.20 4.70 0.00
-0.25 4.55 -1.24 4.70 0.00
-0.29 4.56 -1.28 4.72 0.00
-0.33 4.56 -1.30 4.78 0.00
-0.37 4.57 -1.34 4.78 0.00
-0.41 4.58 -1.38 4.79 0.00
-0.45 4.59 -1.43 4.79 0.00
-0.49 4.60 -1.47 4.78 0.00
-0.53 4.61 -1.51 4.78 0.00
-0.57 4.62 -1.55 4.78 0.00
-0.61 4.63 -1.59 4.78 0.00
-0.65 4.64 -1.64 4.79 0.00
-0.69 4.64 -1.68 4.78 0.00
-0.73 4.65 -1.72 4.78 0.00
-0.77 4.65 -1.76 4.79 0.00
-0.81 4.66 -1.80 4.80 0.00
-0.85 4.66 -1.84 4.81 0.00
-0.89 4.67 -1.88 4.81 0.00
-0.93 4.68 -1.92 4.82 0.00
-0.97 4.68 -1.96 4.83 0.00
-1.01 4.69 -2.00 4.83 0.00
-1.05 4.69 -2.05 4.78 0.00
-1.09 4.70 -2.08 4.80 0.00
-1.13 4.71 -2.13 4.77 0.00
-1.17 4.71 -2.16 4.80 0.00
-1.21 4.72 -2.21 4.76 0.00
-1.25 4.72 -2.25 4.75 0.00
-1.29 4.73 -2.29 4.75 0.00
-1.33 4.73 -2.33 4.74 0.00
-1.36 4.73 -2.36 4.73 0.00
-1.40 4.73 -2.40 4.74 0.00
-1.45 4.73 -2.45 4.76 0.00
-1.49 4.73 -2.49 4.77 0.00
-1.53 4.73 -2.53 4.79 0.00
-1.57 4.73 -2.57 4.80 0.00
-1.61 4.73 -2.61 4.82 0.00
-1.65 4.74 -2.64 4.82 0.00
-1.69 4.74 -2.68 4.81 0.00
-1.73 4.74 -2.72 4.80 0.00
-1.77 4.75 -2.76 4.79 0.00
-1.80 4.75 -2.80 4.77 0.00
-1.84 4.76 -2.84 4.76 0.00
-1.88 4.76 -2.88 4.75 0.00
-1.92 4.76 -2.92 4.74 0.00
-1.95 4.76 -2.95 4.73 0.00
-1.99 4.76 -2.99 4.73 0.00
-2.03 4.76 -3.03 4.75 0.00
-2.06 4.76 -3.06 4.77 0.00
-2.10 4.76 -3.10 4.79 0.00
-2.14 4.76 -3.14 4.80 0.00
-2.18 4.75 -3.18 4.81 0.00
-2.21 4.75 -3.21 4.81 0.00
-2.25 4.75 -3.24 4.80 0.00
-2.28 4.76 -3.28 4.81 0.00
-2.32 4.76 -3.32 4.82 0.00
-2.36 4.76 -3.36 4.85 0.00
-2.40 4.76 -3.39 4.86 0.00
-2.44 4.77 -3.43 4.89 0.00
-2.48 4.77 -3.46 4.94 0.00
-2.52 4.77 -3.50 4.94 0.00
-2.55 4.78 -3.54 4.94 0.00
-2.59 4.79 -3.57 4.94 0.00
-2.62 4.79 -3.61 4.94 0.00
-2.66 4.80 -3.65 4.94 0.00
-2.69 4.80 -3.68 4.93 0.00
-2.73 4.81 -3.72 4.92 0.00
-2.76 4.82 -3.76 4.91 0.00
-2.80 4.82 -3.79 4.92 0.00
-2.80 4.82 -3.43 5.59 1.00
-2.83 4.84 -3.37 5.68 0.00
-2.83 4.85 -3.21 5.77 0.00
-2.85 4.88 -3.44 5.70 0.00
-2.87 4.96 -3.35 5.83 0.00
-2.92 4.97 -3.37 5.86 0.00
-2.93 5.00 -3.30 5.93 0.00
-2.95 5.03 -3.32 5.97 0.00
-2.97 5.08 -3.40 5.98 0.00
-2.96 5.12 -3.47 5.98 0.00
-3.01 5.14 -3.37 6.07 0.00
-3.04 5.17 -3.38 6.11 0.00
-3.07 5.21 -3.40 6.15 0.00
-3.07 5.25 -3.52 6.15 0.00
-3.04 5.29 -3.40 6.22 0.00
-3.05 5.33 -3.33 6.29 0.00
-3.07 5.37 -3.40 6.32 0.00
-3.09 5.41 -3.34 6.38 0.00
-3.10 5.44 -3.36 6.41 0.00
-3.12 5.47 -3.34 6.45 0.00
-3.13 5.52 -3.31 6.50 0.00
-3.14 5.55 -3.31 6.54 0.00
-3.15 5.60 -3.32 6.59 0.00
-3.16 5.63 -3.39 6.61 0.00
-3.17 5.68 -3.31 6.66 0.00
-3.17 5.77 -3.33 6.76 0.00
-3.17 5.79 -3.21 6.79 0.00
-3.17 5.78 -3.43 6.75 0.00
-3.18 5.83 -3.33 6.82 0.00
-3.19 5.89 -3.22 6.89 0.00
-3.20 5.91 -3.31 6.91 0.00
-3.20 5.95 -3.37 6.94 0.00
-3.20 5.99 -3.39 6.97 0.00
-3.20 5.99 -2.63 6.81 1.00
-3.18 6.02 -2.54 6.80 0.00
-3.15 6.06 -2.48 6.80 0.00
-3.13 6.10 -2.42 6.80 0.00
-3.09 6.11 -2.42 6.86 0.00
-3.07 6.16 -2.32 6.82 0.00
-3.04 6.19 -2.20 6.73 0.00
-3.01 6.24 -2.18 6.79 0.00
-2.96 6.25 -2.05 6.67 0.00
-2.94 6.28 -2.10 6.83 0.00
-2.91 6.31 -2.09 6.90 0.00
-2.87 6.34 -2.04 6.90 0.00
-2.83 6.37 -1.99 6.91 0.00
-2.79 6.39 -1.95 6.92 0.00
-2.75 6.42 -1.91 6.96 0.00
-2.73 6.42 -1.85 6.89 0.00
-2.74 6.43 -1.75 6.59 0.00
-2.70 6.42 -1.73 6.64 0.00
-2.69 6.42 -1.69 6.38 0.00
-2.63 6.42 -1.64 6.54 0.00
-2.52 6.44 -1.55 6.65 0.00
-2.49 6.43 -1.53 6.71 0.00
-2.49 6.43 -1.49 6.40 0.00
-2.43 6.46 -1.43 6.46 0.00
-2.36 6.44 -1.37 6.55 0.00
-2.38 6.43 -1.44 6.09 0.00
-2.33 6.43 -1.39 6.10 0.00
-2.29 6.42 -1.34 6.12 0.00
-2.22 6.42 -1.22 6.33 0.00
-2.20 6.43 -1.22 6.21 0.00
-2.15 6.42 -1.18 6.20 0.00
-2.11 6.41 -1.13 6.22 0.00
-2.07 6.39 -1.08 6.24 0.00
-2.03 6.39 -1.04 6.24 0.00
-1.99 6.38 -1.00 6.22 0.00
-1.95 6.37 -0.97 6.19 0.00
-1.91 6.37 -0.93 6.15 0.00
-1.87 6.36 -0.90 6.11 0.00
-1.83 6.36 -0.87 6.06 0.00
-1.79 6.35 -0.85 6.02 0.00
-1.75 6.34 -0.82 5.97 0.00
-1.71 6.33 -0.80 5.93 0.00
-1.66 6.33 -0.73 5.97 0.00
-1.63 6.31 -0.72 5.90 0.00
-1.59 6.29 -0.68 5.87 0.00
-1.55 6.27 -0.64 5.86 0.00
-1.51 6.25 -0.60 5.84 0.00
-1.47 6.24 -0.56 5.82 0.00
-1.43 6.22 -0.52 5.81 0.00
-1.40 6.19 -0.46 5.87 0.00
-1.37 6.17 -0.41 5.88 0.00
-1.33 6.15 -0.37 5.86 0.00
-1.29 6.14 -0.33 5.84 0.00
-1.25 6.13 -0.32 5.77 0.00
-1.21 6.12 -0.30 5.69 0.00
-1.17 6.11 -0.29 5.62 0.00
-1.13 6.10 -0.29 5.56 0.00
-1.09 6.08 -0.28 5.50 0.00
-1.05 6.07 -0.26 5.45 0.00
-1.01 6.06 -0.25 5.41 0.00
-0.97 6.02 -0.21 5.38 0.00
-0.94 5.99 -0.20 5.32 0.00
-0.90 5.96 -0.14 5.30 0.00
-0.86 5.92 -0.10 5.28 0.00
-0.82 5.89 -0.05 5.26 0.00
-0.79 5.86 0.05 5.31 0.00
-0.76 5.82 0.10 5.31 0.00
-0.73 5.80 0.13 5.29 0.00
-0.69 5.77 0.18 5.27 0.00
-0.65 5.76 0.20 5.23 0.00
-0.62 5.73 0.26 5.25 0.00
-0.58 5.71 0.28 5.20 0.00
-0.54 5.69 0.29 5.14 0.00
-0.50 5.67 0.31 5.08 0.00
-0.47 5.65 0.31 5.02 0.00
-0.43 5.63 0.31 4.96 0.00
-0.39 5.60 0.32 4.90 0.00
-0.35 5.58 0.31 4.83 0.00
-0.32 5.56 0.32 4.78 0.00
-0.28 5.52 0.33 4.74 0.00
-0.25 5.49 0.36 4.69 0.00
-0.22 5.45 0.40 4.67 0.00
-0.19 5.41 0.43 4.62 0.00
-0.16 5.37 0.45 4.58 0.00
-0.13 5.33 0.49 4.55 0.00
-0.10 5.29 0.52 4.51 0.00
-0.07 5.25 0.55 4.47 0.00
-0.04 5.21 0.58 4.43 0.00
-0.01 5.18 0.61 4.39 0.00
0.02 5.14 0.62 4.34 0.00
0.05 5.10 0.65 4.30 0.00
0.08 5.06 0.66 4.25 0.00
0.11 5.02 0.68 4.20 0.00
0.14 4.99 0.69 4.15 0.00
0.17 4.95 0.69 4.10 0.00
0.20 4.91 0.70 4.05 0.00
0.22 4.87 0.72 4.00 0.00
0.24 4.83 0.76 3.97 0.00
0.26 4.79 0.79 3.94 0.00
0.29 4.75 0.83 3.91 0.00
0.31 4.71 0.87 3.88 0.00
0.33 4.67 0.90 3.84 0.00
0.36 4.63 0.93 3.81 0.00
0.38 4.59 0.96 3.78 0.00
0.40 4.56 0.99 3.75 0.00
0.43 4.53 1.01 3.72 0.00
0.45 4.49 1.04 3.68 0.00
0.47 4.46 1.07 3.65 0.00
0.50 4.43 1.10 3.63 0.00
0.52 4.39 1.13 3.60 0.00
0.54 4.36 1.17 3.58 0.00
0.57 4.33 1.24 3.58 0.00
0.59 4.29 1.31 3.60 0.00
0.62 4.27 1.33 3.56 0.00
0.65 4.24 1.31 3.49 0.00
0.68 4.21 1.31 3.43 0.00
0.71 4.18 1.30 3.37 0.00
0.74 4.16 1.27 3.31 0.00
0.77 4.13 1.25 3.25 0.00
0.80 4.10 1.24 3.20 0.00
0.82 4.07 1.24 3.16 0.00
0.84 4.03 1.26 3.13 0.00
0.86 4.00 1.28 3.09 0.00
0.87 3.96 1.32 3.07 0.00
0.89 3.92 1.37 3.04 0.00
0.90 3.89 1.43 3.03 0.00
0.92 3.85 1.49 3.02 0.00
0.94 3.81 1.53 3.01 0.00
0.95 3.78 1.58 3.00 0.00
0.98 3.76 1.52 2.91 0.00
1.00 3.72 1.50 2.86 0.00
1.01 3.70 1.45 2.80 0.00
1.02 3.66 1.41 2.74 0.00
1.06 3.59 1.48 2.68 0.00
1.10 3.61 1.12 2.61 0.00
1.12 3.58 1.21 2.58 0.00
1.14 3.53 1.24 2.53 0.00
1.13 3.48 1.20 2.49 0.00
1.11 3.44 1.12 2.44 0.00
1.12 3.39 1.14 2.39 0.00
1.13 3.35 1.17 2.35 0.00
1.10 3.30 1.00 2.31 0.00
1.12 3.28 1.04 2.28 0.00
1.14 3.24 1.22 2.25 0.00
1.14 3.20 1.25 2.21 0.00
1.15 3.16 1.22 2.17 0.00
1.15 3.13 1.16 2.13 0.00
1.15 3.11 0.97 2.12 0.00
1.17 3.05 1.03 2.06 0.00
1.17 3.01 1.10 2.01 0.00
1.17 2.97 0.99 1.98 0.00
1.17 2.93 0.90 1.96 0.00
1.17 2.88 0.78 1.96 0.00
1.17 2.85 0.76 1.94 0.00
1.17 2.81 0.69 1.93 0.00
1.16 2.77 0.65 1.91 0.00
1.14 2.73 0.62 1.88 0.00
1.12 2.69 0.58 1.85 0.00
1.10 2.66 0.55 1.82 0.00
1.07 2.62 0.51 1.80 0.00
1.05 2.58 0.47 1.77 0.00
1.03 2.55 0.46 1.73 0.00
1.00 2.52 0.43 1.69 0.00
0.98 2.48 0.36 1.69 0.00
0.95 2.44 0.27 1.71 0.00
0.93 2.41 0.18 1.74 0.00
0.90 2.37 0.10 1.78 0.00
0.88 2.33 0.00 1.85 0.00
0.85 2.30 -0.05 1.86 0.00
0.83 2.26 -0.11 1.91 0.00
