-0.90 3.60 -1.79 4.05 0.00
-0.93 3.62 -1.83 4.06 0.00
-0.97 3.64 -1.88 4.05 0.00
-1.01 3.66 -1.94 4.03 0.00
-1.05 3.67 -1.99 4.01 0.00
-1.09 3.69 -2.04 3.99 0.00
-1.12 3.71 -2.09 3.97 0.00
-1.16 3.73 -2.14 3.96 0.00
-1.20 3.75 -2.18 3.97 0.00
-1.24 3.76 -2.21 3.98 0.00
-1.28 3.76 -2.25 3.99 0.00
-1.31 3.77 -2.29 3.97 0.00
-1.35 3.78 -2.34 3.90 0.00
-1.39 3.79 -2.39 3.83 0.00
-1.43 3.80 -2.43 3.75 0.00
-1.47 3.81 -2.46 3.67 0.00
-1.51 3.82 -2.48 3.60 0.00
-1.55 3.81 -2.52 3.55 0.00
-1.59 3.80 -2.54 3.48 0.00
-1.64 3.79 -2.56 3.40 0.00
-1.68 3.78 -2.56 3.31 0.00
-1.73 3.77 -2.56 3.22 0.00
-1.77 3.76 -2.55 3.13 0.00
-1.81 3.75 -2.53 3.05 0.00
-1.86 3.73 -2.52 2.98 0.00
-1.88 3.71 -2.55 2.96 0.00
-1.91 3.68 -2.56 2.92 0.00
-1.93 3.65 -2.58 2.89 0.00
-1.96 3.62 -2.61 2.86 0.00
-1.99 3.59 -2.62 2.81 0.00
-2.01 3.56 -2.63 2.77 0.00
-2.04 3.53 -2.64 2.73 0.00
-2.06 3.50 -2.64 2.68 0.00
-2.09 3.47 -2.56 2.59 0.00
-2.11 3.43 -2.49 2.51 0.00
-2.14 3.40 -2.42 2.44 0.00
-2.16 3.37 -2.34 2.38 0.00
-2.18 3.33 -2.27 2.34 0.00
-2.21 3.30 -2.19 2.30 0.00
-2.22 3.26 -2.15 2.27 0.00
-2.22 3.23 -2.15 2.23 0.00
-2.21 3.19 -2.17 2.19 0.00
-2.21 3.14 -2.17 2.15 0.00
-2.21 3.10 -2.15 2.11 0.00
-2.21 3.06 -2.10 2.07 0.00
-2.20 3.02 -2.06 2.03 0.00
-2.20 2.98 -2.03 1.99 0.00
-2.20 2.94 -2.00 1.96 0.00
-2.20 2.90 -1.96 1.92 0.00
-2.19 2.85 -1.95 1.88 0.00
-2.18 2.81 -1.90 1.85 0.00
-2.17 2.76 -1.86 1.81 0.00
-2.16 2.72 -1.78 1.79 0.00
-2.15 2.67 -1.77 1.75 0.00
-2.14 2.63 -1.72 1.72 0.00
-2.13 2.58 -1.66 1.70 0.00
-2.11 2.54 -1.63 1.67 0.00
-2.09 2.51 -1.62 1.62 0.00
-2.07 2.47 -1.59 1.59 0.00
-2.05 2.44 -1.58 1.55 0.00
-2.03 2.39 -1.54 1.53 0.00
-2.01 2.36 -1.52 1.49 0.00
-1.99 2.32 -1.49 1.46 0.00
-1.97 2.29 -1.46 1.43 0.00
-1.95 2.25 -1.43 1.40 0.00
-1.93 2.21 -1.36 1.38 0.00
-1.90 2.17 -1.36 1.33 0.00
-1.88 2.12 -1.29 1.31 0.00
-1.85 2.08 -1.26 1.27 0.00
-1.82 2.04 -1.21 1.25 0.00
-1.80 2.00 -1.16 1.23 0.00
-1.77 1.96 -1.12 1.20 0.00
-1.74 1.92 -1.08 1.17 0.00
-1.71 1.88 -1.01 1.18 0.00
-1.69 1.85 -0.97 1.15 0.00
-1.65 1.81 -0.92 1.14 0.00
-1.62 1.78 -0.88 1.11 0.00
-1.59 1.75 -0.84 1.09 0.00
-1.56 1.72 -0.81 1.04 0.00
-1.53 1.69 -0.77 1.04 0.00
-1.49 1.66 -0.74 1.00 0.00
-1.49 1.66 -1.43 0.66 1.00
-1.49 1.66 -2.15 0.91 1.00
-1.49 1.66 -2.49 1.59 1.00
-1.53 1.66 -2.53 1.54 0.00
-1.58 1.66 -2.55 1.43 0.00
-1.62 1.65 -2.56 1.31 0.00
-1.66 1.65 -2.55 1.20 0.00
-1.70 1.65 -2.53 1.09 0.00
-1.75 1.64 -2.40 0.89 0.00
-1.78 1.64 -2.46 0.91 0.00
-1.82 1.63 -2.45 0.85 0.00
-1.84 1.62 -2.45 0.83 0.00
-1.90 1.58 -2.30 0.67 0.00
-1.87 1.53 -2.51 0.77 0.00
-1.91 1.51 -2.49 0.70 0.00
-1.95 1.47 -2.44 0.60 0.00
-1.97 1.44 -2.32 0.50 0.00
-1.99 1.42 -2.02 0.42 0.00
-1.98 1.39 -1.68 0.44 0.00
-1.98 1.40 -2.45 0.51 1.00
-1.97 1.40 -2.89 1.00 1.00
-1.97 1.40 -2.89 1.80 1.00
-1.97 1.40 -2.33 2.34 1.00
-1.98 1.44 -2.36 2.37 0.00
-2.00 1.46 -2.38 2.39 0.00
-2.01 1.53 -2.38 2.46 0.00
-2.01 1.55 -2.41 2.47 0.00
-2.05 1.63 -2.66 2.42 0.00
-2.05 1.63 -2.64 2.44 0.00
-2.07 1.66 -2.67 2.45 0.00
-2.09 1.68 -2.72 2.46 0.00
-2.11 1.71 -2.74 2.48 0.00
-2.13 1.73 -2.77 2.50 0.00
-2.15 1.76 -2.79 2.52 0.00
-2.17 1.78 -2.83 2.53 0.00
-2.19 1.81 -2.86 2.55 0.00
-2.21 1.83 -2.90 2.56 0.00
-2.23 1.86 -2.93 2.58 0.00
-2.25 1.88 -2.97 2.58 0.00
-2.25 1.88 -2.27 2.88 1.00
-2.25 1.92 -2.26 2.92 0.00
-2.25 1.96 -2.21 2.96 0.00
-2.25 2.00 -2.17 3.00 0.00
-2.25 2.05 -2.22 3.05 0.00
-2.25 2.09 -2.20 3.08 0.00
-2.25 2.12 -2.21 3.12 0.00
-2.26 2.16 -2.21 3.16 0.00
-2.25 2.20 -2.22 3.20 0.00
-2.25 2.23 -2.23 3.23 0.00
-2.24 2.28 -2.20 3.28 0.00
-2.24 2.31 -2.27 3.31 0.00
-2.24 2.35 -2.19 3.35 0.00
-2.24 2.39 -2.17 3.39 0.00
-2.23 2.43 -2.19 3.43 0.00
-2.23 2.47 -2.15 3.47 0.00
-2.23 2.51 -2.15 3.51 0.00
-2.23 2.55 -2.19 3.55 0.00
-2.22 2.60 -2.20 3.60 0.00
-2.21 2.63 -2.24 3.63 0.00
-2.21 2.68 -2.31 3.67 0.00
-2.21 2.72 -2.31 3.71 0.00
-2.21 2.77 -2.37 3.75 0.00
-2.21 2.81 -2.41 3.79 0.00
-2.21 2.85 -2.45 3.82 0.00
-2.21 2.88 -2.45 3.85 0.00
-2.22 2.91 -2.45 3.88 0.00
-2.23 2.94 -2.45 3.91 0.00
-2.24 2.97 -2.46 3.94 0.00
-2.25 3.00 -2.45 3.98 0.00
-2.25 3.03 -2.45 4.01 0.00
-2.26 3.07 -2.45 4.05 0.00
-2.26 3.09 -2.40 4.08 0.00
-2.26 3.12 -2.36 4.12 0.00
-2.27 3.17 -2.39 4.16 0.00
-2.27 3.21 -2.38 4.20 0.00
-2.27 3.25 -2.38 4.24 0.00
-2.27 3.29 -2.39 4.28 0.00
-2.29 3.32 -2.41 4.32 0.00
-2.30 3.38 -2.54 4.35 0.00
-2.30 3.40 -2.45 4.39 0.00
-2.31 3.45 -2.57 4.42 0.00
-2.32 3.48 -2.58 4.45 0.00
-2.33 3.52 -2.60 4.48 0.00
-2.34 3.56 -2.65 4.51 0.00
-2.35 3.58 -2.65 4.53 0.00
-2.36 3.62 -2.67 4.56 0.00
-2.37 3.65 -2.69 4.60 0.00
-2.38 3.68 -2.72 4.63 0.00
-2.39 3.72 -2.68 4.68 0.00
-2.40 3.76 -2.67 4.72 0.00
-2.42 3.80 -2.68 4.76 0.00
-2.43 3.83 -2.68 4.80 0.00
-2.44 3.87 -2.67 4.84 0.00
-2.45 3.91 -2.68 4.88 0.00
-2.46 3.95 -2.67 4.92 0.00
-2.47 3.98 -2.69 4.96 0.00
-2.48 4.02 -2.70 4.99 0.00
-2.48 4.05 -2.71 5.03 0.00
-2.49 4.09 -2.71 5.06 0.00
-2.50 4.12 -2.73 5.10 0.00
-2.51 4.15 -2.75 5.12 0.00
-2.52 4.19 -2.77 5.16 0.00
-2.52 4.23 -2.80 5.19 0.00
-2.53 4.26 -2.87 5.20 0.00
-2.54 4.29 -2.89 5.23 0.00
-2.54 4.34 -2.95 5.26 0.00
-2.56 4.37 -2.90 5.31 0.00
-2.59 4.40 -2.82 5.37 0.00
-2.59 4.45 -2.92 5.40 0.00
-2.61 4.49 -3.01 5.41 0.00
-2.62 4.54 -3.02 5.46 0.00
-2.63 4.57 -3.00 5.49 0.00
-2.65 4.60 -3.12 5.49 0.00
-2.67 4.64 -3.13 5.52 0.00
-2.69 4.67 -3.18 5.54 0.00
-2.71 4.71 -3.23 5.56 0.00
-2.73 4.74 -3.28 5.57 0.00
-2.75 4.78 -3.33 5.59 0.00
-2.77 4.81 -3.39 5.60 0.00
-2.78 4.85 -3.44 5.60 0.00
-2.78 4.85 -2.71 5.85 1.00
-2.78 4.88 -2.62 5.87 0.00
-2.78 4.92 -2.57 5.90 0.00
-2.78 4.96 -2.55 5.93 0.00
-2.78 5.00 -2.52 5.96 0.00
-2.77 5.04 -2.46 5.99 0.00
-2.76 5.07 -2.41 6.01 0.00
-2.75 5.11 -2.40 6.05 0.00
-2.74 5.15 -2.40 6.09 0.00
-2.72 5.18 -2.39 6.13 0.00
-2.71 5.22 -2.37 6.16 0.00
-2.69 5.26 -2.35 6.20 0.00
-2.68 5.30 -2.33 6.24 0.00
-2.66 5.34 -2.32 6.27 0.00
-2.65 5.37 -2.30 6.31 0.00
-2.64 5.41 -2.27 6.34 0.00
-2.62 5.45 -2.25 6.38 0.00
-2.61 5.49 -2.22 6.41 0.00
-2.59 5.53 -2.16 6.43 0.00
-2.58 5.57 -2.09 6.44 0.00
-2.56 5.61 -2.00 6.44 0.00
-2.55 5.65 -1.94 6.44 0.00
-2.53 5.68 -1.85 6.42 0.00
-2.52 5.73 -1.84 6.46 0.00
-2.50 5.76 -1.81 6.49 0.00
-2.47 5.79 -1.79 6.52 0.00
-2.44 5.82 -1.77 6.57 0.00
-2.41 5.84 -1.76 6.61 0.00
-2.38 5.88 -1.73 6.64 0.00
-2.35 5.91 -1.71 6.68 0.00
-2.32 5.94 -1.67 6.70 0.00
-2.29 5.98 -1.63 6.73 0.00
-2.26 6.01 -1.61 6.77 0.00
-2.24 6.04 -1.56 6.77 0.00
-2.21 6.07 -1.47 6.74 0.00
-2.19 6.10 -1.40 6.72 0.00
-2.16 6.14 -1.33 6.68 0.00
-2.14 6.17 -1.26 6.66 0.00
-2.11 6.20 -1.21 6.64 0.00
-2.09 6.23 -1.17 6.62 0.00
-2.04 6.25 -1.13 6.65 0.00
-2.00 6.26 -1.09 6.68 0.00
-1.96 6.28 -1.05 6.70 0.00
-1.91 6.30 -1.01 6.72 0.00
-1.87 6.32 -0.96 6.73 0.00
-1.83 6.34 -0.92 6.75 0.00
-1.78 6.36 -0.87 6.76 0.00
-1.74 6.38 -0.82 6.76 0.00
-1.70 6.40 -0.77 6.78 0.00
-1.65 6.41 -0.72 6.77 0.00
-1.62 6.43 -0.66 6.70 0.00
-1.57 6.44 -0.59 6.62 0.00
-1.54 6.45 -0.54 6.55 0.00
-1.51 6.46 -0.51 6.50 0.00
-1.47 6.50 -0.47 6.51 0.00
-1.42 6.50 -0.42 6.55 0.00
-1.38 6.46 -0.39 6.34 0.00
-1.34 6.50 -0.34 6.44 0.00
-1.29 6.48 -0.30 6.41 0.00
-1.25 6.50 -0.25 6.40 0.00
-1.20 6.50 -0.20 6.47 0.00
-1.16 6.50 -0.16 6.46 0.00
-1.12 6.43 -0.12 6.42 0.00
-1.06 6.50 -0.08 6.32 0.00
-1.02 6.50 -0.06 6.22 0.00
-0.96 6.44 0.02 6.23 0.00
-0.95 6.43 -0.14 5.85 0.00
-0.91 6.45 -0.02 5.98 0.00
-0.87 6.44 0.01 5.97 0.00
-0.81 6.43 0.08 5.99 0.00
-0.78 6.43 0.07 5.91 0.00
-0.74 6.42 0.07 5.85 0.00
-0.71 6.41 0.07 5.78 0.00
-0.68 6.39 0.07 5.73 0.00
-0.64 6.37 0.09 5.68 0.00
-0.60 6.34 0.13 5.67 0.00
-0.58 6.31 0.17 5.64 0.00
-0.54 6.28 0.16 5.57 0.00
-0.51 6.25 0.17 5.52 0.00
-0.48 6.23 0.22 5.51 0.00
-0.44 6.20 0.23 5.45 0.00
-0.41 6.16 0.25 5.41 0.00
-0.38 6.13 0.28 5.38 0.00
-0.35 6.10 0.30 5.34 0.00
-0.32 6.07 0.33 5.30 0.00
-0.29 6.03 0.33 5.25 0.00
-0.26 6.00 0.30 5.17 0.00
-0.23 5.97 0.26 5.10 0.00
-0.21 5.94 0.22 5.03 0.00
-0.18 5.90 0.19 4.97 0.00
-0.15 5.87 0.15 4.92 0.00
-0.13 5.84 0.12 4.87 0.00
-0.11 5.80 0.12 4.83 0.00
-0.10 5.76 0.12 4.79 0.00
-0.09 5.71 0.15 4.74 0.00
-0.08 5.67 0.15 4.70 0.00
-0.07 5.63 0.16 4.65 0.00
-0.04 5.60 0.08 4.61 0.00
-0.02 5.57 0.02 4.57 0.00
-0.01 5.52 0.01 4.52 0.00
-0.01 5.48 0.01 4.48 0.00
-0.01 5.44 0.00 4.44 0.00
-0.01 5.40 0.00 4.40 0.00
-0.01 5.36 0.00 4.36 0.00
-0.01 5.32 -0.01 4.32 0.00
-0.01 5.28 -0.01 4.28 0.00
-0.01 5.23 -0.02 4.23 0.00
-0.01 5.19 -0.03 4.19 0.00
-0.01 5.15 -0.04 4.15 0.00
-0.01 5.11 -0.05 4.11 0.00
-0.01 5.07 -0.06 4.07 0.00
-0.01 5.03 -0.06 4.03 0.00
-0.01 4.99 -0.06 3.99 0.00
-0.01 4.95 -0.07 3.95 0.00
-0.01 4.91 -0.10 3.91 0.00
-0.01 4.87 -0.12 3.87 0.00
-0.01 4.82 -0.13 3.83 0.00
-0.02 4.78 -0.15 3.79 0.00
-0.02 4.74 -0.16 3.75 0.00
-0.03 4.70 -0.16 3.71 0.00
-0.03 4.66 -0.17 3.67 0.00
-0.04 4.62 -0.18 3.63 0.00
-0.04 4.58 -0.17 3.58 0.00
-0.05 4.53 -0.17 3.54 0.00
-0.05 4.49 -0.18 3.50 0.00
-0.06 4.45 -0.20 3.46 0.00
-0.06 4.41 -0.22 3.42 0.00
-0.07 4.37 -0.23 3.38 0.00
-0.07 4.33 -0.25 3.34 0.00
-0.08 4.29 -0.26 3.31 0.00
-0.09 4.25 -0.27 3.27 0.00
-0.10 4.21 -0.29 3.23 0.00
-0.10 4.17 -0.30 3.19 0.00
-0.11 4.13 -0.31 3.15 0.00
-0.12 4.09 -0.32 3.11 0.00
-0.13 4.05 -0.34 3.07 0.00
-0.14 4.01 -0.34 3.03 0.00
-0.14 3.97 -0.34 2.99 0.00
-0.15 3.93 -0.35 2.95 0.00
-0.16 3.90 -0.35 2.91 0.00
-0.17 3.86 -0.36 2.87 0.00
-0.18 3.82 -0.37 2.84 0.00
-0.19 3.78 -0.37 2.80 0.00
-0.19 3.74 -0.39 2.76 0.00
-0.20 3.70 -0.40 2.72 0.00
-0.20 3.70 -1.03 3.14 1.00
-0.24 3.68 -1.05 3.10 0.00
-0.27 3.65 -1.07 3.05 0.00
-0.31 3.64 -1.07 2.99 0.00
-0.35 3.62 -1.09 2.95 0.00
-0.39 3.63 -1.02 2.86 0.00
-0.42 3.57 -1.10 2.84 0.00
-0.48 3.54 -0.99 2.68 0.00
-0.48 3.50 -1.19 2.80 0.00
-0.51 3.48 -1.23 2.77 0.00
-0.55 3.45 -1.30 2.80 0.00
-0.57 3.41 -1.26 2.68 0.00
-0.62 3.40 -1.40 2.78 0.00
-0.64 3.36 -1.34 2.64 0.00
-0.66 3.33 -1.37 2.63 0.00
-0.69 3.30 -1.39 2.60 0.00
-0.72 3.27 -1.42 2.57 0.00
-0.75 3.24 -1.35 2.44 0.00
-0.79 3.21 -1.31 2.36 0.00
-0.82 3.17 -1.26 2.27 0.00
-0.86 3.14 -1.20 2.20 0.00
-0.89 3.11 -1.13 2.14 0.00
-0.92 3.07 -1.07 2.08 0.00
-0.93 3.03 -1.08 2.04 0.00
-0.94 2.99 -1.09 2.01 0.00
-0.94 2.95 -1.14 1.97 0.00
-0.95 2.91 -1.16 1.93 0.00
-0.96 2.87 -1.19 1.90 0.00
-0.96 2.83 -1.24 1.87 0.00
-0.97 2.79 -1.25 1.83 0.00
-0.98 2.75 -1.27 1.79 0.00
-0.99 2.71 -1.31 1.77 0.00
-1.00 2.67 -1.32 1.73 0.00
-1.01 2.64 -1.29 1.68 0.00
-1.03 2.60 -1.22 1.62 0.00
-1.04 2.56 -1.15 1.56 0.00
-1.05 2.52 -1.08 1.52 0.00
-1.07 2.48 -1.01 1.48 0.00
-1.08 2.44 -0.95 1.45 0.00
-1.09 2.40 -0.89 1.42 0.00
-1.09 2.36 -0.86 1.39 0.00
-1.08 2.32 -0.85 1.35 0.00
-1.07 2.28 -0.85 1.31 0.00
-1.06 2.24 -0.84 1.27 0.00
-1.05 2.20 -0.82 1.23 0.00
-1.04 2.16 -0.80 1.19 0.00
-1.03 2.13 -0.78 1.16 0.00
-1.03 2.09 -0.76 1.12 0.00
-1.02 2.05 -0.75 1.08 0.00
-1.01 2.00 -0.72 1.05 0.00
-1.00 1.96 -0.70 1.01 0.00
-0.99 1.92 -0.68 0.97 0.00
-0.98 1.89 -0.67 0.93 0.00
-0.96 1.85 -0.65 0.90 0.00
-0.95 1.81 -0.64 0.86 0.00
-0.94 1.77 -0.62 0.82 0.00
-0.92 1.74 -0.55 0.81 0.00
-0.92 1.69 -0.61 0.74 0.00
-0.90 1.65 -0.56 0.71 0.00
-0.89 1.62 -0.56 0.67 0.00
-0.88 1.58 -0.53 0.64 0.00
-0.84 1.53 -0.55 0.57 0.00
-0.84 1.49 -0.41 0.59 0.00
-0.82 1.45 -0.33 0.58 0.00
-0.82 1.40 -0.30 0.54 0.00
-0.81 1.41 -1.09 0.45 1.00
-0.82 1.39 -1.75 1.02 1.00
-0.80 1.44 -1.69 1.90 1.00
-0.84 1.46 -1.73 1.92 0.00
-0.87 1.48 -1.80 1.86 0.00
-0.91 1.50 -1.84 1.88 0.00
-0.94 1.50 -1.89 1.83 0.00
-0.97 1.54 -1.95 1.73 0.00
-1.04 1.57 -2.04 1.49 0.00
-1.07 1.57 -2.07 1.52 0.00
-1.09 1.58 -2.09 1.61 0.00
-1.16 1.62 -2.14 1.39 0.00
-1.21 1.59 -2.17 1.34 0.00
-1.24 1.59 -2.22 1.42 0.00
-1.26 1.57 -2.25 1.39 0.00
-1.32 1.58 -2.26 1.25 0.00
-1.35 1.59 -2.29 1.25 0.00
-1.36 1.60 -2.32 1.30 0.00
-1.45 1.58 -2.17 0.88 0.00
-1.44 1.60 -2.44 1.61 1.00
-1.49 1.61 -2.48 1.57 0.00
-1.53 1.62 -2.53 1.55 0.00
-1.56 1.62 -2.56 1.60 0.00
-1.59 1.62 -2.59 1.59 0.00
-1.65 1.60 -2.64 1.46 0.00
-1.69 1.62 -2.67 1.41 0.00
-1.72 1.60 -2.71 1.46 0.00
-1.74 1.60 -2.74 1.52 0.00
-1.80 1.61 -2.78 1.44 0.00
-1.83 1.61 -2.82 1.46 0.00
-1.89 1.58 -2.82 1.21 0.00
-1.91 1.56 -2.85 1.21 0.00
-1.96 1.56 -2.84 1.08 0.00
-1.99 1.55 -2.88 1.09 0.00
-2.02 1.54 -2.84 0.96 0.00
-2.06 1.52 -2.82 0.88 0.00
-2.07 1.53 -3.07 1.55 1.00
-2.06 1.54 -2.70 2.31 1.00
-2.07 1.62 -2.57 2.49 0.00
-2.11 1.63 -2.73 2.41 0.00
-2.14 1.64 -2.84 2.35 0.00
-2.16 1.67 -2.87 2.37 0.00
-2.19 1.70 -2.92 2.38 0.00
-2.21 1.73 -2.95 2.41 0.00
-2.23 1.75 -3.02 2.37 0.00
-2.25 1.78 -3.04 2.39 0.00
-2.24 1.83 -3.15 2.24 0.00
-2.31 1.84 -3.18 2.33 0.00
-2.36 1.83 -3.12 2.48 0.00
-2.38 1.86 -3.25 2.36 0.00
-2.41 1.87 -3.30 2.32 0.00
-2.42 1.92 -3.38 2.20 0.00
-2.44 1.92 -3.38 2.24 0.00
-2.49 1.95 -3.45 2.22 0.00
-2.49 1.96 -3.00 2.82 1.00
-2.49 1.96 -2.20 2.92 1.00
-2.46 1.99 -2.05 2.91 0.00
-2.46 2.04 -2.03 2.94 0.00
-2.43 2.06 -1.85 2.88 0.00
-2.42 2.11 -1.79 2.88 0.00
-2.43 2.15 -1.79 2.91 0.00
-2.42 2.19 -1.69 2.87 0.00
-2.38 2.22 -1.57 2.80 0.00
-2.37 2.25 -1.63 2.92 0.00
-2.34 2.26 -1.57 2.90 0.00
-2.27 2.30 -1.37 2.73 0.00
-2.27 2.32 -1.39 2.79 0.00
-2.25 2.35 -1.50 3.01 0.00
-2.22 2.37 -1.37 2.91 0.00
-2.20 2.41 -1.36 2.95 0.00
-2.16 2.43 -1.32 2.98 0.00
-2.13 2.46 -1.28 2.98 0.00
-2.10 2.48 -1.23 2.98 0.00
-2.06 2.50 -1.19 2.99 0.00
-2.03 2.52 -1.14 2.99 0.00
-1.99 2.55 -1.10 2.99 0.00
-1.96 2.57 -1.05 2.98 0.00
-1.92 2.59 -1.00 2.98 0.00
-1.88 2.61 -0.96 2.99 0.00
-1.85 2.63 -0.92 2.99 0.00
-1.81 2.64 -0.87 2.99 0.00
-1.77 2.66 -0.83 2.99 0.00
-1.73 2.68 -0.79 3.01 0.00
-1.69 2.70 -0.74 2.99 0.00
-1.65 2.70 -0.72 3.06 0.00
-1.61 2.72 -0.66 3.02 0.00
-1.57 2.73 -0.61 3.02 0.00
-1.53 2.75 -0.57 3.03 0.00
-1.49 2.76 -0.51 2.97 0.00
-1.45 2.77 -0.46 2.92 0.00
-1.41 2.78 -0.42 2.92 0.00
-1.37 2.80 -0.38 2.91 0.00
-1.34 2.81 -0.34 2.89 0.00
-1.29 2.81 -0.30 2.89 0.00
-1.25 2.82 -0.26 2.90 0.00
-1.21 2.82 -0.22 2.92 0.00
-1.17 2.82 -0.18 2.92 0.00
