4.70 3.20 5.69 3.09 0.00
4.73 3.20 5.72 3.00 0.00
4.78 3.19 5.74 2.89 0.00
4.82 3.18 5.76 2.83 0.00
4.86 3.18 5.77 2.75 0.00
4.91 3.17 5.76 2.64 0.00
4.95 3.17 5.75 2.57 0.00
4.98 3.16 5.75 2.51 0.00
5.01 3.14 5.77 2.49 0.00
5.05 3.12 5.80 2.46 0.00
5.07 3.10 5.83 2.45 0.00
5.09 3.06 5.86 2.42 0.00
5.11 3.04 5.83 2.35 0.00
5.15 3.01 5.90 2.34 0.00
5.19 2.99 5.92 2.31 0.00
5.21 2.96 5.93 2.27 0.00
5.24 2.94 5.98 2.26 0.00
5.27 2.91 5.97 2.20 0.00
5.31 2.88 5.95 2.11 0.00
5.33 2.86 5.87 2.01 0.00
5.36 2.83 5.78 1.91 0.00
5.38 2.79 5.75 1.86 0.00
5.43 2.76 5.69 1.80 0.00
5.46 2.73 5.63 1.75 0.00
5.48 2.70 5.46 1.70 0.00
5.48 2.65 5.51 1.65 0.00
5.48 2.63 5.47 1.63 0.00
5.49 2.56 5.46 1.56 0.00
5.48 2.52 5.48 1.52 0.00
5.48 2.48 5.46 1.48 0.00
5.48 2.44 5.45 1.44 0.00
5.48 2.40 5.48 1.40 0.00
5.48 2.35 5.48 1.35 0.00
5.48 2.31 5.30 1.32 0.00
5.49 2.27 5.24 1.30 0.00
5.48 2.22 5.14 1.28 0.00
5.48 2.18 5.11 1.25 0.00
5.48 2.14 5.02 1.25 0.00
5.47 2.09 4.95 1.24 0.00
5.45 2.05 4.89 1.21 0.00
5.43 2.02 4.98 1.13 0.00
5.41 2.00 4.75 1.25 0.00
5.37 1.94 4.88 1.07 0.00
5.33 1.90 4.71 1.12 0.00
5.32 1.85 4.68 1.09 0.00
5.29 1.82 4.62 1.08 0.00
5.28 1.78 4.51 1.13 0.00
5.25 1.73 4.48 1.09 0.00
5.21 1.70 4.42 1.09 0.00
5.16 1.67 4.34 1.10 0.00
5.11 1.62 4.31 1.03 0.00
5.10 1.59 4.27 1.04 0.00
5.05 1.57 4.23 0.99 0.00
5.00 1.53 4.18 0.96 0.00
4.96 1.50 4.14 0.93 0.00
4.91 1.47 4.09 0.90 0.00
4.87 1.44 4.04 0.87 0.00
4.83 1.41 4.00 0.85 0.00
4.78 1.38 3.95 0.82 0.00
4.74 1.35 3.90 0.80 0.00
4.70 1.32 3.86 0.78 0.00
4.65 1.29 3.80 0.77 0.00
4.61 1.26 3.75 0.75 0.00
4.58 1.24 3.73 0.71 0.00
4.52 1.20 3.66 0.69 0.00
4.46 1.18 3.63 0.63 0.00
4.43 1.17 3.54 0.71 0.00
4.39 1.12 3.47 0.73 0.00
4.33 1.09 3.43 0.65 0.00
4.28 1.04 3.37 0.63 0.00
4.23 1.03 3.30 0.68 0.00
4.19 1.00 3.24 0.72 0.00
4.14 0.97 3.17 0.74 0.00
4.11 0.94 3.12 0.80 0.00
4.06 0.94 3.08 0.74 0.00
4.00 0.93 3.01 0.79 0.00
3.97 0.93 2.99 0.75 0.00
3.91 0.90 2.92 0.78 0.00
3.88 0.89 2.88 0.87 0.00
3.84 0.86 2.84 0.94 0.00
3.79 0.88 2.80 1.05 0.00
3.75 0.88 2.76 1.05 0.00
3.70 0.90 2.71 1.00 0.00
3.66 0.91 2.67 1.02 0.00
3.60 0.92 2.61 0.99 0.00
3.56 0.92 2.56 0.97 0.00
3.52 0.92 2.52 0.99 0.00
3.48 0.93 2.49 1.02 0.00
3.45 0.93 2.45 0.99 0.00
3.41 0.93 2.41 1.01 0.00
3.36 0.94 2.36 1.02 0.00
3.32 0.94 2.32 1.03 0.00
3.28 0.95 2.29 1.01 0.00
3.23 0.95 2.23 1.00 0.00
3.19 0.95 2.20 1.05 0.00
3.14 0.96 2.14 1.07 0.00
3.11 0.95 2.12 1.04 0.00
3.07 0.97 2.08 1.00 0.00
3.02 0.96 2.02 1.00 0.00
2.99 0.97 1.99 0.99 0.00
2.95 0.98 1.95 0.97 0.00
2.89 0.98 1.89 0.97 0.00
2.83 0.99 1.84 0.95 0.00
2.80 0.98 1.80 0.96 0.00
2.76 0.98 1.76 0.94 0.00
2.71 0.98 1.71 0.99 0.00
2.66 0.98 1.67 0.94 0.00
2.62 0.97 1.62 0.95 0.00
2.57 0.97 1.57 0.94 0.00
2.54 0.97 1.54 0.94 0.00
2.50 0.97 1.50 0.95 0.00
2.46 0.98 1.46 0.95 0.00
2.42 0.98 1.42 1.01 0.00
2.37 1.03 1.37 1.08 0.00
2.33 1.01 1.33 1.00 0.00
2.28 1.03 1.28 1.03 0.00
2.26 1.03 1.26 1.02 0.00
2.22 0.99 1.22 0.87 0.00
2.20 1.00 1.20 1.03 0.00
2.12 1.01 1.13 1.06 0.00
2.10 1.00 1.11 1.10 0.00
2.05 0.99 1.07 1.16 0.00
2.00 1.02 1.02 1.24 0.00
1.95 1.00 0.98 1.24 0.00
1.92 0.99 0.93 1.16 0.00
1.87 0.99 0.89 1.16 0.00
1.84 0.99 0.85 1.16 0.00
1.82 0.99 0.86 1.29 0.00
1.76 1.00 0.80 1.27 0.00
1.70 1.01 0.71 1.15 0.00
1.64 1.03 0.66 1.24 0.00
1.63 1.04 0.65 1.24 0.00
1.59 1.05 0.61 1.21 0.00
1.55 1.06 0.56 1.21 0.00
1.51 1.07 0.52 1.21 0.00
1.47 1.08 0.48 1.21 0.00
1.42 1.08 0.43 1.19 0.00
1.39 1.09 0.40 1.21 0.00
1.34 1.10 0.36 1.26 0.00
1.30 1.10 0.31 1.23 0.00
1.25 1.11 0.26 1.24 0.00
1.21 1.11 0.22 1.25 0.00
1.17 1.12 0.18 1.26 0.00
1.12 1.12 0.14 1.28 0.00
1.08 1.13 0.09 1.29 0.00
1.04 1.13 0.07 1.37 0.00
1.00 1.13 0.04 1.41 0.00
0.96 1.14 0.01 1.43 0.00
0.92 1.15 -0.03 1.45 0.00
0.88 1.16 -0.07 1.47 0.00
0.84 1.17 -0.11 1.48 0.00
0.80 1.19 -0.16 1.49 0.00
0.75 1.20 -0.20 1.50 0.00
0.71 1.21 -0.24 1.52 0.00
0.67 1.23 -0.28 1.52 0.00
0.63 1.24 -0.33 1.53 0.00
0.59 1.25 -0.37 1.53 0.00
0.55 1.27 -0.41 1.54 0.00
0.51 1.28 -0.46 1.53 0.00
0.48 1.29 -0.49 1.54 0.00
0.44 1.32 -0.54 1.52 0.00
0.45 1.31 -0.12 2.13 1.00
0.45 1.31 0.62 2.30 1.00
0.48 1.35 0.57 2.35 0.00
0.49 1.39 0.54 2.39 0.00
0.50 1.43 0.52 2.43 0.00
0.50 1.47 0.47 2.47 0.00
0.51 1.51 0.44 2.51 0.00
0.52 1.55 0.44 2.54 0.00
0.52 1.58 0.44 2.58 0.00
0.51 1.62 0.42 2.62 0.00
0.51 1.66 0.42 2.66 0.00
0.50 1.71 0.31 2.69 0.00
0.50 1.74 0.25 2.71 0.00
0.49 1.78 0.15 2.72 0.00
0.50 1.82 0.08 2.73 0.00
0.49 1.88 -0.08 2.70 0.00
0.50 1.91 -0.22 2.61 0.00
0.48 1.94 -0.23 2.65 0.00
0.49 1.95 0.50 2.95 1.00
0.50 1.99 0.48 2.99 0.00
0.50 2.03 0.39 3.02 0.00
0.50 2.07 0.35 3.06 0.00
0.51 2.11 0.33 3.10 0.00
0.50 2.15 0.31 3.13 0.00
0.49 2.19 0.31 3.17 0.00
0.48 2.23 0.32 3.22 0.00
0.48 2.27 0.20 3.23 0.00
0.47 2.31 0.08 3.23 0.00
0.46 2.35 -0.05 3.21 0.00
0.46 2.39 -0.18 3.16 0.00
0.47 2.42 -0.27 3.09 0.00
0.45 2.48 -0.41 2.98 0.00
0.45 2.52 -0.45 2.94 0.00
0.40 2.54 -0.52 2.92 0.00
0.37 2.55 -0.54 2.98 0.00
0.40 2.59 -0.16 3.41 1.00
0.44 2.59 0.67 3.56 1.00
0.45 2.62 0.64 3.61 0.00
0.46 2.66 0.60 3.65 0.00
0.48 2.70 0.54 3.70 0.00
0.48 2.74 0.49 3.74 0.00
0.49 2.79 0.42 3.78 0.00
0.50 2.83 0.35 3.82 0.00
0.51 2.87 0.30 3.85 0.00
0.51 2.90 0.29 3.88 0.00
0.50 2.95 0.27 3.92 0.00
0.49 2.99 0.24 3.96 0.00
0.49 3.04 0.22 4.00 0.00
0.49 3.07 0.12 4.00 0.00
0.47 3.12 0.05 4.03 0.00
0.46 3.16 -0.06 4.02 0.00
0.45 3.20 -0.17 3.99 0.00
0.44 3.25 -0.30 3.92 0.00
0.44 3.29 -0.37 3.88 0.00
0.42 3.35 -0.46 3.82 0.00
0.36 3.37 -0.51 3.86 0.00
0.31 3.39 -0.56 3.88 0.00
0.27 3.42 -0.62 3.87 0.00
0.24 3.41 -0.68 3.81 0.00
0.21 3.47 -0.75 3.76 0.00
0.17 3.49 -0.81 3.70 0.00
0.13 3.50 -0.86 3.67 0.00
0.10 3.52 -0.90 3.56 0.00
0.06 3.54 -0.94 3.58 0.00
-0.00 3.57 -0.98 3.34 0.00
-0.06 3.60 -1.06 3.63 0.00
-0.09 3.57 -1.04 3.25 0.00
-0.11 3.56 -1.10 3.40 0.00
-0.14 3.57 -1.11 3.35 0.00
-0.16 3.57 -1.13 3.33 0.00
-0.19 3.57 -1.17 3.35 0.00
-0.27 3.58 -1.21 3.23 0.00
-0.30 3.53 -1.20 3.10 0.00
-0.34 3.52 -1.20 3.01 0.00
-0.38 3.51 -1.19 2.92 0.00
-0.41 3.50 -1.17 2.85 0.00
-0.45 3.48 -1.14 2.75 0.00
-0.51 3.45 -1.01 2.59 0.00
-0.53 3.43 -1.14 2.63 0.00
-0.55 3.41 -1.19 2.64 0.00
-0.58 3.40 -1.29 2.69 0.00
-0.63 3.37 -1.31 2.64 0.00
-0.67 3.30 -1.20 2.46 0.00
-0.67 3.28 -1.21 2.44 0.00
-0.69 3.24 -1.23 2.40 0.00
-0.72 3.21 -1.19 2.32 0.00
-0.75 3.17 -1.18 2.27 0.00
-0.77 3.14 -1.18 2.22 0.00
-0.79 3.09 -1.13 2.15 0.00
-0.82 3.06 -1.20 2.13 0.00
-0.84 3.01 -1.24 2.09 0.00
-0.86 2.96 -1.28 2.06 0.00
-0.88 2.91 -1.33 2.02 0.00
-0.90 2.87 -1.38 1.99 0.00
-0.92 2.82 -1.43 1.96 0.00
-0.93 2.77 -1.49 1.94 0.00
-0.96 2.73 -1.54 1.92 0.00
-0.98 2.68 -1.58 1.88 0.00
-1.01 2.64 -1.63 1.86 0.00
-1.03 2.60 -1.63 1.80 0.00
-1.06 2.56 -1.61 1.73 0.00
-1.09 2.53 -1.56 1.65 0.00
-1.12 2.50 -1.56 1.60 0.00
-1.14 2.46 -1.55 1.55 0.00
-1.17 2.43 -1.54 1.50 0.00
-1.18 2.39 -1.55 1.46 0.00
-1.20 2.35 -1.59 1.42 0.00
-1.22 2.31 -1.62 1.39 0.00
-1.23 2.27 -1.66 1.36 0.00
-1.25 2.23 -1.72 1.35 0.00
-1.27 2.19 -1.76 1.32 0.00
-1.28 2.15 -1.82 1.30 0.00
-1.30 2.11 -1.87 1.29 0.00
-1.32 2.07 -1.93 1.28 0.00
-1.33 2.04 -1.99 1.28 0.00
-1.36 2.00 -2.02 1.25 0.00
-1.38 1.98 -2.06 1.25 0.00
-1.41 1.95 -2.02 1.16 0.00
-1.44 1.92 -2.02 1.10 0.00
-1.46 1.89 -2.01 1.05 0.00
-1.49 1.86 -2.01 1.01 0.00
-1.52 1.83 -2.04 0.98 0.00
-1.55 1.79 -2.00 0.90 0.00
-1.57 1.76 -1.98 0.84 0.00
-1.60 1.72 -2.05 0.83 0.00
-1.60 1.68 -2.00 0.76 0.00
-1.62 1.65 -2.09 0.77 0.00
-1.62 1.60 -2.13 0.75 0.00
-1.66 1.56 -1.95 0.61 0.00
-1.68 1.52 -2.03 0.58 0.00
-1.70 1.49 -2.09 0.57 0.00
-1.69 1.45 -2.09 0.53 0.00
-1.71 1.43 -1.80 0.43 0.00
-1.72 1.43 -2.48 0.78 1.00
-1.71 1.45 -2.71 1.55 1.00
-1.74 1.46 -2.72 1.67 0.00
-1.79 1.47 -2.71 1.86 0.00
-1.84 1.46 -2.81 1.68 0.00
-1.88 1.46 -2.81 1.83 0.00
-1.92 1.46 -2.77 1.98 0.00
-1.96 1.45 -2.71 2.11 0.00
-2.01 1.47 -2.72 2.17 0.00
-2.05 1.47 -2.66 2.26 0.00
-2.08 1.48 -2.58 2.35 0.00
-2.09 1.54 -2.47 2.47 0.00
-2.10 1.62 -2.48 2.54 0.00
-2.13 1.60 -2.64 2.46 0.00
-2.17 1.63 -2.72 2.47 0.00
-2.19 1.64 -2.67 2.52 0.00
-2.21 1.68 -2.67 2.56 0.00
-2.23 1.71 -2.63 2.62 0.00
-2.24 1.76 -2.65 2.67 0.00
-2.25 1.79 -2.58 2.73 0.00
-2.26 1.84 -2.54 2.80 0.00
-2.25 1.87 -2.38 2.86 0.00
-2.26 1.84 -1.78 2.72 0.00
-2.30 1.97 -2.28 2.97 0.00
-2.31 2.00 -2.21 3.00 0.00
-2.34 2.00 -1.89 2.89 0.00
-2.32 2.04 -1.94 2.97 0.00
-2.28 2.08 -1.87 2.99 0.00
-2.27 2.11 -1.82 3.00 0.00
-2.26 2.15 -1.77 3.01 0.00
-2.24 2.19 -1.59 2.95 0.00
-2.24 2.21 -1.74 3.07 0.00
-2.23 2.25 -1.65 3.07 0.00
-2.21 2.29 -1.57 3.05 0.00
-2.18 2.32 -1.54 3.08 0.00
-2.15 2.35 -1.49 3.10 0.00
-2.13 2.39 -1.44 3.12 0.00
-2.10 2.42 -1.35 3.08 0.00
-2.07 2.45 -1.24 3.01 0.00
-2.05 2.49 -1.24 3.08 0.00
-2.01 2.52 -1.20 3.10 0.00
-1.99 2.55 -1.13 3.07 0.00
-1.95 2.58 -1.08 3.07 0.00
-1.91 2.60 -1.04 3.09 0.00
-1.87 2.62 -0.99 3.09 0.00
-1.84 2.64 -0.95 3.10 0.00
-1.80 2.66 -0.90 3.11 0.00
-1.76 2.69 -0.86 3.11 0.00
-1.72 2.71 -0.81 3.11 0.00
-1.69 2.73 -0.76 3.11 0.00
-1.64 2.75 -0.69 3.06 0.00
-1.59 2.77 -0.62 3.03 0.00
-1.54 2.79 -0.56 2.98 0.00
-1.49 2.81 -0.50 2.93 0.00
-1.44 2.83 -0.44 2.89 0.00
-1.39 2.85 -0.39 2.84 0.00
-1.34 2.86 -0.34 2.83 0.00
-1.30 2.86 -0.30 2.83 0.00
-1.26 2.86 -0.26 2.83 0.00
-1.21 2.85 -0.22 2.79 0.00
-1.17 2.85 -0.18 2.73 0.00
-1.13 2.85 -0.14 2.67 0.00
-1.08 2.85 -0.11 2.61 0.00
-1.04 2.85 -0.08 2.56 0.00
-1.00 2.85 -0.06 2.51 0.00
-0.95 2.85 -0.03 2.45 0.00
-0.92 2.84 -0.00 2.43 0.00
-0.88 2.82 0.03 2.41 0.00
-0.85 2.81 0.05 2.37 0.00
-0.83 2.78 -0.00 2.22 0.00
-0.80 2.76 0.01 2.18 0.00
-0.71 2.72 0.14 2.20 0.00
-0.73 2.73 -0.11 1.95 0.00
-0.69 2.74 -0.19 1.87 0.00
-0.65 2.73 -0.33 1.78 0.00
-0.61 2.68 -0.26 1.74 0.00
-0.64 2.63 -0.40 1.66 0.00
-0.61 2.61 -0.37 1.64 0.00
-0.57 2.53 -0.21 1.60 0.00
-0.58 2.48 -0.28 1.53 0.00
-0.55 2.47 -0.50 1.48 0.00
-0.53 2.40 -0.68 1.41 0.00
-0.58 2.35 -0.77 1.37 0.00
-0.60 2.31 -0.83 1.34 0.00
-0.59 2.27 -0.75 1.28 0.00
-0.55 2.25 -0.81 1.29 0.00
-0.59 2.22 -0.89 1.26 0.00
-0.59 2.14 -0.54 1.14 0.00
-0.56 2.12 -0.65 1.12 0.00
-0.59 2.10 -0.66 1.10 0.00
-0.59 2.03 -0.72 1.04 0.00
-0.58 2.00 -0.92 1.06 0.00
-0.61 1.95 -1.03 1.05 0.00
-0.61 1.93 -1.17 1.10 0.00
-0.62 1.89 -1.31 1.16 0.00
-0.62 1.87 -1.46 1.33 0.00
-0.65 1.80 -1.35 1.08 0.00
-0.65 1.79 -1.42 1.15 0.00
-0.68 1.76 -1.38 1.05 0.00
-0.72 1.73 -1.41 1.01 0.00
-0.75 1.70 -1.43 0.97 0.00
-0.78 1.67 -1.45 0.92 0.00
-0.81 1.64 -1.48 0.89 0.00
-0.84 1.61 -1.55 0.90 0.00
-0.88 1.58 -1.66 0.96 0.00
-0.91 1.53 -1.65 0.86 0.00
-0.94 1.51 -1.75 0.93 0.00
-0.95 1.48 -1.86 1.07 0.00
-0.98 1.46 -1.92 1.11 0.00
-1.02 1.41 -2.00 1.20 0.00
-1.06 1.39 -2.04 1.19 0.00
-1.10 1.39 -2.06 1.13 0.00
-1.13 1.38 -2.12 1.20 0.00
-1.16 1.37 -2.16 1.29 0.00
-1.20 1.36 -2.20 1.27 0.00
-1.25 1.36 -2.24 1.30 0.00
-1.30 1.36 -2.29 1.26 0.00
-1.34 1.36 -2.34 1.31 0.00
-1.37 1.35 -2.37 1.38 0.00
-1.42 1.35 -2.42 1.47 0.00
-1.47 1.35 -2.43 1.64 0.00
-1.51 1.34 -2.43 1.73 0.00
-1.55 1.34 -2.42 1.83 0.00
-1.60 1.33 -2.41 1.91 0.00
-1.63 1.34 -2.41 1.96 0.00
-1.66 1.36 -2.44 1.98 0.00
-1.70 1.40 -2.39 2.12 0.00
-1.72 1.43 -2.39 2.18 0.00
-1.76 1.44 -2.52 2.10 0.00
-1.78 1.47 -2.35 2.29 0.00
-1.74 1.52 -2.00 2.48 0.00
-1.82 1.55 -2.19 2.48 0.00
-1.86 1.62 -2.28 2.53 0.00
-1.89 1.63 -2.10 2.61 0.00
-1.91 1.65 -2.04 2.65 0.00
-1.94 1.69 -1.93 2.69 0.00
-1.97 1.72 -1.85 2.72 0.00
-1.97 1.76 -1.86 2.76 0.00
-1.96 1.80 -1.85 2.80 0.00
-1.96 1.84 -1.85 2.83 0.00
-1.95 1.88 -1.83 2.87 0.00
-1.95 1.91 -1.81 2.91 0.00
-1.94 1.95 -1.78 2.94 0.00
-1.94 1.99 -1.74 2.97 0.00
-1.93 2.03 -1.72 3.01 0.00
-1.93 2.07 -1.69 3.04 0.00
-1.92 2.11 -1.69 3.08 0.00
-1.91 2.15 -1.68 3.12 0.00
-1.90 2.19 -1.67 3.17 0.00
-1.89 2.23 -1.66 3.21 0.00
-1.88 2.28 -1.64 3.25 0.00
-1.87 2.33 -1.64 3.30 0.00
-1.86 2.35 -1.54 3.30 0.00
-1.85 2.40 -1.62 3.37 0.00
-1.84 2.44 -1.58 3.41 0.00
-1.83 2.48 -1.57 3.44 0.00
-1.82 2.52 -1.55 3.48 0.00
-1.81 2.56 -1.52 3.51 0.00
-1.80 2.59 -1.50 3.55 0.00
-1.79 2.63 -1.47 3.58 0.00
-1.78 2.67 -1.44 3.61 0.00
-1.77 2.71 -1.42 3.64 0.00
-1.75 2.74 -1.43 3.69 0.00
-1.73 2.78 -1.42 3.73 0.00
-1.72 2.82 -1.39 3.76 0.00
-1.71 2.86 -1.38 3.80 0.00
-1.69 2.90 -1.37 3.84 0.00
-1.68 2.94 -1.37 3.89 0.00
-1.67 2.98 -1.36 3.93 0.00
-1.65 3.01 -1.36 3.97 0.00
-1.64 3.05 -1.35 4.01 0.00
-1.63 3.09 -1.35 4.05 0.00
-1.62 3.13 -1.34 4.09 0.00
-1.60 3.17 -1.33 4.13 0.00
-1.59 3.20 -1.33 4.17 0.00
-1.58 3.24 -1.31 4.21 0.00
-1.57 3.28 -1.32 4.25 0.00
-1.56 3.32 -1.31 4.29 0.00
-1.54 3.36 -1.33 4.33 0.00
-1.53 3.39 -1.36 4.38 0.00
-1.51 3.43 -1.38 4.42 0.00
-1.51 3.47 -1.40 4.46 0.00
-1.50 3.51 -1.42 4.50 0.00
-1.49 3.54 -1.47 4.54 0.00
-1.49 3.58 -1.52 4.58 0.00
-1.49 3.62 -1.57 4.61 0.00
-1.48 3.66 -1.63 4.65 0.00
-1.48 3.69 -1.67 4.68 0.00
-1.48 3.73 -1.70 4.71 0.00
-1.48 3.77 -1.71 4.74 0.00
-1.49 3.81 -1.71 4.79 0.00
-1.50 3.85 -1.71 4.83 0.00
-1.51 3.89 -1.71 4.87 0.00
-1.52 3.93 -1.71 4.91 0.00
-1.52 3.97 -1.76 4.94 0.00
-1.53 4.01 -1.82 4.97 0.00
-1.54 4.05 -1.88 4.99 0.00
-1.54 4.09 -1.94 5.01 0.00
-1.55 4.13 -1.99 5.03 0.00
-1.56 4.18 -2.05 5.05 0.00
-1.57 4.21 -2.11 5.06 0.00
-1.59 4.25 -2.15 5.08 0.00
-1.61 4.28 -2.18 5.09 0.00
-1.62 4.31 -2.22 5.11 0.00
-1.64 4.34 -2.27 5.12 0.00
-1.66 4.37 -2.33 5.11 0.00
-1.68 4.39 -2.38 5.11 0.00
-1.70 4.42 -2.44 5.10 0.00
-1.72 4.45 -2.49 5.10 0.00
-1.75 4.48 -2.54 5.09 0.00
-1.77 4.50 -2.59 5.08 0.00
-1.81 4.53 -2.64 5.08 0.00
-1.84 4.55 -2.69 5.08 0.00
