3.20 -4.00 4.14 -4.33 0.00
3.20 -4.00 3.63 -4.90 1.00
3.21 -4.04 3.65 -4.94 0.00
3.24 -4.07 3.62 -5.00 0.00
3.25 -4.11 3.57 -5.06 0.00
3.27 -4.15 3.51 -5.12 0.00
3.28 -4.19 3.43 -5.18 0.00
3.30 -4.22 3.44 -5.21 0.00
3.32 -4.25 3.35 -5.25 0.00
3.32 -4.29 3.31 -5.29 0.00
3.33 -4.31 3.26 -5.30 0.00
3.32 -4.36 3.17 -5.35 0.00
3.33 -4.42 3.24 -5.41 0.00
3.33 -4.45 3.27 -5.45 0.00
3.33 -4.49 3.25 -5.49 0.00
3.33 -4.54 3.24 -5.53 0.00
3.33 -4.58 3.22 -5.58 0.00
3.33 -4.62 3.23 -5.62 0.00
3.32 -4.66 3.19 -5.65 0.00
3.32 -4.70 3.10 -5.68 0.00
3.31 -4.74 2.95 -5.67 0.00
3.31 -4.79 2.85 -5.67 0.00
3.31 -4.80 2.78 -5.65 0.00
3.30 -4.86 2.67 -5.64 0.00
3.29 -4.90 2.59 -5.62 0.00
3.29 -4.95 2.53 -5.61 0.00
3.25 -4.98 2.48 -5.63 0.00
3.22 -5.00 2.48 -5.68 0.00
3.17 -5.04 2.40 -5.68 0.00
3.14 -5.09 2.34 -5.69 0.00
3.09 -5.12 2.28 -5.71 0.00
3.05 -5.13 2.23 -5.71 0.00
3.01 -5.19 2.16 -5.72 0.00
2.96 -5.24 2.13 -5.80 0.00
2.96 -5.25 1.97 -5.10 1.00
2.96 -5.25 2.38 -4.44 1.00
2.95 -5.25 3.03 -4.25 1.00
2.96 -5.20 3.02 -4.20 0.00
2.97 -5.13 3.02 -4.13 0.00
2.97 -5.11 3.02 -4.11 0.00
2.97 -5.08 3.06 -4.09 0.00
2.98 -5.05 3.07 -4.05 0.00
2.99 -4.99 3.07 -3.99 0.00
2.99 -4.97 2.97 -3.97 0.00
2.99 -4.93 2.85 -3.94 0.00
2.99 -4.87 2.75 -3.90 0.00
3.00 -4.85 2.67 -3.90 0.00
3.00 -4.81 2.59 -3.90 0.00
3.00 -4.77 2.53 -3.89 0.00
3.01 -4.71 2.50 -3.85 0.00
2.99 -4.68 2.48 -3.82 0.00
2.95 -4.64 2.43 -3.79 0.00
2.94 -4.60 2.44 -3.73 0.00
2.94 -4.59 3.18 -3.62 1.00
2.95 -4.54 3.25 -3.59 0.00
2.96 -4.52 3.27 -3.57 0.00
2.98 -4.46 3.35 -3.54 0.00
2.98 -4.44 3.34 -3.51 0.00
2.99 -4.40 3.38 -3.47 0.00
3.01 -4.35 3.40 -3.43 0.00
3.02 -4.33 3.45 -3.42 0.00
3.04 -4.28 3.49 -3.39 0.00
3.05 -4.26 3.45 -3.34 0.00
3.08 -4.22 3.43 -3.28 0.00
3.08 -4.19 3.35 -3.23 0.00
3.09 -4.16 3.29 -3.18 0.00
3.11 -4.12 3.23 -3.12 0.00
3.13 -4.10 3.15 -3.10 0.00
3.14 -4.07 3.12 -3.07 0.00
3.15 -4.03 3.08 -3.03 0.00
3.14 -3.99 3.07 -2.99 0.00
3.14 -3.95 3.04 -2.96 0.00
3.14 -3.91 2.99 -2.92 0.00
3.14 -3.87 2.90 -2.90 0.00
3.13 -3.83 2.80 -2.89 0.00
3.14 -3.79 2.69 -2.89 0.00
3.13 -3.75 2.60 -2.90 0.00
3.12 -3.71 2.54 -2.89 0.00
3.11 -3.67 2.49 -2.89 0.00
3.10 -3.63 2.44 -2.88 0.00
3.07 -3.60 2.40 -2.86 0.00
3.04 -3.56 2.36 -2.83 0.00
3.01 -3.51 2.35 -2.77 0.00
2.97 -3.49 2.25 -2.79 0.00
2.94 -3.45 2.18 -2.81 0.00
2.90 -3.41 2.12 -2.79 0.00
2.88 -3.38 2.08 -2.78 0.00
2.84 -3.35 2.02 -2.78 0.00
2.81 -3.33 1.99 -2.75 0.00
2.78 -3.29 1.93 -2.76 0.00
2.76 -3.27 1.90 -2.74 0.00
2.71 -3.23 1.80 -2.83 0.00
2.68 -3.22 1.77 -2.82 0.00
2.64 -3.19 1.68 -2.93 0.00
2.60 -3.18 1.62 -2.98 0.00
2.57 -3.15 1.57 -3.04 0.00
2.52 -3.13 1.52 -3.12 0.00
2.49 -3.13 1.49 -3.13 0.00
2.44 -3.12 1.44 -3.14 0.00
2.40 -3.13 1.40 -3.14 0.00
2.36 -3.12 1.36 -3.16 0.00
2.31 -3.12 1.32 -3.21 0.00
2.27 -3.12 1.27 -3.22 0.00
2.23 -3.13 1.23 -3.23 0.00
2.18 -3.13 1.19 -3.27 0.00
2.14 -3.13 1.15 -3.26 0.00
2.12 -3.13 1.14 -3.31 0.00
2.05 -3.15 1.06 -3.26 0.00
2.01 -3.14 1.02 -3.30 0.00
1.96 -3.15 0.98 -3.34 0.00
1.93 -3.16 0.95 -3.35 0.00
1.89 -3.17 0.92 -3.40 0.00
1.84 -3.18 0.85 -3.35 0.00
1.79 -3.18 0.80 -3.32 0.00
1.77 -3.19 0.78 -3.35 0.00
1.71 -3.20 0.74 -3.44 0.00
1.67 -3.21 0.70 -3.44 0.00
1.60 -3.31 0.88 -4.00 0.00
1.56 -3.32 0.92 -4.08 0.00
1.52 -3.34 0.93 -4.14 0.00
1.49 -3.37 0.89 -4.17 0.00
1.47 -3.41 0.86 -4.21 0.00
1.44 -3.45 0.80 -4.22 0.00
1.41 -3.48 0.73 -4.21 0.00
1.39 -3.52 0.67 -4.22 0.00
1.36 -3.55 0.62 -4.22 0.00
1.33 -3.59 0.56 -4.22 0.00
1.31 -3.63 0.50 -4.22 0.00
1.28 -3.66 0.46 -4.23 0.00
1.24 -3.68 0.43 -4.26 0.00
1.21 -3.70 0.43 -4.33 0.00
1.18 -3.73 0.48 -4.45 0.00
1.14 -3.75 0.55 -4.55 0.00
1.11 -3.77 0.62 -4.64 0.00
1.07 -3.80 0.64 -4.70 0.00
1.05 -3.83 0.63 -4.74 0.00
1.03 -3.88 0.60 -4.78 0.00
1.01 -3.92 0.58 -4.82 0.00
0.99 -3.96 0.55 -4.86 0.00
0.97 -4.00 0.50 -4.89 0.00
0.95 -4.05 0.43 -4.90 0.00
0.95 -4.09 0.43 -4.94 0.00
0.96 -4.13 0.49 -5.01 0.00
0.92 -4.20 0.18 -4.87 0.00
0.88 -4.21 0.31 -5.03 0.00
0.82 -4.27 0.22 -5.07 0.00
0.82 -4.28 0.21 -5.08 0.00
0.78 -4.33 0.10 -5.07 0.00
0.75 -4.35 0.05 -5.07 0.00
0.73 -4.39 0.16 -5.22 0.00
0.73 -4.40 -0.25 -4.62 1.00
0.74 -4.39 0.00 -3.72 1.00
0.74 -4.39 0.72 -3.39 1.00
0.74 -4.39 1.42 -3.66 1.00
0.76 -4.38 1.50 -3.71 0.00
0.78 -4.33 1.61 -3.77 0.00
0.84 -4.29 1.68 -3.74 0.00
0.95 -4.34 1.88 -4.71 0.00
0.95 -4.23 1.93 -4.05 0.00
0.95 -4.19 1.91 -3.92 0.00
0.97 -4.18 1.94 -3.96 0.00
1.00 -4.17 1.98 -3.96 0.00
1.04 -4.16 2.02 -3.96 0.00
1.08 -4.15 2.06 -3.95 0.00
1.12 -4.14 2.10 -3.99 0.00
1.15 -4.13 2.15 -4.05 0.00
1.19 -4.13 2.19 -4.13 0.00
1.23 -4.12 2.23 -4.21 0.00
1.27 -4.11 2.25 -4.28 0.00
1.30 -4.10 2.27 -4.35 0.00
1.31 -4.10 1.81 -4.97 1.00
1.33 -4.14 1.85 -4.99 0.00
1.35 -4.18 1.78 -5.08 0.00
1.37 -4.21 1.69 -5.16 0.00
1.39 -4.25 1.61 -5.22 0.00
1.41 -4.28 1.53 -5.28 0.00
1.44 -4.32 1.43 -5.32 0.00
1.46 -4.36 1.36 -5.35 0.00
1.48 -4.39 1.30 -5.37 0.00
1.47 -4.43 1.29 -5.42 0.00
1.46 -4.48 1.27 -5.46 0.00
1.45 -4.53 1.26 -5.51 0.00
1.44 -4.57 1.27 -5.55 0.00
1.43 -4.61 1.29 -5.60 0.00
1.42 -4.65 1.31 -5.65 0.00
1.42 -4.70 1.32 -5.69 0.00
1.41 -4.74 1.34 -5.74 0.00
1.40 -4.78 1.34 -5.78 0.00
1.40 -4.82 1.33 -5.81 0.00
1.40 -4.86 1.31 -5.85 0.00
1.39 -4.90 1.26 -5.89 0.00
1.39 -4.94 1.19 -5.92 0.00
1.39 -4.98 1.11 -5.94 0.00
1.38 -5.02 1.03 -5.96 0.00
1.38 -5.06 0.95 -5.96 0.00
1.38 -5.10 0.88 -5.97 0.00
1.37 -5.14 0.82 -5.98 0.00
1.36 -5.18 0.77 -5.99 0.00
1.33 -5.22 0.72 -6.01 0.00
1.31 -5.26 0.68 -6.04 0.00
1.28 -5.30 0.63 -6.05 0.00
1.25 -5.33 0.56 -6.06 0.00
1.22 -5.37 0.50 -6.06 0.00
1.18 -5.39 0.49 -6.11 0.00
1.15 -5.42 0.48 -6.16 0.00
1.12 -5.45 0.46 -6.20 0.00
1.09 -5.48 0.44 -6.24 0.00
1.06 -5.51 0.41 -6.27 0.00
1.03 -5.54 0.39 -6.31 0.00
1.00 -5.58 0.37 -6.35 0.00
0.97 -5.61 0.35 -6.39 0.00
0.95 -5.64 0.34 -6.44 0.00
0.92 -5.67 0.33 -6.48 0.00
0.93 -5.79 0.01 -6.18 0.00
0.93 -5.76 0.17 -6.42 0.00
0.84 -5.76 0.36 -6.64 0.00
0.80 -5.81 0.17 -6.58 0.00
0.78 -5.85 0.16 -6.63 0.00
0.77 -5.88 0.08 -6.61 0.00
0.74 -5.91 0.04 -6.63 0.00
0.70 -5.93 0.08 -6.71 0.00
0.69 -5.98 0.14 -6.82 0.00
0.64 -6.00 0.07 -6.81 0.00
0.62 -6.04 0.06 -6.87 0.00
0.59 -6.08 0.08 -6.93 0.00
0.55 -6.11 0.13 -7.02 0.00
0.55 -6.15 -0.07 -6.94 0.00
0.54 -6.17 0.04 -7.03 0.00
0.43 -6.21 -0.28 -6.92 0.00
0.45 -6.27 -0.02 -7.15 0.00
0.44 -6.31 0.00 -7.20 0.00
0.40 -6.35 -0.03 -7.25 0.00
0.39 -6.37 -0.06 -7.27 0.00
0.38 -6.41 -0.05 -7.31 0.00
0.37 -6.45 -0.06 -7.35 0.00
0.35 -6.49 -0.06 -7.40 0.00
0.34 -6.52 0.03 -7.47 0.00
0.32 -6.56 0.13 -7.54 0.00
0.30 -6.60 0.22 -7.59 0.00
0.28 -6.63 0.32 -7.63 0.00
0.26 -6.67 0.43 -7.66 0.00
0.25 -6.71 0.48 -7.68 0.00
0.24 -6.74 0.54 -7.69 0.00
0.25 -6.78 0.52 -7.74 0.00
0.26 -6.83 0.55 -7.79 0.00
0.28 -6.87 0.59 -7.82 0.00
0.29 -6.92 0.61 -7.87 0.00
0.31 -6.96 0.66 -7.90 0.00
0.32 -7.00 0.67 -7.93 0.00
0.33 -7.04 0.74 -7.95 0.00
0.33 -7.04 0.75 -7.95 0.00
0.33 -7.04 -0.01 -7.98 1.00
0.31 -7.08 0.15 -8.06 0.00
0.29 -7.11 0.26 -8.11 0.00
0.28 -7.15 0.32 -8.15 0.00
0.26 -7.19 0.39 -8.18 0.00
0.25 -7.23 0.45 -8.21 0.00
0.25 -7.27 0.47 -8.24 0.00
0.26 -7.31 0.47 -8.29 0.00
0.27 -7.35 0.48 -8.33 0.00
0.28 -7.40 0.51 -8.37 0.00
0.29 -7.44 0.54 -8.41 0.00
0.30 -7.49 0.58 -8.44 0.00
0.31 -7.53 0.62 -8.48 0.00
0.32 -7.57 0.66 -8.51 0.00
0.32 -7.62 0.71 -8.54 0.00
0.33 -7.66 0.75 -8.57 0.00
0.35 -7.70 0.77 -8.60 0.00
0.35 -7.70 0.01 -8.64 1.00
0.33 -7.73 0.20 -8.72 0.00
0.32 -7.77 0.32 -8.77 0.00
0.30 -7.81 0.43 -8.80 0.00
0.29 -7.85 0.54 -8.82 0.00
0.27 -7.89 0.63 -8.82 0.00
0.26 -7.93 0.71 -8.82 0.00
0.28 -7.96 0.73 -8.85 0.00
0.30 -8.00 0.74 -8.90 0.00
0.32 -8.04 0.75 -8.94 0.00
0.34 -8.08 0.80 -8.96 0.00
0.36 -8.11 0.83 -8.99 0.00
0.38 -8.15 0.88 -9.01 0.00
0.40 -8.16 0.90 -9.03 0.00
0.42 -8.24 1.01 -9.05 0.00
0.43 -8.27 1.09 -9.03 0.00
0.46 -8.32 1.12 -9.06 0.00
0.45 -8.30 0.41 -9.30 1.00
0.46 -8.30 -0.28 -8.97 1.00
0.45 -8.30 -0.55 -8.27 1.00
0.39 -8.28 -0.60 -8.40 0.00
0.37 -8.28 -0.63 -8.31 0.00
0.32 -8.27 -0.67 -8.37 0.00
0.28 -8.28 -0.71 -8.41 0.00
0.24 -8.28 -0.75 -8.39 0.00
0.20 -8.28 -0.79 -8.41 0.00
0.16 -8.29 -0.83 -8.38 0.00
0.12 -8.28 -0.88 -8.38 0.00
0.09 -8.28 -0.91 -8.38 0.00
0.05 -8.30 -0.94 -8.40 0.00
0.00 -8.28 -0.97 -8.48 0.00
-0.03 -8.29 -1.02 -8.37 0.00
-0.08 -8.30 -1.08 -8.32 0.00
-0.11 -8.31 -1.11 -8.28 0.00
-0.15 -8.32 -1.15 -8.25 0.00
-0.18 -8.31 -1.18 -8.28 0.00
-0.17 -8.32 -0.80 -7.54 1.00
-0.19 -8.28 -0.95 -7.63 0.00
-0.20 -8.21 -0.77 -7.38 0.00
-0.24 -8.17 -1.08 -7.63 0.00
-0.27 -8.16 -1.15 -7.68 0.00
-0.31 -8.12 -1.23 -7.75 0.00
-0.34 -8.11 -1.30 -7.81 0.00
-0.38 -8.09 -1.34 -7.80 0.00
-0.42 -8.08 -1.37 -7.76 0.00
-0.46 -8.07 -1.42 -7.77 0.00
-0.51 -8.06 -1.46 -7.76 0.00
-0.55 -8.04 -1.50 -7.74 0.00
-0.59 -8.03 -1.55 -7.73 0.00
-0.64 -8.02 -1.59 -7.72 0.00
-0.68 -8.00 -1.64 -7.72 0.00
-0.72 -7.99 -1.68 -7.71 0.00
-0.77 -7.97 -1.73 -7.71 0.00
-0.81 -7.96 -1.79 -7.78 0.00
-0.85 -7.94 -1.84 -7.86 0.00
-0.89 -7.93 -1.89 -7.94 0.00
-0.92 -7.92 -1.92 -8.00 0.00
-0.97 -7.91 -1.96 -8.08 0.00
-1.01 -7.90 -1.98 -8.12 0.00
-1.04 -7.90 -2.01 -8.15 0.00
-1.08 -7.91 -2.05 -8.16 0.00
-1.11 -7.92 -2.08 -8.17 0.00
-1.15 -7.93 -2.12 -8.18 0.00
-1.19 -7.94 -2.15 -8.22 0.00
-1.23 -7.95 -2.18 -8.25 0.00
-1.27 -7.96 -2.21 -8.29 0.00
-1.30 -7.96 -2.24 -8.32 0.00
-1.34 -7.97 -2.26 -8.36 0.00
-1.38 -7.99 -2.29 -8.40 0.00
-1.42 -8.00 -2.33 -8.42 0.00
-1.46 -8.02 -2.33 -8.52 0.00
-1.49 -8.02 -2.31 -8.60 0.00
-1.53 -8.05 -2.32 -8.68 0.00
-1.57 -8.07 -2.30 -8.75 0.00
-1.61 -8.08 -2.29 -8.81 0.00
-1.64 -8.10 -2.29 -8.85 0.00
-1.67 -8.10 -2.26 -8.91 0.00
-1.70 -8.14 -2.32 -8.92 0.00
-1.73 -8.18 -2.24 -9.04 0.00
-1.77 -8.18 -2.10 -9.12 0.00
-1.75 -8.27 -2.38 -9.04 0.00
-1.79 -8.28 -2.31 -9.13 0.00
-1.82 -8.30 -2.23 -9.21 0.00
-1.84 -8.33 -2.16 -9.28 0.00
-1.87 -8.35 -2.20 -9.29 0.00
-1.84 -8.32 -2.76 -8.70 1.00
-1.82 -8.31 -2.76 -7.99 1.00
-1.85 -8.30 -2.78 -7.93 0.00
-1.87 -8.30 -2.65 -7.68 0.00
-1.93 -8.27 -2.81 -7.79 0.00
-1.99 -8.25 -2.88 -7.79 0.00
-2.00 -8.24 -2.80 -7.65 0.00
-2.05 -8.19 -2.82 -7.55 0.00
-2.05 -8.16 -2.51 -7.28 0.00
-2.09 -8.16 -2.78 -7.43 0.00
-2.12 -8.16 -2.84 -7.46 0.00
-2.15 -8.15 -2.91 -7.49 0.00
-2.17 -8.12 -2.90 -7.44 0.00
-2.20 -8.10 -2.91 -7.39 0.00
-2.23 -8.08 -2.94 -7.38 0.00
-2.25 -8.05 -2.95 -7.34 0.00
-2.28 -8.03 -2.99 -7.33 0.00
-2.31 -8.01 -3.00 -7.29 0.00
-2.33 -7.98 -2.99 -7.23 0.00
-2.37 -7.94 -3.03 -7.19 0.00
-2.39 -7.92 -3.02 -7.14 0.00
-2.41 -7.89 -3.04 -7.11 0.00
-2.44 -7.86 -3.08 -7.09 0.00
-2.46 -7.84 -3.10 -7.06 0.00
-2.48 -7.81 -3.13 -7.05 0.00
-2.50 -7.78 -3.15 -7.02 0.00
-2.52 -7.76 -3.18 -7.00 0.00
-2.54 -7.73 -3.22 -6.99 0.00
-2.57 -7.71 -3.25 -6.98 0.00
-2.59 -7.69 -3.26 -6.95 0.00
-2.61 -7.65 -3.35 -6.98 0.00
-2.63 -7.63 -3.39 -6.99 0.00
-2.65 -7.61 -3.43 -6.98 0.00
-2.68 -7.58 -3.47 -6.98 0.00
-2.70 -7.56 -3.45 -6.90 0.00
-2.74 -7.53 -3.49 -6.87 0.00
-2.77 -7.51 -3.52 -6.85 0.00
-2.80 -7.48 -3.55 -6.82 0.00
-2.83 -7.46 -3.59 -6.81 0.00
-2.86 -7.43 -3.57 -6.73 0.00
-2.88 -7.41 -3.63 -6.74 0.00
-2.90 -7.38 -3.70 -6.78 0.00
-2.92 -7.36 -3.70 -6.74 0.00
-2.94 -7.34 -3.68 -6.67 0.00
-2.94 -7.33 -3.75 -6.74 0.00
-2.94 -7.36 -3.40 -6.47 0.00
-3.00 -7.29 -3.72 -6.60 0.00
-3.04 -7.26 -3.86 -6.68 0.00
-3.07 -7.25 -3.91 -6.71 0.00
-3.09 -7.23 -3.95 -6.71 0.00
-3.11 -7.23 -3.33 -6.26 1.00
-3.12 -7.19 -3.27 -6.21 0.00
-3.13 -7.16 -3.15 -6.16 0.00
-3.13 -7.12 -3.10 -6.12 0.00
-3.12 -7.09 -2.92 -6.11 0.00
-3.12 -7.05 -2.89 -6.08 0.00
-3.15 -7.00 -2.88 -6.04 0.00
-3.16 -6.97 -2.85 -6.02 0.00
-3.14 -6.91 -2.69 -6.02 0.00
-3.14 -6.90 -2.86 -5.94 0.00
-3.11 -6.86 -2.80 -5.91 0.00
-3.11 -6.82 -2.83 -5.86 0.00
-3.11 -6.79 -2.82 -5.83 0.00
-3.10 -6.75 -2.77 -5.80 0.00
-3.09 -6.72 -2.71 -5.79 0.00
-3.06 -6.68 -2.63 -5.78 0.00
-3.07 -6.64 -2.71 -5.71 0.00
-3.03 -6.60 -2.45 -5.78 0.00
-3.02 -6.55 -2.68 -5.61 0.00
-3.00 -6.51 -2.60 -5.59 0.00
-2.92 -6.48 -2.42 -5.62 0.00
-2.93 -6.43 -2.31 -5.64 0.00
-2.93 -6.40 -2.24 -5.68 0.00
-2.93 -6.37 -2.29 -5.60 0.00
-2.92 -6.33 -2.22 -5.62 0.00
-2.89 -6.31 -2.19 -5.60 0.00
-2.87 -6.28 -2.17 -5.57 0.00
-2.85 -6.25 -2.18 -5.50 0.00
-2.82 -6.22 -2.15 -5.48 0.00
-2.80 -6.19 -2.12 -5.46 0.00
-2.76 -6.16 -2.10 -5.41 0.00
-2.74 -6.13 -2.08 -5.38 0.00
-2.72 -6.10 -2.05 -5.36 0.00
-2.69 -6.07 -1.99 -5.36 0.00
-2.66 -6.04 -1.93 -5.35 0.00
-2.63 -6.01 -1.86 -5.36 0.00
-2.59 -5.97 -1.80 -5.37 0.00
-2.56 -5.94 -1.73 -5.38 0.00
-2.53 -5.90 -1.67 -5.40 0.00
-2.50 -5.87 -1.61 -5.41 0.00
-2.46 -5.84 -1.55 -5.43 0.00
-2.42 -5.82 -1.50 -5.43 0.00
-2.39 -5.80 -1.46 -5.42 0.00
-2.35 -5.78 -1.42 -5.41 0.00
-2.31 -5.77 -1.38 -5.41 0.00
-2.27 -5.75 -1.34 -5.40 0.00
-2.23 -5.74 -1.29 -5.40 0.00
-2.20 -5.72 -1.25 -5.40 0.00
-2.16 -5.70 -1.21 -5.41 0.00
-2.12 -5.70 -1.16 -5.42 0.00
-2.08 -5.69 -1.10 -5.46 0.00
-2.03 -5.67 -1.07 -5.41 0.00
-1.99 -5.66 -1.02 -5.43 0.00
-1.95 -5.64 -0.96 -5.46 0.00
-1.90 -5.63 -0.91 -5.49 0.00
-1.86 -5.62 -0.87 -5.51 0.00
-1.82 -5.60 -0.82 -5.54 0.00
-1.77 -5.59 -0.77 -5.56 0.00
-1.73 -5.59 -0.73 -5.57 0.00
-1.69 -5.59 -0.69 -5.56 0.00
-1.65 -5.59 -0.65 -5.54 0.00
-1.61 -5.59 -0.61 -5.52 0.00
-1.56 -5.59 -0.57 -5.50 0.00
-1.52 -5.59 -0.53 -5.49 0.00
-1.47 -5.58 -0.48 -5.45 0.00
-1.43 -5.58 -0.43 -5.55 0.00
-1.39 -5.57 -0.39 -5.59 0.00
-1.35 -5.56 -0.35 -5.64 0.00
-1.30 -5.56 -0.31 -5.68 0.00
-1.26 -5.55 -0.27 -5.72 0.00
-1.22 -5.55 -0.24 -5.74 0.00
-1.18 -5.56 -0.19 -5.74 0.00
-1.13 -5.57 -0.15 -5.74 0.00
-1.09 -5.58 -0.11 -5.74 0.00
-1.05 -5.59 -0.06 -5.74 0.00
-1.01 -5.59 -0.02 -5.74 0.00
-0.97 -5.60 0.02 -5.73 0.00
-0.93 -5.61 0.07 -5.73 0.00
-0.89 -5.61 0.11 -5.73 0.00
-0.84 -5.62 0.15 -5.73 0.00
-0.80 -5.63 0.20 -5.73 0.00
-0.76 -5.64 0.23 -5.73 0.00
-0.72 -5.64 0.28 -5.73 0.00
-0.67 -5.65 0.33 -5.69 0.00
-0.63 -5.65 0.36 -5.72 0.00
-0.59 -5.65 0.40 -5.72 0.00
-0.55 -5.66 0.44 -5.72 0.00
-0.51 -5.66 0.49 -5.70 0.00
-0.47 -5.66 0.53 -5.72 0.00
-0.43 -5.67 0.57 -5.68 0.00
-0.38 -5.67 0.62 -5.69 0.00
-0.34 -5.67 0.66 -5.69 0.00
-0.30 -5.67 0.70 -5.68 0.00
-0.25 -5.67 0.75 -5.67 0.00
-0.21 -5.68 0.79 -5.67 0.00
-0.16 -5.67 0.84 -5.65 0.00
-0.13 -5.68 0.87 -5.66 0.00
-0.08 -5.68 0.91 -5.69 0.00
-0.04 -5.68 0.96 -5.69 0.00
-0.00 -5.68 1.00 -5.70 0.00
0.04 -5.68 1.04 -5.70 0.00
0.08 -5.68 1.08 -5.71 0.00
0.12 -5.68 1.12 -5.71 0.00
0.16 -5.68 1.16 -5.67 0.00
0.20 -5.68 1.20 -5.70 0.00
0.25 -5.68 1.25 -5.67 0.00
0.29 -5.69 1.29 -5.72 0.00
