5.40 -7.11 5.80 -8.02 0.00
5.41 -7.14 5.77 -8.07 0.00
5.43 -7.18 5.81 -8.11 0.00
5.44 -7.22 5.82 -8.15 0.00
5.46 -7.26 5.85 -8.18 0.00
5.47 -7.30 5.86 -8.22 0.00
5.49 -7.33 5.90 -8.25 0.00
5.50 -7.37 5.92 -8.28 0.00
5.51 -7.41 5.93 -8.31 0.00
5.53 -7.44 5.96 -8.34 0.00
5.55 -7.47 5.99 -8.37 0.00
5.56 -7.51 6.04 -8.39 0.00
5.58 -7.54 6.10 -8.39 0.00
5.59 -7.57 6.16 -8.39 0.00
5.61 -7.61 6.23 -8.39 0.00
5.62 -7.64 6.26 -8.40 0.00
5.63 -7.65 6.24 -8.44 0.00
5.62 -7.65 5.46 -8.63 1.00
5.61 -7.68 5.33 -8.64 0.00
5.60 -7.73 5.25 -8.66 0.00
5.60 -7.77 5.19 -8.68 0.00
5.59 -7.81 5.13 -8.70 0.00
5.58 -7.85 5.08 -8.71 0.00
5.57 -7.89 5.01 -8.72 0.00
5.55 -7.93 4.98 -8.76 0.00
5.52 -7.97 4.95 -8.79 0.00
5.50 -8.01 4.91 -8.82 0.00
5.47 -8.05 4.86 -8.84 0.00
5.45 -8.09 4.83 -8.87 0.00
5.42 -8.12 4.78 -8.89 0.00
5.39 -8.16 4.73 -8.91 0.00
5.37 -8.20 4.68 -8.93 0.00
5.34 -8.24 4.64 -8.95 0.00
5.31 -8.26 4.58 -8.94 0.00
5.31 -8.26 4.31 -8.23 1.00
5.26 -8.26 4.27 -8.22 0.00
5.22 -8.26 4.22 -8.20 0.00
5.17 -8.26 4.17 -8.17 0.00
5.12 -8.26 4.13 -8.14 0.00
5.08 -8.26 4.09 -8.11 0.00
5.03 -8.25 4.04 -8.07 0.00
4.98 -8.25 4.00 -8.04 0.00
4.92 -8.24 3.95 -8.04 0.00
4.87 -8.23 3.89 -8.03 0.00
4.82 -8.22 3.85 -7.98 0.00
4.77 -8.21 3.79 -7.99 0.00
4.72 -8.20 3.74 -7.97 0.00
4.67 -8.19 3.69 -7.96 0.00
4.61 -8.18 3.64 -7.94 0.00
4.56 -8.16 3.58 -7.97 0.00
4.50 -8.15 3.52 -7.95 0.00
4.46 -8.14 3.49 -7.91 0.00
4.41 -8.13 3.47 -7.80 0.00
4.36 -8.13 3.41 -7.84 0.00
4.32 -8.12 3.37 -7.81 0.00
4.27 -8.11 3.33 -7.78 0.00
4.22 -8.09 3.28 -7.75 0.00
4.17 -8.08 3.23 -7.73 0.00
4.12 -8.06 3.19 -7.70 0.00
4.07 -8.04 3.14 -7.69 0.00
4.02 -8.02 3.08 -7.68 0.00
3.97 -8.00 3.02 -7.69 0.00
3.92 -7.98 2.97 -7.69 0.00
3.87 -7.97 2.91 -7.70 0.00
3.82 -7.95 2.85 -7.73 0.00
3.77 -7.93 2.79 -7.73 0.00
3.73 -7.91 2.74 -7.75 0.00
3.68 -7.90 2.70 -7.71 0.00
3.64 -7.89 2.66 -7.69 0.00
3.59 -7.89 2.61 -7.67 0.00
3.54 -7.88 2.57 -7.66 0.00
3.50 -7.87 2.52 -7.64 0.00
3.45 -7.86 2.48 -7.63 0.00
3.40 -7.85 2.43 -7.61 0.00
3.36 -7.84 2.38 -7.63 0.00
3.31 -7.83 2.32 -7.66 0.00
3.26 -7.81 2.27 -7.66 0.00
3.22 -7.80 2.22 -7.73 0.00
3.16 -7.79 2.16 -7.77 0.00
3.12 -7.78 2.12 -7.82 0.00
3.07 -7.77 2.07 -7.87 0.00
3.03 -7.76 2.03 -7.89 0.00
2.99 -7.77 2.00 -7.90 0.00
2.95 -7.77 1.95 -7.86 0.00
2.91 -7.78 1.91 -7.77 0.00
2.87 -7.78 1.87 -7.68 0.00
2.83 -7.79 1.85 -7.61 0.00
2.79 -7.80 1.82 -7.53 0.00
2.75 -7.80 1.81 -7.46 0.00
2.71 -7.81 1.79 -7.41 0.00
2.67 -7.80 1.76 -7.38 0.00
2.62 -7.78 1.72 -7.34 0.00
2.57 -7.75 1.68 -7.31 0.00
2.52 -7.73 1.63 -7.27 0.00
2.48 -7.71 1.59 -7.24 0.00
2.43 -7.68 1.55 -7.21 0.00
2.38 -7.66 1.51 -7.18 0.00
2.34 -7.64 1.47 -7.15 0.00
2.29 -7.61 1.42 -7.12 0.00
2.29 -7.61 2.02 -6.65 1.00
2.29 -7.58 2.00 -6.62 0.00
2.27 -7.53 2.00 -6.57 0.00
2.26 -7.49 1.99 -6.53 0.00
2.25 -7.45 1.99 -6.48 0.00
2.24 -7.41 2.00 -6.44 0.00
2.23 -7.38 1.94 -6.42 0.00
2.22 -7.33 1.85 -6.40 0.00
2.22 -7.27 1.70 -6.42 0.00
2.22 -7.25 1.77 -6.36 0.00
2.22 -7.18 1.62 -6.38 0.00
2.21 -7.15 1.74 -6.26 0.00
2.16 -7.12 1.64 -6.27 0.00
2.13 -7.09 1.61 -6.23 0.00
2.08 -7.04 1.58 -6.18 0.00
2.06 -6.99 1.43 -6.21 0.00
2.04 -6.95 1.45 -6.14 0.00
2.04 -6.95 2.21 -5.97 1.00
2.05 -6.91 2.15 -5.92 0.00
2.06 -6.87 2.11 -5.87 0.00
2.06 -6.83 2.11 -5.83 0.00
2.07 -6.78 2.04 -5.78 0.00
2.08 -6.74 1.99 -5.75 0.00
2.08 -6.71 1.97 -5.71 0.00
2.06 -6.68 1.91 -5.69 0.00
2.08 -6.64 2.00 -5.64 0.00
2.07 -6.59 1.94 -5.60 0.00
2.05 -6.55 1.89 -5.56 0.00
2.06 -6.51 1.88 -5.52 0.00
2.07 -6.47 1.96 -5.48 0.00
2.08 -6.43 1.95 -5.44 0.00
2.07 -6.40 1.88 -5.41 0.00
2.06 -6.35 1.80 -5.38 0.00
2.07 -6.31 1.75 -5.36 0.00
2.09 -6.25 1.70 -5.33 0.00
2.06 -6.24 1.95 -5.24 0.00
2.06 -6.17 1.78 -5.20 0.00
2.13 -6.05 2.54 -5.14 0.00
2.01 -6.04 1.76 -5.07 0.00
1.98 -6.06 1.52 -5.18 0.00
1.97 -6.02 1.49 -5.14 0.00
1.95 -5.98 1.44 -5.12 0.00
1.93 -5.94 1.39 -5.10 0.00
1.91 -5.90 1.36 -5.06 0.00
1.89 -5.85 1.32 -5.03 0.00
1.86 -5.81 1.29 -4.99 0.00
1.83 -5.77 1.25 -4.96 0.00
1.80 -5.73 1.22 -4.91 0.00
1.77 -5.68 1.19 -4.87 0.00
1.74 -5.64 1.20 -4.80 0.00
1.72 -5.60 1.15 -4.78 0.00
1.68 -5.58 1.08 -4.77 0.00
1.65 -5.55 1.05 -4.75 0.00
1.59 -5.50 0.98 -4.71 0.00
1.58 -5.43 0.91 -4.68 0.00
1.57 -5.38 0.82 -4.72 0.00
1.54 -5.34 0.77 -4.70 0.00
1.50 -5.30 0.69 -4.72 0.00
1.47 -5.25 0.62 -4.73 0.00
1.43 -5.22 0.56 -4.72 0.00
1.39 -5.19 0.52 -4.69 0.00
1.35 -5.17 0.48 -4.68 0.00
1.31 -5.14 0.43 -4.67 0.00
1.27 -5.12 0.38 -4.66 0.00
1.23 -5.10 0.34 -4.65 0.00
1.19 -5.08 0.29 -4.64 0.00
1.19 -5.08 0.86 -4.13 1.00
1.18 -5.03 0.76 -4.12 0.00
1.17 -4.99 0.70 -4.11 0.00
1.16 -4.94 0.63 -4.09 0.00
1.14 -4.90 0.58 -4.07 0.00
1.12 -4.85 0.53 -4.05 0.00
1.09 -4.81 0.48 -4.02 0.00
1.07 -4.77 0.43 -3.99 0.00
1.04 -4.72 0.36 -3.99 0.00
1.01 -4.68 0.29 -3.98 0.00
0.97 -4.64 0.23 -3.98 0.00
0.95 -4.60 0.17 -3.97 0.00
0.95 -4.43 -0.04 -4.57 0.00
0.89 -4.51 -0.00 -4.05 0.00
0.84 -4.50 -0.02 -3.99 0.00
0.81 -4.47 -0.03 -3.93 0.00
0.77 -4.45 -0.10 -3.95 0.00
0.76 -4.45 0.44 -3.50 1.00
0.76 -4.45 1.24 -3.57 1.00
0.79 -4.41 1.13 -3.47 0.00
0.82 -4.37 1.04 -3.40 0.00
0.85 -4.34 0.93 -3.34 0.00
0.92 -4.25 0.64 -3.29 0.00
0.92 -4.16 0.39 -3.31 0.00
0.91 -4.17 0.64 -3.21 0.00
0.94 -4.16 0.80 -3.17 0.00
0.94 -4.17 1.13 -3.18 0.00
0.95 -4.12 1.06 -3.12 0.00
0.94 -4.02 0.69 -3.05 0.00
0.90 -4.02 0.83 -3.02 0.00
0.93 -3.97 0.75 -2.98 0.00
0.95 -3.91 0.72 -2.94 0.00
0.93 -3.86 0.64 -2.90 0.00
0.90 -3.86 0.87 -2.86 0.00
0.91 -3.82 0.90 -2.82 0.00
0.94 -3.77 0.87 -2.77 0.00
0.93 -3.73 0.75 -2.74 0.00
0.92 -3.66 0.52 -2.74 0.00
0.93 -3.65 0.68 -2.68 0.00
0.94 -3.57 0.52 -2.66 0.00
0.93 -3.55 0.54 -2.62 0.00
0.92 -3.52 0.58 -2.58 0.00
0.94 -3.50 0.69 -2.53 0.00
0.93 -3.44 0.50 -2.54 0.00
0.91 -3.38 0.37 -2.54 0.00
0.87 -3.38 0.57 -2.42 0.00
0.85 -3.33 0.54 -2.38 0.00
0.84 -3.29 0.55 -2.34 0.00
0.83 -3.27 0.56 -2.31 0.00
0.81 -3.21 0.43 -2.29 0.00
0.79 -3.19 0.45 -2.25 0.00
0.79 -3.19 1.22 -2.28 1.00
0.81 -3.14 1.19 -2.22 0.00
0.82 -3.13 1.23 -2.21 0.00
0.84 -3.07 1.21 -2.14 0.00
0.86 -3.03 1.18 -2.09 0.00
0.91 -2.92 0.74 -1.94 0.00
0.95 -2.94 0.96 -1.94 0.00
0.95 -2.91 1.00 -1.91 0.00
0.97 -2.88 1.08 -1.88 0.00
0.97 -2.86 1.06 -1.86 0.00
0.96 -2.81 0.94 -1.81 0.00
0.97 -2.77 1.04 -1.77 0.00
0.97 -2.73 1.02 -1.74 0.00
0.97 -2.69 1.03 -1.69 0.00
0.96 -2.64 1.01 -1.64 0.00
0.96 -2.61 1.04 -1.61 0.00
0.96 -2.57 1.02 -1.57 0.00
0.96 -2.53 0.95 -1.53 0.00
0.97 -2.49 0.94 -1.49 0.00
0.97 -2.45 0.91 -1.45 0.00
0.97 -2.41 0.89 -1.41 0.00
0.97 -2.37 0.85 -1.38 0.00
0.97 -2.33 0.81 -1.34 0.00
0.97 -2.29 0.78 -1.31 0.00
0.97 -2.25 0.74 -1.28 0.00
0.96 -2.21 0.71 -1.24 0.00
0.96 -2.17 0.67 -1.21 0.00
0.95 -2.13 0.63 -1.18 0.00
0.94 -2.09 0.60 -1.15 0.00
0.93 -2.05 0.56 -1.12 0.00
0.92 -2.01 0.52 -1.09 0.00
0.91 -1.97 0.48 -1.07 0.00
0.89 -1.93 0.45 -1.03 0.00
0.89 -1.93 1.21 -0.98 1.00
0.91 -1.89 1.23 -0.95 0.00
0.92 -1.85 1.21 -0.90 0.00
0.93 -1.81 1.19 -0.85 0.00
0.94 -1.77 1.15 -0.79 0.00
0.96 -1.73 1.11 -0.75 0.00
0.97 -1.70 1.08 -0.70 0.00
0.98 -1.66 1.04 -0.66 0.00
1.00 -1.62 1.00 -0.62 0.00
1.00 -1.58 0.97 -0.58 0.00
1.01 -1.54 0.94 -0.54 0.00
1.01 -1.50 0.96 -0.50 0.00
1.01 -1.46 0.95 -0.46 0.00
1.01 -1.41 0.93 -0.42 0.00
1.00 -1.38 0.94 -0.38 0.00
1.00 -1.34 0.94 -0.34 0.00
1.00 -1.29 0.88 -0.30 0.00
0.99 -1.26 0.87 -0.26 0.00
0.99 -1.22 0.84 -0.23 0.00
0.99 -1.18 0.82 -0.19 0.00
0.98 -1.14 0.77 -0.16 0.00
0.99 -1.10 0.71 -0.14 0.00
0.98 -1.06 0.67 -0.11 0.00
0.98 -1.02 0.60 -0.10 0.00
0.99 -0.96 0.55 -0.06 0.00
0.98 -0.91 0.57 -0.00 0.00
0.96 -0.90 0.67 0.06 0.00
0.97 -0.85 0.71 0.11 0.00
0.92 -0.84 0.68 0.13 0.00
0.91 -0.76 0.41 0.11 0.00
0.88 -0.74 0.55 0.20 0.00
0.87 -0.69 0.38 0.18 0.00
0.85 -0.66 0.48 0.27 0.00
0.83 -0.61 0.42 0.30 0.00
0.82 -0.57 0.28 0.27 0.00
0.81 -0.55 0.36 0.35 0.00
0.79 -0.50 0.23 0.33 0.00
0.78 -0.41 0.07 0.29 0.00
0.74 -0.39 -0.01 0.26 0.00
0.74 -0.38 0.06 0.36 0.00
0.71 -0.35 0.03 0.39 0.00
0.68 -0.31 -0.00 0.42 0.00
0.65 -0.28 -0.02 0.47 0.00
0.62 -0.24 -0.01 0.54 0.00
0.59 -0.21 -0.01 0.60 0.00
0.55 -0.18 0.07 0.70 0.00
0.52 -0.14 0.08 0.76 0.00
0.49 -0.11 0.12 0.82 0.00
0.46 -0.08 0.20 0.89 0.00
0.45 -0.04 0.21 0.93 0.00
0.44 0.00 0.20 0.97 0.00
0.43 0.04 0.22 1.02 0.00
0.42 0.08 0.24 1.06 0.00
0.41 0.12 0.25 1.11 0.00
0.40 0.16 0.31 1.16 0.00
0.39 0.20 0.35 1.20 0.00
0.38 0.24 0.40 1.24 0.00
0.37 0.28 0.41 1.28 0.00
0.37 0.32 0.45 1.32 0.00
0.36 0.37 0.47 1.36 0.00
0.37 0.41 0.48 1.40 0.00
0.37 0.45 0.51 1.44 0.00
0.37 0.48 0.49 1.47 0.00
0.38 0.52 0.50 1.52 0.00
0.38 0.56 0.49 1.56 0.00
0.39 0.58 0.50 1.58 0.00
0.41 0.63 0.42 1.62 0.00
0.43 0.69 0.32 1.68 0.00
0.43 0.72 0.30 1.71 0.00
0.44 0.75 0.27 1.74 0.00
0.43 0.81 0.37 1.81 0.00
0.43 0.84 0.35 1.84 0.00
0.43 0.88 0.33 1.88 0.00
0.44 0.92 0.42 1.92 0.00
0.43 0.96 0.55 1.96 0.00
0.42 1.02 0.53 2.02 0.00
0.44 1.06 0.70 2.02 0.00
0.44 1.08 0.63 2.06 0.00
0.42 1.18 0.28 2.17 0.00
0.43 1.17 0.65 2.15 0.00
0.44 1.20 0.84 2.12 0.00
0.47 1.24 0.85 2.17 0.00
0.48 1.28 0.83 2.22 0.00
0.49 1.32 0.86 2.25 0.00
0.51 1.35 0.82 2.30 0.00
0.52 1.39 0.83 2.35 0.00
0.54 1.43 0.83 2.39 0.00
0.55 1.46 0.77 2.44 0.00
0.56 1.50 0.85 2.46 0.00
0.57 1.54 0.85 2.50 0.00
0.59 1.58 0.92 2.53 0.00
0.60 1.62 0.93 2.56 0.00
0.61 1.66 0.98 2.59 0.00
0.62 1.71 1.00 2.63 0.00
0.63 1.74 1.05 2.64 0.00
0.65 1.77 1.09 2.67 0.00
0.66 1.81 1.14 2.69 0.00
0.68 1.86 1.15 2.74 0.00
0.71 1.90 1.16 2.79 0.00
0.73 1.94 1.17 2.83 0.00
0.75 1.98 1.18 2.88 0.00
0.77 2.02 1.21 2.92 0.00
0.79 2.06 1.22 2.96 0.00
0.81 2.10 1.25 3.00 0.00
0.83 2.14 1.31 3.02 0.00
0.85 2.18 1.38 3.03 0.00
0.87 2.22 1.45 3.04 0.00
0.89 2.26 1.52 3.04 0.00
0.91 2.30 1.59 3.03 0.00
0.93 2.34 1.65 3.03 0.00
0.95 2.38 1.72 3.01 0.00
0.98 2.41 1.77 3.02 0.00
1.01 2.44 1.83 3.01 0.00
1.04 2.47 1.90 2.99 0.00
1.09 2.48 1.94 3.02 0.00
1.12 2.52 2.00 2.99 0.00
1.15 2.55 2.05 2.99 0.00
1.19 2.56 2.11 2.96 0.00
1.23 2.59 2.17 2.93 0.00
1.27 2.61 2.22 2.90 0.00
1.31 2.63 2.27 2.88 0.00
1.35 2.65 2.32 2.85 0.00
1.39 2.66 2.37 2.82 0.00
1.42 2.67 2.42 2.79 0.00
1.46 2.68 2.46 2.79 0.00
1.50 2.69 2.50 2.78 0.00
1.54 2.69 2.54 2.78 0.00
1.58 2.70 2.58 2.76 0.00
1.62 2.70 2.61 2.78 0.00
1.66 2.70 2.66 2.78 0.00
1.70 2.71 2.70 2.68 0.00
1.75 2.71 2.74 2.57 0.00
1.79 2.71 2.76 2.45 0.00
1.84 2.72 2.76 2.34 0.00
1.88 2.72 2.75 2.24 0.00
1.92 2.73 2.74 2.15 0.00
1.96 2.73 2.72 2.07 0.00
2.00 2.70 2.75 2.04 0.00
2.03 2.67 2.77 2.00 0.00
2.06 2.64 2.82 1.98 0.00
2.10 2.61 2.85 1.96 0.00
2.13 2.59 2.89 1.93 0.00
2.16 2.56 2.92 1.91 0.00
2.19 2.53 2.95 1.88 0.00
2.22 2.50 2.98 1.85 0.00
2.25 2.48 3.00 1.81 0.00
2.28 2.45 3.03 1.78 0.00
2.31 2.42 3.06 1.76 0.00
2.34 2.40 3.09 1.73 0.00
2.37 2.37 3.11 1.70 0.00
2.40 2.35 3.14 1.67 0.00
2.43 2.32 3.17 1.65 0.00
2.46 2.30 3.19 1.61 0.00
2.49 2.27 3.22 1.59 0.00
2.51 2.24 3.26 1.58 0.00
2.54 2.22 3.30 1.56 0.00
2.57 2.19 3.35 1.57 0.00
2.60 2.17 3.42 1.60 0.00
2.62 2.14 3.46 1.60 0.00
2.65 2.11 3.53 1.64 0.00
2.68 2.09 3.60 1.69 0.00
2.71 2.07 3.63 1.68 0.00
2.75 2.05 3.67 1.67 0.00
2.79 2.04 3.73 1.68 0.00
2.82 2.02 3.76 1.66 0.00
2.86 2.00 3.81 1.68 0.00
2.90 1.99 3.88 1.77 0.00
2.94 1.97 3.94 1.92 0.00
2.97 1.96 3.97 2.06 0.00
3.01 1.95 3.97 2.21 0.00
3.05 1.94 3.97 2.33 0.00
3.08 1.92 3.94 2.43 0.00
3.12 1.91 3.92 2.51 0.00
3.16 1.93 3.94 2.56 0.00
3.20 1.96 3.98 2.59 0.00
3.24 1.99 3.99 2.66 0.00
3.28 2.02 3.96 2.76 0.00
3.31 2.05 3.99 2.78 0.00
3.34 2.08 4.01 2.81 0.00
3.36 2.11 4.02 2.86 0.00
3.39 2.14 4.04 2.90 0.00
3.42 2.17 4.04 2.95 0.00
3.45 2.19 4.05 2.99 0.00
3.47 2.22 4.05 3.04 0.00
3.50 2.25 4.06 3.08 0.00
3.52 2.28 4.07 3.12 0.00
3.54 2.31 4.04 3.18 0.00
3.56 2.34 4.04 3.22 0.00
3.58 2.38 4.01 3.28 0.00
3.61 2.40 3.95 3.34 0.00
3.62 2.44 3.93 3.39 0.00
3.64 2.47 3.86 3.44 0.00
3.66 2.50 3.82 3.49 0.00
3.66 2.54 3.79 3.53 0.00
3.67 2.58 3.79 3.57 0.00
3.68 2.61 3.79 3.61 0.00
3.68 2.65 3.76 3.65 0.00
3.69 2.69 3.78 3.69 0.00
3.69 2.73 3.76 3.73 0.00
3.70 2.77 3.75 3.77 0.00
3.70 2.81 3.71 3.81 0.00
3.70 2.85 3.66 3.85 0.00
3.71 2.88 3.58 3.87 0.00
3.71 2.92 3.46 3.89 0.00
3.71 2.95 3.36 3.89 0.00
3.71 3.00 3.25 3.88 0.00
3.71 3.04 3.17 3.88 0.00
3.71 3.07 3.09 3.86 0.00
3.70 3.11 3.03 3.85 0.00
3.67 3.14 2.97 3.86 0.00
3.64 3.17 2.90 3.84 0.00
3.61 3.21 2.88 3.89 0.00
