-0.60 -7.00 -0.82 -6.03 0.00
-0.60 -6.96 -0.81 -5.98 0.00
-0.61 -6.92 -0.81 -5.94 0.00
-0.62 -6.88 -0.79 -5.90 0.00
-0.63 -6.84 -0.80 -5.86 0.00
-0.64 -6.80 -0.77 -5.81 0.00
-0.65 -6.76 -0.78 -5.77 0.00
-0.66 -6.72 -0.78 -5.73 0.00
-0.66 -6.68 -0.77 -5.69 0.00
-0.67 -6.64 -0.77 -5.65 0.00
-0.67 -6.59 -0.80 -5.60 0.00
-0.68 -6.57 -0.83 -5.58 0.00
-0.68 -6.52 -0.82 -5.53 0.00
-0.68 -6.48 -0.83 -5.49 0.00
-0.69 -6.45 -0.85 -5.46 0.00
-0.69 -6.40 -0.90 -5.43 0.00
-0.70 -6.37 -0.92 -5.39 0.00
-0.70 -6.33 -0.88 -5.34 0.00
-0.71 -6.29 -0.88 -5.30 0.00
-0.72 -6.25 -0.87 -5.26 0.00
-0.72 -6.21 -0.92 -5.23 0.00
-0.73 -6.17 -0.87 -5.18 0.00
-0.74 -6.13 -0.87 -5.14 0.00
-0.74 -6.09 -0.86 -5.10 0.00
-0.75 -6.05 -0.88 -5.06 0.00
-0.76 -6.02 -0.88 -5.02 0.00
-0.76 -5.98 -0.92 -4.99 0.00
-0.77 -5.94 -0.95 -4.96 0.00
-0.77 -5.90 -0.98 -4.92 0.00
-0.77 -5.87 -1.00 -4.90 0.00
-0.78 -5.82 -1.03 -4.86 0.00
-0.78 -5.79 -1.09 -4.84 0.00
-0.79 -5.75 -1.12 -4.81 0.00
-0.80 -5.72 -1.04 -4.74 0.00
-0.82 -5.68 -0.95 -4.69 0.00
-0.83 -5.65 -0.96 -4.65 0.00
-0.84 -5.61 -0.88 -4.61 0.00
-0.84 -5.57 -0.87 -4.57 0.00
-0.86 -5.53 -0.87 -4.53 0.00
-0.86 -5.50 -0.83 -4.50 0.00
-0.86 -5.46 -0.86 -4.46 0.00
-0.85 -5.42 -0.87 -4.42 0.00
-0.85 -5.39 -0.86 -4.39 0.00
-0.85 -5.36 -0.89 -4.36 0.00
-0.85 -5.33 -0.94 -4.33 0.00
-0.85 -5.30 -0.99 -4.31 0.00
-0.85 -5.26 -1.04 -4.28 0.00
-0.85 -5.23 -1.06 -4.25 0.00
-0.85 -5.19 -1.11 -4.23 0.00
-0.85 -5.16 -1.09 -4.18 0.00
-0.86 -5.11 -1.10 -4.14 0.00
-0.87 -5.07 -1.11 -4.11 0.00
-0.88 -5.03 -1.11 -4.06 0.00
-0.89 -5.00 -1.10 -4.02 0.00
-0.90 -4.96 -1.08 -3.98 0.00
-0.92 -4.93 -1.04 -3.93 0.00
-0.92 -4.88 -1.03 -3.89 0.00
-0.93 -4.84 -1.05 -3.85 0.00
-0.94 -4.80 -1.00 -3.80 0.00
-0.95 -4.76 -0.94 -3.76 0.00
-0.94 -4.73 -0.83 -3.73 0.00
-0.94 -4.69 -0.94 -3.69 0.00
-0.94 -4.66 -0.90 -3.66 0.00
-0.95 -4.60 -1.05 -3.61 0.00
-0.94 -4.53 -0.94 -3.53 0.00
-0.93 -4.52 -0.22 -3.81 1.00
-0.93 -4.52 0.07 -4.52 1.00
-0.88 -4.50 0.11 -4.64 0.00
-0.84 -4.48 0.13 -4.72 0.00
-0.81 -4.49 0.17 -4.72 0.00
-0.77 -4.49 0.20 -4.75 0.00
-0.73 -4.51 0.24 -4.76 0.00
-0.69 -4.51 0.26 -4.81 0.00
-0.64 -4.53 0.31 -4.81 0.00
-0.61 -4.54 0.33 -4.88 0.00
-0.57 -4.55 0.38 -4.88 0.00
-0.53 -4.56 0.40 -4.93 0.00
-0.49 -4.57 0.43 -4.96 0.00
-0.46 -4.57 0.44 -5.00 0.00
-0.42 -4.59 0.51 -4.94 0.00
-0.38 -4.60 0.58 -4.89 0.00
-0.33 -4.63 0.57 -5.05 0.00
-0.28 -4.63 0.62 -5.05 0.00
-0.29 -4.61 0.09 -5.54 1.00
-0.30 -4.66 0.17 -5.54 0.00
-0.28 -4.65 0.16 -5.55 0.00
-0.30 -4.71 0.48 -5.34 0.00
-0.25 -4.78 0.27 -5.63 0.00
-0.23 -4.81 0.29 -5.66 0.00
-0.19 -4.84 0.36 -5.67 0.00
-0.17 -4.87 0.38 -5.70 0.00
-0.16 -4.92 0.44 -5.72 0.00
-0.13 -4.95 0.51 -5.73 0.00
-0.12 -4.99 0.45 -5.81 0.00
-0.09 -5.04 0.54 -5.81 0.00
-0.04 -5.12 0.53 -5.94 0.00
-0.03 -5.12 0.57 -5.92 0.00
0.00 -5.15 0.66 -5.90 0.00
0.03 -5.18 0.70 -5.92 0.00
0.06 -5.22 0.75 -5.94 0.00
0.09 -5.25 0.73 -6.01 0.00
0.12 -5.28 0.71 -6.09 0.00
0.15 -5.31 0.70 -6.15 0.00
0.18 -5.34 0.68 -6.21 0.00
0.21 -5.38 0.65 -6.27 0.00
0.23 -5.41 0.62 -6.33 0.00
0.26 -5.44 0.59 -6.38 0.00
0.28 -5.48 0.58 -6.43 0.00
0.30 -5.52 0.60 -6.47 0.00
0.31 -5.55 0.61 -6.51 0.00
0.32 -5.59 0.67 -6.52 0.00
0.34 -5.63 0.66 -6.58 0.00
0.35 -5.68 0.84 -6.55 0.00
0.36 -5.72 0.86 -6.59 0.00
0.37 -5.76 0.94 -6.58 0.00
0.39 -5.80 1.03 -6.57 0.00
0.42 -5.83 1.08 -6.58 0.00
0.42 -5.87 0.98 -6.70 0.00
0.46 -5.90 0.98 -6.75 0.00
0.46 -5.91 0.85 -6.83 0.00
0.50 -5.94 0.86 -6.88 0.00
0.53 -5.99 0.95 -6.90 0.00
0.57 -6.02 0.98 -6.93 0.00
0.58 -6.06 0.98 -6.97 0.00
0.59 -6.09 0.97 -7.01 0.00
0.60 -6.12 0.99 -7.04 0.00
0.62 -6.16 0.98 -7.09 0.00
0.63 -6.22 1.08 -7.11 0.00
0.65 -6.24 1.16 -7.10 0.00
0.66 -6.28 1.22 -7.11 0.00
0.67 -6.32 1.29 -7.10 0.00
0.70 -6.36 1.41 -7.06 0.00
0.69 -6.36 0.72 -7.36 1.00
0.69 -6.36 -0.01 -7.07 1.00
0.64 -6.38 0.01 -7.16 0.00
0.62 -6.41 0.06 -7.24 0.00
0.62 -6.41 0.14 -7.28 0.00
0.56 -6.45 0.02 -7.29 0.00
0.57 -6.51 -0.20 -7.15 0.00
0.56 -6.51 -0.17 -7.20 0.00
0.45 -6.56 -0.00 -7.45 0.00
0.43 -6.61 -0.02 -7.50 0.00
0.43 -6.64 -0.07 -7.51 0.00
0.44 -6.68 -0.03 -7.56 0.00
0.41 -6.71 -0.05 -7.60 0.00
0.40 -6.75 -0.12 -7.61 0.00
0.38 -6.79 -0.16 -7.63 0.00
0.37 -6.82 -0.17 -7.66 0.00
0.35 -6.85 -0.17 -7.70 0.00
0.34 -6.87 -0.17 -7.73 0.00
0.31 -6.91 -0.18 -7.77 0.00
0.30 -6.94 -0.13 -7.85 0.00
0.27 -6.98 -0.04 -7.93 0.00
0.25 -7.01 0.04 -7.99 0.00
0.23 -7.05 0.12 -8.04 0.00
0.21 -7.08 0.21 -8.08 0.00
0.19 -7.12 0.28 -8.11 0.00
0.17 -7.15 0.35 -8.14 0.00
0.18 -7.19 0.36 -8.18 0.00
0.19 -7.23 0.37 -8.22 0.00
0.20 -7.28 0.39 -8.26 0.00
0.20 -7.32 0.41 -8.30 0.00
0.21 -7.36 0.44 -8.33 0.00
0.22 -7.40 0.49 -8.37 0.00
0.22 -7.44 0.53 -8.39 0.00
0.23 -7.49 0.58 -8.42 0.00
0.23 -7.49 -0.18 -8.40 1.00
0.21 -7.52 0.00 -8.50 0.00
0.19 -7.56 0.11 -8.56 0.00
0.18 -7.60 0.22 -8.59 0.00
0.16 -7.63 0.31 -8.62 0.00
0.14 -7.67 0.42 -8.63 0.00
0.12 -7.71 0.50 -8.64 0.00
0.14 -7.74 0.51 -8.67 0.00
0.15 -7.78 0.52 -8.71 0.00
0.17 -7.82 0.53 -8.76 0.00
0.19 -7.86 0.57 -8.78 0.00
0.20 -7.90 0.62 -8.81 0.00
0.22 -7.94 0.68 -8.83 0.00
0.24 -7.98 0.75 -8.84 0.00
0.25 -8.02 0.83 -8.84 0.00
0.27 -8.06 0.86 -8.87 0.00
0.28 -8.11 0.96 -8.84 0.00
0.28 -8.10 0.24 -9.10 1.00
0.28 -8.10 -0.45 -8.79 1.00
0.28 -8.10 -0.72 -8.07 1.00
0.24 -8.09 -0.76 -8.06 0.00
0.20 -8.09 -0.79 -8.03 0.00
0.16 -8.09 -0.83 -7.99 0.00
0.12 -8.09 -0.88 -7.99 0.00
0.08 -8.09 -0.91 -7.96 0.00
0.04 -8.08 -0.95 -7.94 0.00
0.00 -8.09 -0.98 -7.92 0.00
-0.05 -8.07 -1.03 -7.89 0.00
-0.08 -8.07 -1.06 -7.88 0.00
-0.12 -8.07 -1.09 -7.83 0.00
-0.16 -8.06 -1.11 -7.75 0.00
-0.19 -8.06 -1.13 -7.70 0.00
-0.23 -8.04 -1.15 -7.65 0.00
-0.27 -8.04 -1.17 -7.59 0.00
-0.31 -8.03 -1.17 -7.53 0.00
-0.35 -8.02 -1.18 -7.47 0.00
-0.38 -8.00 -1.17 -7.39 0.00
-0.41 -7.97 -1.20 -7.36 0.00
-0.44 -7.95 -1.24 -7.34 0.00
-0.48 -7.93 -1.27 -7.32 0.00
-0.51 -7.90 -1.29 -7.28 0.00
-0.54 -7.88 -1.32 -7.26 0.00
-0.57 -7.85 -1.36 -7.24 0.00
-0.60 -7.82 -1.40 -7.24 0.00
-0.63 -7.81 -1.43 -7.20 0.00
-0.66 -7.79 -1.44 -7.17 0.00
-0.69 -7.76 -1.48 -7.15 0.00
-0.72 -7.74 -1.50 -7.12 0.00
-0.75 -7.71 -1.56 -7.12 0.00
-0.78 -7.69 -1.56 -7.06 0.00
-0.81 -7.67 -1.60 -7.06 0.00
-0.84 -7.65 -1.63 -7.04 0.00
-0.87 -7.62 -1.66 -7.01 0.00
-0.90 -7.59 -1.72 -7.01 0.00
-0.93 -7.57 -1.76 -7.00 0.00
-0.97 -7.54 -1.81 -7.00 0.00
-1.00 -7.52 -1.85 -7.00 0.00
-1.03 -7.49 -1.89 -6.99 0.00
-1.06 -7.47 -1.94 -7.00 0.00
-1.08 -7.45 -1.96 -6.97 0.00
-1.11 -7.44 -1.99 -6.97 0.00
-1.15 -7.42 -2.04 -6.97 0.00
-1.15 -7.43 -2.00 -6.89 0.00
-1.21 -7.39 -2.10 -6.95 0.00
-1.24 -7.37 -2.14 -6.95 0.00
-1.27 -7.36 -2.16 -6.92 0.00
-1.30 -7.34 -2.20 -6.92 0.00
-1.33 -7.32 -2.24 -6.91 0.00
-1.36 -7.31 -2.23 -6.81 0.00
-1.40 -7.29 -2.24 -6.75 0.00
-1.44 -7.27 -2.29 -6.74 0.00
-1.47 -7.25 -2.28 -6.65 0.00
-1.51 -7.24 -2.32 -6.66 0.00
-1.54 -7.22 -2.35 -6.63 0.00
-1.57 -7.20 -2.36 -6.58 0.00
-1.59 -7.18 -2.42 -6.62 0.00
-1.62 -7.15 -2.45 -6.61 0.00
-1.65 -7.14 -2.48 -6.58 0.00
-1.67 -7.13 -2.48 -6.54 0.00
-1.68 -7.10 -2.53 -6.56 0.00
-1.72 -7.09 -2.58 -6.59 0.00
-1.74 -7.07 -2.62 -6.58 0.00
-1.77 -7.05 -2.65 -6.58 0.00
-1.80 -7.03 -2.69 -6.58 0.00
-1.83 -7.01 -2.68 -6.49 0.00
-1.87 -6.99 -2.67 -6.40 0.00
-1.91 -6.98 -2.73 -6.41 0.00
-1.94 -6.95 -2.74 -6.35 0.00
-1.98 -6.93 -2.75 -6.30 0.00
-2.01 -6.91 -2.76 -6.24 0.00
-2.04 -6.89 -2.77 -6.20 0.00
-2.07 -6.87 -2.79 -6.18 0.00
-2.09 -6.85 -2.82 -6.16 0.00
-2.11 -6.83 -2.83 -6.13 0.00
-2.13 -6.81 -2.85 -6.11 0.00
-2.15 -6.79 -2.87 -6.09 0.00
-2.18 -6.77 -2.89 -6.07 0.00
-2.20 -6.74 -2.91 -6.04 0.00
-2.22 -6.72 -2.93 -6.02 0.00
-2.24 -6.70 -2.94 -5.98 0.00
-2.27 -6.67 -2.84 -5.86 0.00
-2.30 -6.64 -2.80 -5.78 0.00
-2.32 -6.61 -2.76 -5.72 0.00
-2.34 -6.59 -2.73 -5.67 0.00
-2.37 -6.56 -2.64 -5.59 0.00
-2.40 -6.53 -2.59 -5.55 0.00
-2.41 -6.50 -2.57 -5.51 0.00
-2.42 -6.47 -2.59 -5.48 0.00
-2.42 -6.43 -2.62 -5.45 0.00
-2.43 -6.40 -2.65 -5.42 0.00
-2.43 -6.37 -2.69 -5.40 0.00
-2.44 -6.33 -2.73 -5.38 0.00
-2.44 -6.30 -2.77 -5.36 0.00
-2.45 -6.27 -2.81 -5.34 0.00
-2.46 -6.24 -2.86 -5.32 0.00
-2.47 -6.20 -2.90 -5.30 0.00
-2.48 -6.17 -2.82 -5.23 0.00
-2.50 -6.13 -2.77 -5.17 0.00
-2.51 -6.09 -2.72 -5.12 0.00
-2.53 -6.06 -2.66 -5.07 0.00
-2.55 -6.03 -2.61 -5.03 0.00
-2.56 -5.99 -2.54 -4.99 0.00
-2.58 -5.95 -2.48 -4.96 0.00
-2.57 -5.92 -2.48 -4.92 0.00
-2.57 -5.88 -2.48 -4.89 0.00
-2.57 -5.85 -2.50 -4.85 0.00
-2.56 -5.81 -2.51 -4.81 0.00
-2.56 -5.78 -2.54 -4.78 0.00
-2.56 -5.74 -2.57 -4.74 0.00
-2.55 -5.71 -2.60 -4.71 0.00
-2.55 -5.67 -2.64 -4.68 0.00
-2.55 -5.63 -2.68 -4.64 0.00
-2.55 -5.60 -2.59 -4.60 0.00
-2.56 -5.56 -2.52 -4.56 0.00
-2.56 -5.52 -2.45 -4.52 0.00
-2.56 -5.48 -2.36 -4.50 0.00
-2.57 -5.44 -2.30 -4.48 0.00
-2.57 -5.40 -2.23 -4.47 0.00
-2.57 -5.37 -2.17 -4.45 0.00
-2.56 -5.33 -2.14 -4.43 0.00
-2.55 -5.30 -2.13 -4.39 0.00
-2.53 -5.27 -2.12 -4.36 0.00
-2.52 -5.23 -2.11 -4.32 0.00
-2.50 -5.20 -2.11 -4.28 0.00
-2.49 -5.17 -2.12 -4.23 0.00
-2.47 -5.13 -2.15 -4.18 0.00
-2.45 -5.10 -2.17 -4.14 0.00
-2.44 -5.06 -2.20 -4.09 0.00
-2.43 -5.03 -2.17 -4.06 0.00
-2.41 -4.99 -2.13 -4.03 0.00
-2.40 -4.95 -2.03 -4.03 0.00
-2.39 -4.91 -1.99 -3.99 0.00
-2.38 -4.87 -1.95 -3.97 0.00
-2.34 -4.82 -1.96 -3.90 0.00
-2.36 -4.79 -1.82 -3.95 0.00
-2.37 -4.87 -1.41 -4.60 0.00
-2.32 -4.72 -1.74 -3.90 0.00
-2.31 -4.69 -1.74 -3.87 0.00
-2.28 -4.66 -1.71 -3.84 0.00
-2.26 -4.63 -1.70 -3.80 0.00
-2.24 -4.59 -1.70 -3.75 0.00
-2.21 -4.56 -1.68 -3.71 0.00
-2.19 -4.53 -1.66 -3.68 0.00
-2.17 -4.49 -1.64 -3.65 0.00
-2.15 -4.46 -1.58 -3.64 0.00
-2.15 -4.42 -1.46 -3.70 0.00
-2.09 -4.38 -1.45 -3.62 0.00
-2.08 -4.36 -1.40 -3.61 0.00
-2.05 -4.32 -1.36 -3.60 0.00
-2.04 -4.28 -1.30 -3.59 0.00
-2.01 -4.24 -1.23 -3.61 0.00
-1.97 -4.21 -1.18 -3.60 0.00
-1.94 -4.18 -1.13 -3.58 0.00
-1.90 -4.16 -1.12 -3.53 0.00
-1.85 -4.13 -1.00 -3.62 0.00
-1.77 -4.09 -1.02 -3.43 0.00
-1.79 -4.08 -0.98 -3.49 0.00
-1.76 -4.04 -0.90 -3.53 0.00
-1.75 -4.00 -1.00 -3.34 0.00
-1.72 -3.98 -0.94 -3.35 0.00
-1.74 -3.91 -0.81 -3.56 0.00
-1.66 -3.91 -0.77 -3.45 0.00
-1.60 -3.86 -0.66 -3.51 0.00
-1.57 -3.85 -0.63 -3.51 0.00
-1.54 -3.82 -0.58 -3.56 0.00
-1.47 -3.80 -0.52 -3.48 0.00
-1.44 -3.78 -0.44 -3.72 0.00
-1.41 -3.75 -0.42 -3.62 0.00
-1.35 -3.68 -0.35 -3.54 0.00
-1.30 -3.70 -0.30 -3.79 0.00
-1.26 -3.73 -0.28 -3.93 0.00
-1.24 -3.75 -0.25 -3.90 0.00
-1.20 -3.73 -0.21 -3.88 0.00
-1.14 -3.74 -0.16 -3.93 0.00
-1.11 -3.74 -0.12 -3.83 0.00
-1.08 -3.73 -0.10 -3.93 0.00
-1.08 -3.73 -0.54 -4.57 1.00
-1.08 -3.71 -1.23 -4.70 1.00
-1.07 -3.72 -1.86 -4.34 1.00
-1.10 -3.74 -1.83 -4.43 0.00
-1.13 -3.77 -1.74 -4.56 0.00
-1.20 -3.78 -1.63 -4.68 0.00
-1.21 -3.83 -1.57 -4.76 0.00
-1.23 -3.83 -1.37 -4.82 0.00
-1.27 -3.86 -1.41 -4.85 0.00
-1.30 -3.89 -1.29 -4.89 0.00
-1.29 -3.95 -1.09 -4.93 0.00
-1.28 -3.97 -1.20 -4.97 0.00
-1.28 -4.01 -1.23 -5.01 0.00
-1.29 -4.06 -1.20 -5.05 0.00
-1.28 -4.09 -1.24 -5.09 0.00
-1.27 -4.14 -1.16 -5.13 0.00
-1.27 -4.17 -1.21 -5.17 0.00
-1.27 -4.22 -1.17 -5.21 0.00
-1.24 -4.26 -1.14 -5.25 0.00
-1.28 -4.25 -1.97 -4.98 1.00
-1.30 -4.26 -2.30 -4.28 1.00
-1.35 -4.26 -2.34 -4.21 0.00
-1.38 -4.24 -2.38 -4.14 0.00
-1.41 -4.26 -2.40 -4.23 0.00
-1.42 -4.26 -2.42 -4.38 0.00
-1.46 -4.25 -2.39 -4.62 0.00
-1.52 -4.25 -2.44 -4.64 0.00
-1.57 -4.24 -2.38 -4.83 0.00
-1.62 -4.25 -2.37 -4.92 0.00
-1.65 -4.25 -2.29 -5.02 0.00
-1.68 -4.28 -2.32 -5.05 0.00
-1.69 -4.31 -2.29 -5.11 0.00
-1.74 -4.34 -2.53 -4.95 0.00
-1.72 -4.38 -2.16 -5.28 0.00
-1.73 -4.37 -2.23 -5.24 0.00
-1.79 -4.41 -2.24 -5.30 0.00
-1.82 -4.45 -2.23 -5.36 0.00
-1.83 -4.47 -2.08 -5.43 0.00
-1.84 -4.51 -2.09 -5.48 0.00
-1.88 -4.55 -2.12 -5.52 0.00
-1.89 -4.60 -2.04 -5.59 0.00
-1.90 -4.63 -1.94 -5.63 0.00
-1.92 -4.67 -1.91 -5.67 0.00
-1.93 -4.70 -1.83 -5.70 0.00
-1.94 -4.74 -1.78 -5.73 0.00
-1.94 -4.80 -1.83 -5.79 0.00
-1.94 -4.83 -1.80 -5.83 0.00
-1.92 -4.87 -1.74 -5.86 0.00
-2.00 -4.90 -2.34 -5.84 0.00
-1.92 -4.98 -1.80 -5.97 0.00
-1.91 -5.01 -1.75 -5.99 0.00
-1.89 -5.05 -1.66 -6.02 0.00
-1.89 -5.09 -1.61 -6.05 0.00
-1.89 -5.13 -1.49 -6.05 0.00
-1.90 -5.17 -1.40 -6.04 0.00
-1.88 -5.21 -1.38 -6.07 0.00
-1.87 -5.25 -1.34 -6.10 0.00
-1.84 -5.29 -1.32 -6.14 0.00
-1.82 -5.32 -1.27 -6.16 0.00
-1.80 -5.36 -1.20 -6.16 0.00
-1.77 -5.40 -1.13 -6.16 0.00
-1.75 -5.44 -1.06 -6.17 0.00
-1.72 -5.48 -0.99 -6.16 0.00
-1.70 -5.52 -0.92 -6.15 0.00
-1.67 -5.56 -0.86 -6.14 0.00
-1.64 -5.60 -0.81 -6.15 0.00
-1.60 -5.62 -0.77 -6.18 0.00
-1.56 -5.65 -0.73 -6.20 0.00
-1.53 -5.68 -0.69 -6.22 0.00
-1.49 -5.70 -0.65 -6.24 0.00
-1.46 -5.72 -0.62 -6.26 0.00
-1.42 -5.74 -0.58 -6.28 0.00
-1.39 -5.76 -0.55 -6.30 0.00
-1.35 -5.79 -0.51 -6.32 0.00
-1.32 -5.81 -0.46 -6.33 0.00
-1.28 -5.84 -0.40 -6.32 0.00
-1.24 -5.86 -0.36 -6.32 0.00
-1.21 -5.88 -0.30 -6.32 0.00
-1.17 -5.91 -0.26 -6.31 0.00
-1.13 -5.93 -0.21 -6.31 0.00
-1.09 -5.95 -0.16 -6.32 0.00
-1.06 -5.97 -0.12 -6.31 0.00
-1.02 -5.98 -0.09 -6.34 0.00
-0.98 -6.00 -0.04 -6.34 0.00
-0.94 -6.01 -0.00 -6.36 0.00
-0.90 -6.02 0.04 -6.37 0.00
-0.86 -6.04 0.07 -6.38 0.00
-0.82 -6.05 0.11 -6.40 0.00
-0.79 -6.06 0.15 -6.40 0.00
-0.75 -6.08 0.20 -6.40 0.00
-0.71 -6.09 0.24 -6.40 0.00
-0.67 -6.11 0.29 -6.38 0.00
-0.63 -6.12 0.34 -6.36 0.00
-0.59 -6.14 0.39 -6.33 0.00
-0.56 -6.15 0.43 -6.32 0.00
-0.52 -6.16 0.47 -6.30 0.00
-0.47 -6.17 0.52 -6.26 0.00
-0.44 -6.18 0.56 -6.27 0.00
-0.40 -6.19 0.60 -6.26 0.00
-0.36 -6.19 0.64 -6.23 0.00
-0.32 -6.19 0.68 -6.21 0.00
-0.28 -6.20 0.71 -6.32 0.00
-0.24 -6.20 0.74 -6.37 0.00
-0.20 -6.20 0.77 -6.43 0.00
-0.16 -6.20 0.80 -6.48 0.00
-0.12 -6.20 0.83 -6.51 0.00
-0.08 -6.20 0.84 -6.58 0.00
-0.05 -6.21 0.87 -6.61 0.00
-0.01 -6.23 0.91 -6.63 0.00
0.03 -6.25 0.95 -6.64 0.00
0.07 -6.26 0.99 -6.64 0.00
0.11 -6.28 1.05 -6.62 0.00
0.15 -6.30 1.10 -6.60 0.00
0.18 -6.31 1.15 -6.59 0.00
0.22 -6.33 1.19 -6.60 0.00
0.26 -6.34 1.24 -6.56 0.00
0.30 -6.36 1.27 -6.61 0.00
0.34 -6.38 1.31 -6.59 0.00
0.37 -6.39 1.35 -6.59 0.00
0.39 -6.39 1.37 -6.58 0.00
0.45 -6.41 1.43 -6.58 0.00
0.47 -6.39 1.45 -6.60 0.00
0.53 -6.42 1.53 -6.50 0.00
0.57 -6.42 1.57 -6.47 0.00
0.61 -6.44 1.61 -6.45 0.00
0.64 -6.45 1.64 -6.41 0.00
0.68 -6.46 1.68 -6.34 0.00
0.80 -6.52 1.76 -6.27 0.00
0.79 -6.45 1.77 -6.29 0.00
0.82 -6.45 1.82 -6.41 0.00
0.86 -6.44 1.85 -6.33 0.00
0.92 -6.43 1.91 -6.29 0.00
0.95 -6.43 1.95 -6.31 0.00
0.99 -6.43 1.98 -6.32 0.00
1.03 -6.43 2.03 -6.33 0.00
1.08 -6.41 2.08 -6.35 0.00
1.12 -6.41 2.12 -6.39 0.00
1.16 -6.41 2.16 -6.38 0.00
1.20 -6.40 2.20 -6.36 0.00
1.22 -6.39 2.22 -6.48 0.00
1.28 -6.40 2.27 -6.51 0.00
1.32 -6.39 2.32 -6.46 0.00
1.36 -6.41 2.36 -6.43 0.00
1.41 -6.43 2.40 -6.55 0.00
1.43 -6.39 2.41 -6.60 0.00
1.48 -6.42 2.47 -6.57 0.00
1.51 -6.43 2.50 -6.54 0.00
1.59 -6.43 2.59 -6.45 0.00
1.62 -6.45 2.62 -6.54 0.00
1.62 -6.45 2.25 -7.23 1.00
1.63 -6.45 1.55 -7.45 1.00
1.62 -6.46 0.85 -7.10 1.00
1.61 -6.46 0.62 -6.37 1.00
1.62 -6.44 0.91 -5.74 1.00
1.60 -6.36 0.89 -5.65 0.00
1.55 -6.37 0.68 -5.87 0.00
1.52 -6.34 0.59 -5.98 0.00
