3.70 -0.50 4.07 0.43 0.00
3.71 -0.47 3.97 0.50 0.00
3.73 -0.42 3.86 0.57 0.00
3.74 -0.39 3.77 0.61 0.00
3.76 -0.36 3.67 0.64 0.00
3.77 -0.32 3.59 0.66 0.00
3.79 -0.29 3.51 0.67 0.00
3.79 -0.25 3.46 0.70 0.00
3.78 -0.21 3.44 0.73 0.00
3.77 -0.16 3.42 0.78 0.00
3.75 -0.12 3.36 0.81 0.00
3.73 -0.07 3.30 0.83 0.00
3.72 -0.03 3.23 0.85 0.00
3.71 0.02 3.17 0.86 0.00
3.69 0.06 3.11 0.88 0.00
3.67 0.11 3.03 0.88 0.00
3.65 0.15 2.99 0.90 0.00
3.63 0.20 2.92 0.91 0.00
3.61 0.23 2.90 0.93 0.00
3.57 0.26 2.84 0.95 0.00
3.55 0.29 2.79 0.95 0.00
3.51 0.32 2.74 0.95 0.00
3.48 0.35 2.67 0.94 0.00
3.45 0.38 2.60 0.91 0.00
3.42 0.40 2.57 0.93 0.00
3.38 0.44 2.48 0.87 0.00
3.35 0.46 2.43 0.85 0.00
3.31 0.49 2.38 0.85 0.00
3.27 0.51 2.33 0.85 0.00
3.22 0.53 2.28 0.85 0.00
3.18 0.55 2.23 0.87 0.00
3.13 0.57 2.18 0.88 0.00
3.07 0.58 2.12 0.89 0.00
3.07 0.58 2.62 1.47 1.00
3.06 0.62 2.56 1.48 0.00
3.04 0.65 2.51 1.49 0.00
3.02 0.68 2.47 1.52 0.00
3.03 0.74 2.42 1.53 0.00
2.98 0.77 2.44 1.61 0.00
2.96 0.81 2.38 1.63 0.00
2.94 0.85 2.33 1.65 0.00
2.91 0.87 2.21 1.59 0.00
2.87 0.92 2.13 1.59 0.00
2.85 0.95 2.09 1.59 0.00
2.82 0.99 2.03 1.60 0.00
2.80 1.02 1.98 1.59 0.00
2.77 1.06 1.95 1.63 0.00
2.72 1.08 1.90 1.64 0.00
2.66 1.12 1.75 1.55 0.00
2.65 1.18 1.88 1.82 0.00
2.61 1.23 1.82 1.84 0.00
2.58 1.24 1.78 1.84 0.00
2.55 1.27 1.72 1.84 0.00
2.51 1.30 1.66 1.82 0.00
2.47 1.33 1.59 1.80 0.00
2.44 1.36 1.53 1.77 0.00
2.40 1.39 1.47 1.76 0.00
2.36 1.41 1.41 1.71 0.00
2.33 1.43 1.36 1.70 0.00
2.29 1.45 1.32 1.70 0.00
2.24 1.46 1.27 1.70 0.00
2.20 1.47 1.23 1.71 0.00
2.16 1.48 1.19 1.71 0.00
2.12 1.49 1.15 1.71 0.00
2.08 1.50 1.11 1.71 0.00
2.04 1.51 1.06 1.71 0.00
2.01 1.54 1.02 1.66 0.00
1.96 1.54 0.98 1.71 0.00
1.92 1.55 0.94 1.72 0.00
1.88 1.55 0.90 1.73 0.00
1.84 1.56 0.86 1.73 0.00
1.80 1.57 0.81 1.71 0.00
1.76 1.58 0.77 1.72 0.00
1.71 1.58 0.72 1.67 0.00
1.67 1.59 0.67 1.59 0.00
1.63 1.60 0.63 1.59 0.00
1.59 1.61 0.59 1.58 0.00
1.55 1.61 0.55 1.54 0.00
1.51 1.61 0.51 1.53 0.00
1.47 1.61 0.47 1.52 0.00
1.42 1.61 0.43 1.53 0.00
1.38 1.60 0.38 1.61 0.00
1.34 1.60 0.34 1.59 0.00
1.30 1.61 0.30 1.60 0.00
1.26 1.61 0.26 1.61 0.00
1.22 1.61 0.22 1.63 0.00
1.18 1.61 0.18 1.66 0.00
1.14 1.61 0.14 1.70 0.00
1.10 1.60 0.11 1.75 0.00
1.06 1.60 0.08 1.80 0.00
1.02 1.60 0.05 1.86 0.00
0.98 1.61 0.02 1.90 0.00
0.94 1.61 -0.01 1.95 0.00
0.90 1.62 -0.04 1.98 0.00
0.86 1.63 -0.07 2.02 0.00
0.82 1.65 -0.10 2.05 0.00
0.78 1.66 -0.13 2.08 0.00
0.74 1.68 -0.17 2.10 0.00
0.70 1.70 -0.19 2.17 0.00
0.65 1.71 -0.21 2.21 0.00
0.61 1.73 -0.24 2.26 0.00
0.56 1.75 -0.27 2.31 0.00
0.54 1.78 -0.30 2.32 0.00
0.50 1.80 -0.30 2.40 0.00
0.46 1.82 -0.32 2.44 0.00
0.43 1.87 -0.45 2.35 0.00
0.38 1.87 -0.42 2.47 0.00
0.35 1.88 -0.43 2.52 0.00
0.33 1.91 -0.38 2.62 0.00
0.28 1.94 -0.44 2.63 0.00
0.26 1.95 -0.48 2.63 0.00
0.22 2.00 -0.48 2.71 0.00
0.16 2.05 -0.28 2.95 0.00
0.09 2.10 -0.41 2.96 0.00
0.07 2.10 0.35 3.06 1.00
0.07 2.10 0.95 2.58 1.00
0.07 2.12 0.92 2.64 0.00
0.14 2.14 0.99 2.66 0.00
0.19 2.16 1.01 2.73 0.00
0.23 2.18 1.07 2.72 0.00
0.24 2.16 1.09 2.69 0.00
0.29 2.23 1.10 2.81 0.00
0.33 2.24 1.12 2.85 0.00
0.40 2.30 0.89 3.18 0.00
0.43 2.29 1.07 3.06 0.00
0.45 2.34 0.97 3.19 0.00
0.46 2.35 0.88 3.26 0.00
0.48 2.35 0.83 3.29 0.00
0.51 2.39 0.80 3.34 0.00
0.53 2.42 0.76 3.39 0.00
0.54 2.45 0.79 3.42 0.00
0.55 2.49 0.77 3.47 0.00
0.56 2.53 0.67 3.53 0.00
0.58 2.57 0.60 3.57 0.00
0.59 2.61 0.54 3.61 0.00
0.60 2.65 0.47 3.65 0.00
0.61 2.70 0.42 3.68 0.00
0.61 2.74 0.37 3.71 0.00
0.60 2.77 0.36 3.74 0.00
0.59 2.81 0.35 3.78 0.00
0.59 2.84 0.36 3.82 0.00
0.58 2.89 0.32 3.86 0.00
0.57 2.94 0.25 3.89 0.00
0.57 2.97 0.24 3.92 0.00
0.55 3.01 0.21 3.95 0.00
0.54 3.06 0.17 3.99 0.00
0.53 3.09 0.12 4.00 0.00
0.51 3.13 0.08 4.03 0.00
0.52 3.17 -0.12 3.93 0.00
0.48 3.22 -0.15 3.99 0.00
0.47 3.26 -0.21 4.00 0.00
0.45 3.30 -0.24 4.02 0.00
0.44 3.34 -0.29 4.02 0.00
0.40 3.39 -0.46 3.91 0.00
0.35 3.41 -0.43 4.04 0.00
0.31 3.45 -0.45 4.10 0.00
0.25 3.49 -0.61 3.98 0.00
0.23 3.52 -0.58 4.11 0.00
0.19 3.55 -0.50 4.28 0.00
0.16 3.57 -0.61 4.21 0.00
0.10 3.61 -0.55 4.36 0.00
0.05 3.67 -0.70 4.33 0.00
-0.01 3.72 -0.81 4.32 0.00
-0.02 3.73 -0.81 4.34 0.00
-0.05 3.76 -0.91 4.27 0.00
-0.08 3.79 -0.97 4.25 0.00
-0.11 3.82 -1.03 4.22 0.00
-0.15 3.85 -1.09 4.20 0.00
-0.19 3.87 -1.13 4.19 0.00
-0.23 3.88 -1.18 4.18 0.00
-0.27 3.90 -1.23 4.18 0.00
-0.30 3.91 -1.27 4.18 0.00
-0.34 3.93 -1.31 4.18 0.00
-0.38 3.94 -1.35 4.18 0.00
-0.42 3.95 -1.40 4.18 0.00
-0.46 3.96 -1.44 4.18 0.00
-0.51 3.97 -1.48 4.19 0.00
-0.55 3.98 -1.52 4.20 0.00
-0.59 3.99 -1.56 4.21 0.00
-0.63 4.00 -1.60 4.23 0.00
-0.68 4.01 -1.64 4.29 0.00
-0.72 4.02 -1.68 4.33 0.00
-0.77 4.03 -1.69 4.41 0.00
-0.81 4.04 -1.71 4.47 0.00
-0.85 4.06 -1.73 4.53 0.00
-0.89 4.07 -1.75 4.59 0.00
-0.94 4.08 -1.76 4.64 0.00
-0.98 4.10 -1.77 4.71 0.00
-1.02 4.12 -1.79 4.76 0.00
-1.06 4.15 -1.82 4.80 0.00
-1.09 4.18 -1.85 4.83 0.00
-1.13 4.21 -1.89 4.87 0.00
-1.17 4.24 -1.92 4.91 0.00
-1.21 4.28 -1.96 4.94 0.00
-1.25 4.31 -1.99 4.98 0.00
-1.29 4.34 -2.03 5.02 0.00
-1.32 4.37 -2.13 4.96 0.00
-1.35 4.40 -2.19 4.94 0.00
-1.38 4.43 -2.25 4.93 0.00
-1.42 4.46 -2.31 4.91 0.00
-1.45 4.48 -2.36 4.89 0.00
-1.48 4.51 -2.42 4.87 0.00
-1.52 4.53 -2.46 4.85 0.00
-1.56 4.55 -2.51 4.86 0.00
-1.59 4.56 -2.54 4.88 0.00
-1.64 4.58 -2.58 4.90 0.00
-1.68 4.59 -2.62 4.92 0.00
-1.72 4.60 -2.66 4.94 0.00
-1.76 4.62 -2.70 4.96 0.00
-1.80 4.63 -2.74 4.97 0.00
-1.84 4.64 -2.77 4.99 0.00
-1.88 4.66 -2.81 5.02 0.00
-1.91 4.68 -2.86 4.99 0.00
-1.95 4.69 -2.91 5.00 0.00
-1.99 4.71 -2.95 5.01 0.00
-2.04 4.72 -2.99 5.01 0.00
-2.08 4.73 -3.03 5.02 0.00
-2.11 4.75 -3.08 5.00 0.00
-2.16 4.76 -3.12 5.03 0.00
-2.20 4.77 -3.15 5.06 0.00
-2.24 4.78 -3.19 5.09 0.00
-2.28 4.80 -3.22 5.14 0.00
-2.32 4.81 -3.24 5.20 0.00
-2.36 4.82 -3.25 5.27 0.00
-2.40 4.83 -3.25 5.35 0.00
-2.44 4.84 -3.25 5.42 0.00
-2.47 4.86 -3.25 5.49 0.00
-2.51 4.87 -3.24 5.55 0.00
-2.54 4.90 -3.26 5.59 0.00
-2.57 4.93 -3.29 5.62 0.00
-2.60 4.96 -3.31 5.66 0.00
-2.64 4.99 -3.35 5.69 0.00
-2.66 5.01 -3.35 5.74 0.00
-2.69 5.03 -3.31 5.82 0.00
-2.72 5.07 -3.40 5.81 0.00
-2.75 5.10 -3.41 5.85 0.00
-2.78 5.13 -3.43 5.89 0.00
-2.81 5.16 -3.45 5.93 0.00
-2.83 5.19 -3.46 5.97 0.00
-2.83 5.18 -3.27 6.08 0.00
-2.84 5.26 -3.62 5.90 0.00
-2.89 5.30 -3.63 5.97 0.00
-2.94 5.31 -3.54 6.11 0.00
-2.98 5.33 -3.68 6.05 0.00
-3.01 5.36 -3.70 6.09 0.00
-3.04 5.39 -3.80 6.03 0.00
-3.07 5.41 -3.78 6.12 0.00
-3.10 5.44 -3.81 6.15 0.00
-3.12 5.47 -3.75 6.24 0.00
-3.15 5.51 -3.83 6.24 0.00
-3.17 5.54 -3.89 6.24 0.00
-3.21 5.56 -4.07 6.07 0.00
-3.24 5.62 -3.80 6.45 0.00
-3.28 5.66 -3.94 6.42 0.00
-3.32 5.71 -3.90 6.52 0.00
-3.31 5.69 -3.94 6.47 0.00
-3.34 5.72 -3.98 6.49 0.00
-3.36 5.75 -4.00 6.53 0.00
-3.39 5.78 -4.03 6.55 0.00
-3.42 5.81 -4.05 6.59 0.00
-3.44 5.84 -4.07 6.62 0.00
-3.47 5.87 -4.07 6.67 0.00
-3.50 5.90 -4.09 6.71 0.00
-3.52 5.93 -4.09 6.75 0.00
-3.55 5.96 -4.10 6.80 0.00
-3.57 6.00 -4.12 6.83 0.00
-3.59 6.03 -4.12 6.88 0.00
-3.61 6.06 -4.14 6.91 0.00
-3.64 6.09 -4.16 6.94 0.00
-3.66 6.13 -4.19 6.98 0.00
-3.68 6.16 -4.20 7.02 0.00
-3.70 6.20 -4.21 7.06 0.00
-3.72 6.23 -4.22 7.09 0.00
-3.74 6.27 -4.24 7.13 0.00
-3.76 6.30 -4.25 7.17 0.00
-3.78 6.33 -4.27 7.21 0.00
-3.78 6.33 -3.51 7.30 1.00
-3.78 6.33 -2.91 6.82 1.00
-3.78 6.33 -2.82 6.06 1.00
-3.74 6.32 -2.78 6.04 0.00
-3.70 6.31 -2.74 6.04 0.00
-3.66 6.30 -2.70 6.03 0.00
-3.62 6.28 -2.66 6.00 0.00
-3.58 6.27 -2.63 5.96 0.00
-3.54 6.26 -2.60 5.93 0.00
-3.50 6.25 -2.57 5.87 0.00
-3.46 6.24 -2.54 5.84 0.00
-3.41 6.23 -2.51 5.81 0.00
-3.37 6.21 -2.48 5.78 0.00
-3.33 6.20 -2.44 5.75 0.00
-3.29 6.17 -2.40 5.73 0.00
-3.25 6.15 -2.35 5.72 0.00
-3.21 6.13 -2.30 5.71 0.00
-3.17 6.11 -2.26 5.69 0.00
-3.13 6.09 -2.21 5.70 0.00
-3.08 6.08 -2.18 5.66 0.00
-3.05 6.07 -2.14 5.65 0.00
-3.01 6.05 -2.10 5.61 0.00
-2.97 6.03 -2.05 5.62 0.00
-2.93 6.02 -2.02 5.60 0.00
-2.89 6.00 -2.02 5.50 0.00
-2.85 5.98 -2.01 5.44 0.00
-2.81 5.96 -2.00 5.38 0.00
-2.77 5.94 -1.99 5.32 0.00
-2.73 5.92 -1.98 5.27 0.00
-2.69 5.91 -1.96 5.22 0.00
-2.66 5.87 -1.95 5.17 0.00
-2.62 5.84 -1.92 5.13 0.00
-2.58 5.80 -1.86 5.10 0.00
-2.54 5.77 -1.83 5.06 0.00
-2.50 5.73 -1.79 5.02 0.00
-2.48 5.69 -1.74 5.02 0.00
-2.45 5.67 -1.71 4.99 0.00
-2.42 5.64 -1.68 4.96 0.00
-2.38 5.61 -1.66 4.92 0.00
-2.36 5.58 -1.64 4.88 0.00
-2.32 5.55 -1.63 4.83 0.00
-2.29 5.52 -1.62 4.78 0.00
-2.26 5.50 -1.61 4.74 0.00
