3.90 4.40 2.93 4.15 0.00
3.86 4.39 2.92 4.05 0.00
3.82 4.38 2.90 3.98 0.00
3.78 4.37 2.90 3.89 0.00
3.74 4.36 2.89 3.83 0.00
3.70 4.35 2.89 3.76 0.00
3.67 4.33 2.90 3.70 0.00
3.63 4.32 2.89 3.64 0.00
3.60 4.30 2.88 3.60 0.00
3.56 4.26 2.84 3.57 0.00
3.54 4.24 2.82 3.54 0.00
3.50 4.20 2.80 3.49 0.00
3.46 4.17 2.78 3.44 0.00
3.43 4.14 2.76 3.39 0.00
3.40 4.11 2.74 3.35 0.00
3.36 4.07 2.70 3.33 0.00
3.33 4.04 2.67 3.29 0.00
3.29 4.00 2.64 3.24 0.00
3.26 3.96 2.60 3.21 0.00
3.22 3.92 2.59 3.15 0.00
3.18 3.87 2.57 3.09 0.00
3.15 3.84 2.56 3.03 0.00
3.11 3.79 2.56 2.96 0.00
3.08 3.75 2.56 2.90 0.00
3.04 3.71 2.55 2.84 0.00
3.01 3.67 2.58 2.77 0.00
2.99 3.64 2.52 2.75 0.00
2.97 3.60 2.52 2.70 0.00
2.95 3.56 2.49 2.68 0.00
2.93 3.52 2.49 2.62 0.00
2.91 3.48 2.46 2.59 0.00
2.89 3.44 2.44 2.55 0.00
2.87 3.40 2.41 2.52 0.00
2.86 3.37 2.35 2.51 0.00
2.84 3.33 2.31 2.48 0.00
2.82 3.29 2.29 2.45 0.00
2.80 3.25 2.23 2.43 0.00
2.78 3.22 2.13 2.46 0.00
2.75 3.17 2.19 2.35 0.00
2.73 3.14 2.17 2.31 0.00
2.70 3.10 2.15 2.27 0.00
2.68 3.06 2.13 2.23 0.00
2.65 3.03 2.12 2.18 0.00
2.62 2.99 2.11 2.13 0.00
2.60 2.95 2.10 2.09 0.00
2.57 2.91 2.09 2.04 0.00
2.55 2.87 2.08 1.99 0.00
2.52 2.84 2.07 1.94 0.00
2.50 2.80 2.06 1.90 0.00
2.49 2.76 1.94 1.92 0.00
2.47 2.72 1.87 1.92 0.00
2.46 2.68 1.81 1.92 0.00
2.44 2.64 1.76 1.91 0.00
2.42 2.60 1.72 1.88 0.00
2.38 2.57 1.68 1.86 0.00
2.35 2.53 1.65 1.82 0.00
2.31 2.50 1.61 1.78 0.00
2.28 2.46 1.58 1.74 0.00
2.24 2.42 1.56 1.69 0.00
2.20 2.39 1.55 1.63 0.00
2.17 2.35 1.53 1.58 0.00
2.13 2.31 1.52 1.52 0.00
2.10 2.28 1.50 1.47 0.00
2.06 2.24 1.50 1.41 0.00
2.03 2.20 1.49 1.36 0.00
2.02 2.16 1.45 1.34 0.00
1.99 2.12 1.40 1.31 0.00
1.96 2.10 1.41 1.26 0.00
1.94 2.05 1.36 1.24 0.00
1.91 2.02 1.34 1.20 0.00
1.89 1.98 1.30 1.17 0.00
1.87 1.95 1.27 1.15 0.00
1.84 1.91 1.24 1.11 0.00
1.81 1.88 1.22 1.07 0.00
1.79 1.83 1.17 1.04 0.00
1.76 1.81 1.12 1.04 0.00
1.74 1.77 1.11 0.98 0.00
1.70 1.73 1.10 0.93 0.00
1.67 1.69 1.09 0.88 0.00
1.65 1.65 1.07 0.84 0.00
1.62 1.62 1.06 0.78 0.00
1.58 1.58 1.07 0.72 0.00
1.55 1.54 1.10 0.65 0.00
1.51 1.51 1.09 0.60 0.00
1.50 1.47 1.12 0.54 0.00
1.48 1.43 1.14 0.49 0.00
1.46 1.39 1.15 0.44 0.00
1.44 1.35 1.17 0.39 0.00
1.43 1.31 1.19 0.34 0.00
1.41 1.27 1.21 0.29 0.00
1.40 1.23 1.22 0.25 0.00
1.39 1.20 1.22 0.21 0.00
1.38 1.15 1.22 0.17 0.00
1.37 1.12 1.21 0.13 0.00
1.37 1.07 1.19 0.09 0.00
1.36 1.03 1.18 0.05 0.00
1.35 1.00 1.13 0.03 0.00
1.35 0.96 0.99 0.02 0.00
1.34 0.92 0.92 0.01 0.00
1.33 0.89 0.86 0.00 0.00
1.32 0.84 0.80 -0.01 0.00
1.32 0.80 0.75 -0.02 0.00
1.30 0.76 0.71 -0.05 0.00
1.27 0.72 0.69 -0.09 0.00
1.24 0.69 0.66 -0.13 0.00
1.21 0.65 0.65 -0.17 0.00
1.18 0.61 0.63 -0.22 0.00
1.15 0.57 0.61 -0.27 0.00
1.13 0.53 0.59 -0.32 0.00
1.10 0.49 0.57 -0.36 0.00
1.07 0.45 0.55 -0.40 0.00
1.05 0.41 0.53 -0.45 0.00
1.02 0.37 0.50 -0.49 0.00
0.99 0.33 0.48 -0.53 0.00
0.97 0.29 0.46 -0.57 0.00
0.95 0.25 0.43 -0.61 0.00
0.92 0.21 0.40 -0.65 0.00
0.90 0.17 0.37 -0.68 0.00
0.88 0.13 0.35 -0.72 0.00
0.85 0.09 0.32 -0.75 0.00
0.83 0.06 0.29 -0.78 0.00
0.81 0.02 0.26 -0.82 0.00
0.78 -0.02 0.23 -0.85 0.00
0.76 -0.06 0.20 -0.89 0.00
0.73 -0.10 0.18 -0.93 0.00
0.70 -0.13 0.17 -0.98 0.00
0.69 -0.18 0.10 -0.99 0.00
0.65 -0.21 0.12 -1.06 0.00
0.63 -0.25 0.12 -1.11 0.00
0.63 -0.25 -0.34 -0.50 1.00
0.59 -0.27 -0.40 -0.44 0.00
0.54 -0.30 -0.45 -0.40 0.00
0.50 -0.31 -0.50 -0.37 0.00
0.46 -0.31 -0.53 -0.38 0.00
0.42 -0.31 -0.57 -0.39 0.00
0.38 -0.31 -0.61 -0.39 0.00
0.35 -0.32 -0.65 -0.41 0.00
0.33 -0.31 -0.65 -0.53 0.00
0.26 -0.32 -0.66 -0.70 0.00
0.23 -0.32 -0.63 -0.84 0.00
0.19 -0.33 -0.57 -0.98 0.00
0.15 -0.33 -0.52 -1.07 0.00
0.10 -0.33 -0.45 -1.17 0.00
0.07 -0.34 -0.44 -1.21 0.00
0.05 -0.38 -0.45 -1.25 0.00
0.01 -0.40 -0.38 -1.32 0.00
0.01 -0.40 -0.91 -0.78 1.00
0.01 -0.40 -0.90 -0.01 1.00
-0.02 -0.39 -0.94 0.01 0.00
-0.06 -0.37 -0.98 0.02 0.00
-0.09 -0.35 -1.03 0.01 0.00
-0.13 -0.34 -1.06 0.04 0.00
-0.17 -0.33 -1.10 0.03 0.00
-0.20 -0.31 -1.15 0.01 0.00
-0.24 -0.30 -1.21 -0.07 0.00
-0.27 -0.28 -1.27 -0.16 0.00
-0.31 -0.27 -1.31 -0.27 0.00
-0.35 -0.26 -1.34 -0.36 0.00
-0.38 -0.24 -1.36 -0.45 0.00
-0.42 -0.23 -1.37 -0.53 0.00
-0.45 -0.23 -1.38 -0.61 0.00
-0.49 -0.23 -1.40 -0.65 0.00
-0.53 -0.24 -1.42 -0.69 0.00
-0.56 -0.26 -1.44 -0.75 0.00
-0.60 -0.29 -1.41 -0.88 0.00
-0.65 -0.31 -1.38 -0.99 0.00
-0.69 -0.33 -1.33 -1.10 0.00
-0.73 -0.35 -1.27 -1.19 0.00
-0.78 -0.37 -1.19 -1.28 0.00
-0.81 -0.38 -1.11 -1.34 0.00
-0.84 -0.40 -0.89 -1.40 0.00
-0.86 -0.45 -0.95 -1.44 0.00
-0.85 -0.51 -1.00 -1.50 0.00
-0.85 -0.54 -1.03 -1.52 0.00
-0.88 -0.59 -1.10 -1.57 0.00
-0.89 -0.63 -1.16 -1.60 0.00
-0.90 -0.66 -1.16 -1.63 0.00
-0.91 -0.71 -1.19 -1.67 0.00
-0.92 -0.76 -1.24 -1.71 0.00
-0.92 -0.80 -1.24 -1.74 0.00
-0.91 -0.78 -1.82 -1.20 1.00
-0.91 -0.78 -1.84 -0.40 1.00
-0.91 -0.78 -1.34 0.13 1.00
-0.92 -0.77 -0.58 0.18 1.00
-0.90 -0.72 -0.49 0.19 0.00
-0.89 -0.68 -0.37 0.17 0.00
-0.88 -0.64 -0.32 0.18 0.00
-0.86 -0.60 -0.29 0.21 0.00
-0.84 -0.60 -0.21 0.18 0.00
-0.83 -0.51 -0.07 0.15 0.00
-0.80 -0.46 0.05 0.07 0.00
-0.77 -0.42 -0.03 0.25 0.00
-0.76 -0.42 0.00 0.23 0.00
-0.73 -0.40 -0.07 0.35 0.00
-0.70 -0.38 0.10 0.22 0.00
-0.68 -0.38 0.19 0.13 0.00
-0.65 -0.35 0.26 0.06 0.00
-0.61 -0.33 0.34 -0.03 0.00
-0.60 -0.31 0.38 -0.08 0.00
-0.57 -0.29 0.43 -0.16 0.00
-0.52 -0.28 0.47 -0.13 0.00
-0.48 -0.28 0.50 -0.11 0.00
-0.44 -0.27 0.54 -0.09 0.00
-0.41 -0.26 0.59 -0.21 0.00
-0.36 -0.26 0.64 -0.31 0.00
-0.32 -0.25 0.66 -0.43 0.00
-0.29 -0.24 0.68 -0.50 0.00
-0.25 -0.24 0.68 -0.61 0.00
-0.20 -0.23 0.68 -0.69 0.00
-0.16 -0.23 0.68 -0.76 0.00
-0.13 -0.24 0.70 -0.80 0.00
-0.08 -0.27 0.77 -0.79 0.00
-0.05 -0.30 0.79 -0.84 0.00
-0.01 -0.32 0.77 -0.94 0.00
0.03 -0.35 0.76 -1.04 0.00
0.07 -0.38 0.72 -1.13 0.00
0.07 -0.37 -0.00 -1.37 1.00
0.07 -0.37 -0.68 -1.03 1.00
0.07 -0.37 -0.93 -0.31 1.00
0.03 -0.38 -0.96 -0.27 0.00
-0.01 -0.38 -1.00 -0.27 0.00
-0.04 -0.38 -1.03 -0.21 0.00
-0.09 -0.37 -1.08 -0.24 0.00
-0.13 -0.37 -1.12 -0.23 0.00
-0.16 -0.36 -1.16 -0.24 0.00
-0.20 -0.35 -1.20 -0.27 0.00
-0.24 -0.35 -1.24 -0.34 0.00
-0.28 -0.35 -1.27 -0.50 0.00
-0.32 -0.34 -1.27 -0.65 0.00
-0.36 -0.33 -1.23 -0.82 0.00
-0.39 -0.33 -1.21 -0.91 0.00
-0.43 -0.33 -1.17 -1.00 0.00
-0.47 -0.32 -1.11 -1.09 0.00
-0.50 -0.34 -1.11 -1.14 0.00
-0.53 -0.38 -1.15 -1.16 0.00
-0.53 -0.38 -1.52 -0.49 1.00
-0.57 -0.39 -1.57 -0.48 0.00
-0.61 -0.40 -1.60 -0.27 0.00
-0.63 -0.42 -1.63 -0.35 0.00
-0.67 -0.38 -1.66 -0.23 0.00
-0.71 -0.38 -1.70 -0.28 0.00
-0.76 -0.38 -1.76 -0.37 0.00
-0.79 -0.38 -1.79 -0.43 0.00
-0.84 -0.38 -1.84 -0.51 0.00
-0.87 -0.38 -1.86 -0.55 0.00
-0.92 -0.38 -1.89 -0.61 0.00
-0.94 -0.39 -1.90 -0.68 0.00
-0.99 -0.40 -1.96 -0.65 0.00
-1.04 -0.40 -1.96 -0.79 0.00
-1.08 -0.41 -2.01 -0.78 0.00
-1.11 -0.42 -2.02 -0.84 0.00
-1.18 -0.44 -1.91 -1.12 0.00
-1.30 -0.49 -2.30 -0.55 1.00
-1.31 -0.49 -2.05 0.18 1.00
-1.31 -0.49 -1.37 0.51 1.00
-1.31 -0.49 -0.65 0.27 1.00
-1.31 -0.49 -0.31 -0.42 1.00
-1.31 -0.49 -0.55 -1.14 1.00
-1.31 -0.49 -1.24 -1.48 1.00
-1.31 -0.49 -1.97 -1.24 1.00
-1.31 -0.49 -2.30 -0.55 1.00
-1.31 -0.49 -2.06 0.17 1.00
-1.31 -0.49 -1.37 0.51 1.00
-1.31 -0.49 -0.65 0.27 1.00
-1.31 -0.49 -0.31 -0.42 1.00
-1.31 -0.49 -0.56 -1.15 1.00
-1.31 -0.49 -1.24 -1.48 1.00
-1.31 -0.49 -1.97 -1.23 1.00
-1.31 -0.49 -2.30 -0.54 1.00
-1.31 -0.49 -2.06 0.18 1.00
-1.31 -0.49 -1.37 0.51 1.00
-1.31 -0.49 -0.64 0.26 1.00
-1.31 -0.49 -0.31 -0.42 1.00
-1.31 -0.49 -0.56 -1.15 1.00
-1.31 -0.49 -1.24 -1.48 1.00
-1.31 -0.49 -1.97 -1.23 1.00
-1.31 -0.49 -2.30 -0.55 1.00
-1.31 -0.49 -2.06 0.18 1.00
-1.31 -0.49 -1.37 0.51 1.00
-1.31 -0.49 -0.65 0.26 1.00
-1.31 -0.49 -0.31 -0.42 1.00
-1.31 -0.49 -0.56 -1.15 1.00
-1.31 -0.49 -1.24 -1.48 1.00
-1.31 -0.49 -1.97 -1.24 1.00
-1.31 -0.49 -2.30 -0.55 1.00
-1.31 -0.49 -2.06 0.17 1.00
-1.31 -0.49 -1.37 0.51 1.00
-1.31 -0.49 -0.65 0.27 1.00
-1.31 -0.49 -0.31 -0.42 1.00
-1.31 -0.49 -0.55 -1.14 1.00
-1.31 -0.49 -1.24 -1.48 1.00
-1.31 -0.49 -1.96 -1.24 1.00
-1.31 -0.49 -2.30 -0.55 1.00
-1.31 -0.49 -2.06 0.17 1.00
-1.31 -0.49 -1.37 0.51 1.00
-1.31 -0.49 -0.65 0.27 1.00
-1.31 -0.49 -0.31 -0.41 1.00
-1.31 -0.49 -0.55 -1.14 1.00
-1.31 -0.49 -1.23 -1.48 1.00
-1.31 -0.49 -1.96 -1.24 1.00
-1.31 -0.49 -2.30 -0.56 1.00
-1.31 -0.49 -2.06 0.17 1.00
-1.31 -0.49 -1.38 0.51 1.00
-1.31 -0.49 -0.65 0.27 1.00
-1.31 -0.49 -0.31 -0.41 1.00
-1.31 -0.49 -0.55 -1.14 1.00
-1.31 -0.49 -1.23 -1.48 1.00
-1.31 -0.49 -1.96 -1.24 1.00
-1.31 -0.49 -2.30 -0.56 1.00
-1.31 -0.49 -2.07 0.16 1.00
-1.31 -0.49 -1.38 0.51 1.00
-1.31 -0.49 -0.66 0.28 1.00
-1.31 -0.49 -0.31 -0.40 1.00
-1.31 -0.49 -0.55 -1.13 1.00
-1.31 -0.49 -1.23 -1.48 1.00
-1.31 -0.49 -1.96 -1.25 1.00
-1.31 -0.49 -2.30 -0.56 1.00
-1.31 -0.49 -2.07 0.17 1.00
-1.31 -0.49 -1.38 0.51 1.00
-1.31 -0.49 -0.65 0.27 1.00
-1.31 -0.49 -0.31 -0.41 1.00
-1.31 -0.49 -0.55 -1.14 1.00
-1.31 -0.49 -1.24 -1.48 1.00
-1.31 -0.49 -1.96 -1.24 1.00
-1.31 -0.49 -2.31 -0.56 1.00
-1.31 -0.49 -2.06 0.17 1.00
-1.31 -0.49 -1.37 0.51 1.00
-1.31 -0.49 -0.65 0.26 1.00
-1.31 -0.49 -0.31 -0.42 1.00
-1.31 -0.49 -0.56 -1.15 1.00
-1.31 -0.49 -1.24 -1.48 1.00
-1.31 -0.49 -1.97 -1.24 1.00
-1.31 -0.49 -2.31 -0.55 1.00
-1.31 -0.49 -2.06 0.18 1.00
-1.31 -0.49 -1.37 0.51 1.00
-1.31 -0.49 -0.64 0.26 1.00
-1.31 -0.49 -0.31 -0.43 1.00
-1.31 -0.49 -0.56 -1.15 1.00
-1.31 -0.49 -1.25 -1.48 1.00
-1.31 -0.49 -1.97 -1.23 1.00
-1.31 -0.49 -2.31 -0.54 1.00
-1.31 -0.49 -2.05 0.18 1.00
-1.31 -0.49 -1.37 0.51 1.00
-1.31 -0.49 -0.64 0.26 1.00
-1.31 -0.49 -0.31 -0.43 1.00
-1.31 -0.49 -0.56 -1.15 1.00
-1.31 -0.49 -1.25 -1.48 1.00
-1.31 -0.49 -1.97 -1.23 1.00
-1.31 -0.49 -2.31 -0.54 1.00
-1.31 -0.49 -2.05 0.18 1.00
-1.31 -0.49 -1.37 0.51 1.00
-1.31 -0.49 -0.64 0.26 1.00
-1.31 -0.49 -0.31 -0.43 1.00
-1.31 -0.49 -0.56 -1.15 1.00
-1.31 -0.49 -1.25 -1.48 1.00
-1.31 -0.49 -1.97 -1.23 1.00
-1.31 -0.49 -2.31 -0.54 1.00
-1.31 -0.49 -2.05 0.18 1.00
-1.31 -0.49 -1.37 0.51 1.00
-1.31 -0.49 -0.64 0.26 1.00
-1.31 -0.49 -0.31 -0.43 1.00
-1.31 -0.49 -0.56 -1.15 1.00
-1.31 -0.49 -1.25 -1.48 1.00
-1.31 -0.49 -1.98 -1.23 1.00
-1.31 -0.49 -2.31 -0.54 1.00
-1.31 -0.49 -2.05 0.19 1.00
-1.31 -0.49 -1.36 0.51 1.00
-1.31 -0.49 -0.64 0.25 1.00
-1.31 -0.49 -0.31 -0.43 1.00
-1.31 -0.49 -0.57 -1.16 1.00
-1.31 -0.49 -1.26 -1.48 1.00
-1.31 -0.49 -1.98 -1.22 1.00
-1.31 -0.49 -2.31 -0.53 1.00
-1.31 -0.49 -2.05 0.19 1.00
-1.31 -0.49 -1.35 0.51 1.00
-1.31 -0.49 -0.63 0.25 1.00
-1.31 -0.49 -0.31 -0.44 1.00
-1.31 -0.49 -0.57 -1.16 1.00
-1.31 -0.49 -1.27 -1.48 1.00
-1.31 -0.49 -1.99 -1.22 1.00
-1.31 -0.49 -2.31 -0.53 1.00
-1.31 -0.49 -2.04 0.19 1.00
-1.31 -0.49 -1.35 0.51 1.00
-1.31 -0.49 -0.63 0.25 1.00
-1.31 -0.49 -0.31 -0.45 1.00
-1.31 -0.49 -0.57 -1.16 1.00
-1.31 -0.49 -1.27 -1.48 1.00
-1.31 -0.49 -1.99 -1.22 1.00
-1.31 -0.49 -2.31 -0.53 1.00
-1.31 -0.49 -2.04 0.19 1.00
-1.31 -0.49 -1.35 0.51 1.00
-1.31 -0.49 -0.63 0.25 1.00
-1.31 -0.49 -0.31 -0.44 1.00
-1.31 -0.49 -0.57 -1.16 1.00
-1.31 -0.49 -1.27 -1.48 1.00
-1.31 -0.49 -1.99 -1.22 1.00
-1.31 -0.49 -2.31 -0.53 1.00
-1.31 -0.49 -2.04 0.19 1.00
-1.31 -0.49 -1.35 0.51 1.00
-1.31 -0.49 -0.63 0.25 1.00
-1.31 -0.49 -0.31 -0.45 1.00
-1.31 -0.49 -0.58 -1.17 1.00
-1.31 -0.49 -1.27 -1.48 1.00
-1.31 -0.49 -1.99 -1.22 1.00
-1.31 -0.49 -2.31 -0.52 1.00
-1.31 -0.49 -2.04 0.20 1.00
-1.31 -0.49 -1.35 0.51 1.00
-1.31 -0.49 -0.63 0.25 1.00
-1.31 -0.49 -0.31 -0.45 1.00
-1.31 -0.49 -0.58 -1.17 1.00
-1.31 -0.49 -1.27 -1.49 1.00
-1.31 -0.49 -1.99 -1.21 1.00
-1.31 -0.49 -2.31 -0.52 1.00
-1.31 -0.49 -2.04 0.20 1.00
-1.31 -0.49 -1.34 0.51 1.00
-1.31 -0.49 -0.62 0.24 1.00
-1.31 -0.49 -0.31 -0.45 1.00
-1.31 -0.49 -0.58 -1.17 1.00
-1.31 -0.49 -1.28 -1.49 1.00
-1.31 -0.49 -1.99 -1.22 1.00
-1.31 -0.49 -2.31 -0.52 1.00
-1.31 -0.49 -2.04 0.20 1.00
-1.31 -0.49 -1.34 0.51 1.00
-1.31 -0.49 -0.63 0.24 1.00
-1.31 -0.49 -0.31 -0.45 1.00
-1.31 -0.49 -0.58 -1.17 1.00
-1.31 -0.49 -1.28 -1.48 1.00
-1.31 -0.49 -1.99 -1.22 1.00
-1.31 -0.49 -2.31 -0.52 1.00
-1.31 -0.49 -2.04 0.20 1.00
-1.31 -0.49 -1.34 0.51 1.00
-1.31 -0.49 -0.63 0.25 1.00
-1.31 -0.49 -0.31 -0.45 1.00
-1.31 -0.48 -0.58 -1.17 1.00
-1.31 -0.48 -1.27 -1.48 1.00
-1.31 -0.48 -1.99 -1.22 1.00
-1.31 -0.48 -2.31 -0.52 1.00
-1.31 -0.48 -2.04 0.20 1.00
-1.31 -0.48 -1.34 0.51 1.00
-1.31 -0.48 -0.63 0.25 1.00
-1.31 -0.48 -0.31 -0.45 1.00
-1.31 -0.48 -0.58 -1.17 1.00
-1.31 -0.48 -1.27 -1.48 1.00
-1.31 -0.48 -1.99 -1.22 1.00
-1.31 -0.48 -2.31 -0.52 1.00
-1.31 -0.48 -2.04 0.20 1.00
-1.31 -0.48 -1.34 0.52 1.00
-1.31 -0.48 -0.63 0.25 1.00
-1.31 -0.48 -0.31 -0.45 1.00
-1.31 -0.48 -0.57 -1.16 1.00
-1.31 -0.48 -1.27 -1.48 1.00
-1.31 -0.48 -1.99 -1.22 1.00
-1.31 -0.48 -2.31 -0.53 1.00
-1.31 -0.48 -2.05 0.19 1.00
-1.31 -0.48 -1.35 0.52 1.00
-1.31 -0.48 -0.63 0.25 1.00
-1.31 -0.48 -0.31 -0.44 1.00
-1.31 -0.48 -0.57 -1.16 1.00
-1.31 -0.48 -1.27 -1.48 1.00
-1.31 -0.48 -1.98 -1.22 1.00
-1.31 -0.48 -2.31 -0.53 1.00
-1.31 -0.48 -2.05 0.19 1.00
-1.31 -0.48 -1.36 0.52 1.00
-1.31 -0.48 -0.64 0.26 1.00
-1.31 -0.48 -0.31 -0.43 1.00
-1.31 -0.48 -0.57 -1.15 1.00
-1.31 -0.48 -1.26 -1.48 1.00
-1.31 -0.48 -1.98 -1.23 1.00
-1.31 -0.48 -2.31 -0.54 1.00
-1.31 -0.48 -2.05 0.19 1.00
-1.31 -0.48 -1.36 0.52 1.00
-1.31 -0.48 -0.64 0.26 1.00
-1.31 -0.48 -0.31 -0.43 1.00
-1.31 -0.48 -0.57 -1.15 1.00
-1.31 -0.48 -1.26 -1.48 1.00
-1.31 -0.48 -1.98 -1.23 1.00
-1.31 -0.48 -2.31 -0.54 1.00
-1.31 -0.48 -2.05 0.18 1.00
-1.31 -0.48 -1.36 0.51 1.00
-1.31 -0.48 -0.64 0.26 1.00
-1.31 -0.48 -0.31 -0.43 1.00
-1.31 -0.48 -0.57 -1.15 1.00
-1.31 -0.48 -1.26 -1.48 1.00
-1.31 -0.48 -1.98 -1.23 1.00
-1.31 -0.48 -2.31 -0.54 1.00
-1.31 -0.48 -2.05 0.18 1.00
-1.31 -0.48 -1.36 0.51 1.00
-1.31 -0.48 -0.64 0.26 1.00
-1.31 -0.48 -0.31 -0.43 1.00
-1.31 -0.48 -0.56 -1.15 1.00
-1.31 -0.48 -1.25 -1.48 1.00
-1.31 -0.48 -1.98 -1.23 1.00
-1.31 -0.48 -2.31 -0.54 1.00
-1.31 -0.48 -2.06 0.18 1.00
-1.31 -0.48 -1.37 0.51 1.00
-1.31 -0.48 -0.64 0.26 1.00
-1.31 -0.48 -0.31 -0.43 1.00
-1.31 -0.48 -0.56 -1.15 1.00
-1.31 -0.48 -1.25 -1.48 1.00
-1.31 -0.48 -1.98 -1.23 1.00
-1.31 -0.48 -2.31 -0.54 1.00
-1.31 -0.48 -2.06 0.18 1.00
-1.31 -0.48 -1.37 0.51 1.00
-1.31 -0.48 -0.65 0.26 1.00
-1.31 -0.48 -0.31 -0.42 1.00
-1.31 -0.48 -0.56 -1.15 1.00
-1.31 -0.48 -1.25 -1.48 1.00
-1.31 -0.48 -1.97 -1.23 1.00
-1.31 -0.48 -2.31 -0.55 1.00
-1.31 -0.48 -2.06 0.18 1.00
-1.31 -0.48 -1.37 0.51 1.00
-1.31 -0.48 -0.65 0.26 1.00
-1.31 -0.48 -0.31 -0.42 1.00
-1.31 -0.48 -0.56 -1.15 1.00
-1.31 -0.48 -1.25 -1.48 1.00
-1.31 -0.48 -1.97 -1.23 1.00
-1.31 -0.48 -2.31 -0.55 1.00
-1.31 -0.48 -2.06 0.18 1.00
-1.31 -0.49 -1.37 0.51 1.00
-1.31 -0.48 -0.64 0.26 1.00
-1.31 -0.48 -0.31 -0.43 1.00
-1.31 -0.48 -0.56 -1.15 1.00
-1.31 -0.48 -1.25 -1.48 1.00
-1.31 -0.48 -1.97 -1.23 1.00
-1.31 -0.48 -2.31 -0.54 1.00
-1.31 -0.48 -2.06 0.18 1.00
-1.31 -0.49 -1.37 0.51 1.00
-1.31 -0.48 -0.64 0.26 1.00
-1.31 -0.48 -0.31 -0.43 1.00
-1.31 -0.49 -0.56 -1.15 1.00
-1.31 -0.48 -1.25 -1.48 1.00
-1.31 -0.48 -1.97 -1.23 1.00
-1.31 -0.48 -2.31 -0.54 1.00
-1.31 -0.48 -2.06 0.18 1.00
-1.31 -0.49 -1.37 0.51 1.00
-1.31 -0.49 -0.64 0.26 1.00
-1.31 -0.49 -0.31 -0.43 1.00
-1.31 -0.49 -0.56 -1.15 1.00
-1.31 -0.48 -1.25 -1.48 1.00
-1.31 -0.48 -1.97 -1.23 1.00
-1.31 -0.48 -2.31 -0.54 1.00
-1.31 -0.48 -2.06 0.18 1.00
-1.31 -0.49 -1.37 0.51 1.00
-1.31 -0.49 -0.65 0.26 1.00
-1.31 -0.49 -0.31 -0.43 1.00
-1.31 -0.49 -0.56 -1.15 1.00
-1.31 -0.48 -1.25 -1.48 1.00
-1.31 -0.49 -1.97 -1.23 1.00
-1.31 -0.49 -2.31 -0.55 1.00
-1.31 -0.48 -2.06 0.18 1.00
-1.31 -0.49 -1.37 0.51 1.00
-1.31 -0.49 -0.64 0.26 1.00
-1.31 -0.49 -0.31 -0.43 1.00
-1.31 -0.49 -0.57 -1.15 1.00
-1.31 -0.49 -1.25 -1.48 1.00
-1.31 -0.49 -1.98 -1.23 1.00
-1.31 -0.49 -2.31 -0.54 1.00
-1.31 -0.49 -2.05 0.18 1.00
-1.31 -0.49 -1.37 0.51 1.00
-1.31 -0.49 -0.64 0.26 1.00
-1.31 -0.49 -0.31 -0.43 1.00
-1.31 -0.49 -0.57 -1.15 1.00
-1.31 -0.49 -1.26 -1.48 1.00
-1.31 -0.49 -1.98 -1.23 1.00
-1.31 -0.49 -2.31 -0.54 1.00
-1.31 -0.48 -2.06 0.18 1.00
-1.31 -0.49 -1.37 0.51 1.00
-1.31 -0.49 -0.64 0.26 1.00
-1.31 -0.49 -0.31 -0.43 1.00
-1.31 -0.49 -0.56 -1.15 1.00
-1.31 -0.49 -1.25 -1.48 1.00
-1.31 -0.49 -1.98 -1.23 1.00
-1.31 -0.49 -2.31 -0.54 1.00
-1.31 -0.49 -2.06 0.18 1.00
-1.31 -0.49 -1.37 0.51 1.00
-1.31 -0.49 -0.64 0.26 1.00
-1.31 -0.49 -0.31 -0.43 1.00
-1.31 -0.49 -0.57 -1.16 1.00
-1.31 -0.49 -1.26 -1.48 1.00
-1.31 -0.49 -1.98 -1.23 1.00
-1.31 -0.49 -2.31 -0.54 1.00
-1.31 -0.49 -2.06 0.18 1.00
-1.31 -0.49 -1.36 0.51 1.00
-1.31 -0.49 -0.64 0.26 1.00
-1.31 -0.49 -0.31 -0.43 1.00
-1.31 -0.49 -0.57 -1.15 1.00
-1.31 -0.49 -1.25 -1.48 1.00
-1.31 -0.49 -1.98 -1.23 1.00
-1.31 -0.49 -2.31 -0.54 1.00
-1.31 -0.49 -2.05 0.18 1.00
-1.31 -0.49 -1.37 0.51 1.00
-1.31 -0.49 -0.64 0.26 1.00
-1.31 -0.49 -0.31 -0.43 1.00
-1.31 -0.49 -0.57 -1.15 1.00
-1.31 -0.49 -1.25 -1.48 1.00
-1.31 -0.49 -1.98 -1.23 1.00
-1.31 -0.49 -2.31 -0.54 1.00
-1.31 -0.49 -2.06 0.18 1.00
-1.31 -0.49 -1.37 0.51 1.00
-1.31 -0.49 -0.64 0.26 1.00
-1.31 -0.49 -0.31 -0.43 1.00
-1.31 -0.49 -0.56 -1.15 1.00
-1.31 -0.49 -1.26 -1.48 1.00
-1.31 -0.49 -1.98 -1.23 1.00
-1.31 -0.49 -2.31 -0.54 1.00
-1.31 -0.49 -2.05 0.18 1.00
-1.31 -0.49 -1.37 0.51 1.00
-1.31 -0.49 -0.64 0.26 1.00
-1.31 -0.49 -0.31 -0.43 1.00
-1.31 -0.49 -0.56 -1.15 1.00
-1.31 -0.49 -1.25 -1.48 1.00
-1.31 -0.49 -1.98 -1.23 1.00
-1.31 -0.49 -2.31 -0.54 1.00
-1.31 -0.49 -2.06 0.18 1.00
-1.31 -0.49 -1.37 0.51 1.00
-1.31 -0.49 -0.64 0.26 1.00
-1.31 -0.49 -0.31 -0.43 1.00
-1.31 -0.49 -0.56 -1.15 1.00
-1.31 -0.49 -1.25 -1.48 1.00
-1.31 -0.49 -1.98 -1.23 1.00
-1.31 -0.49 -2.31 -0.54 1.00
-1.31 -0.49 -2.06 0.18 1.00
-1.31 -0.49 -1.37 0.51 1.00
-1.31 -0.49 -0.64 0.26 1.00
-1.31 -0.49 -0.31 -0.43 1.00
-1.31 -0.49 -0.56 -1.15 1.00
-1.31 -0.49 -1.25 -1.48 1.00
-1.31 -0.49 -1.98 -1.23 1.00
-1.31 -0.49 -2.31 -0.54 1.00
-1.31 -0.49 -2.06 0.18 1.00
-1.31 -0.49 -1.37 0.51 1.00
-1.31 -0.49 -0.65 0.26 1.00
-1.31 -0.49 -0.31 -0.43 1.00
-1.31 -0.49 -0.56 -1.15 1.00
-1.31 -0.49 -1.25 -1.48 1.00
-1.31 -0.49 -1.97 -1.24 1.00
-1.31 -0.49 -2.31 -0.54 1.00
-1.31 -0.49 -2.06 0.17 1.00
-1.31 -0.49 -1.37 0.51 1.00
-1.31 -0.49 -0.65 0.27 1.00
-1.31 -0.49 -0.31 -0.42 1.00
-1.31 -0.49 -0.56 -1.14 1.00
-1.31 -0.49 -1.24 -1.48 1.00
-1.31 -0.49 -1.97 -1.24 1.00
-1.31 -0.49 -2.31 -0.55 1.00
-1.31 -0.49 -2.06 0.17 1.00
-1.31 -0.49 -1.38 0.51 1.00
-1.31 -0.49 -0.65 0.26 1.00
-1.31 -0.49 -0.31 -0.42 1.00
-1.31 -0.49 -0.56 -1.15 1.00
-1.31 -0.49 -1.25 -1.48 1.00
-1.31 -0.49 -1.97 -1.24 1.00
-1.31 -0.49 -2.31 -0.55 1.00
-1.31 -0.49 -2.06 0.18 1.00
-1.31 -0.49 -1.37 0.51 1.00
-1.31 -0.49 -0.65 0.26 1.00
-1.31 -0.49 -0.31 -0.42 1.00
-1.31 -0.49 -0.56 -1.15 1.00
-1.31 -0.49 -1.25 -1.48 1.00
-1.31 -0.49 -1.97 -1.24 1.00
-1.31 -0.49 -2.31 -0.55 1.00
-1.31 -0.49 -2.06 0.18 1.00
-1.31 -0.49 -1.37 0.51 1.00
-1.31 -0.49 -0.65 0.26 1.00
-1.31 -0.49 -0.31 -0.42 1.00
-1.31 -0.49 -0.56 -1.15 1.00
-1.31 -0.49 -1.25 -1.48 1.00
-1.31 -0.49 -1.98 -1.23 1.00
-1.31 -0.49 -2.31 -0.55 1.00
-1.31 -0.49 -2.05 0.18 1.00
-1.31 -0.49 -1.37 0.51 1.00
-1.31 -0.49 -0.64 0.26 1.00
-1.31 -0.49 -0.31 -0.43 1.00
-1.31 -0.49 -0.56 -1.15 1.00
-1.31 -0.49 -1.26 -1.48 1.00
-1.31 -0.49 -1.97 -1.23 1.00
-1.31 -0.49 -2.31 -0.54 1.00
-1.31 -0.49 -2.05 0.18 1.00
-1.31 -0.49 -1.37 0.51 1.00
-1.31 -0.49 -0.64 0.26 1.00
-1.31 -0.49 -0.31 -0.43 1.00
-1.31 -0.49 -0.57 -1.15 1.00
-1.31 -0.49 -1.26 -1.48 1.00
-1.31 -0.49 -1.98 -1.23 1.00
-1.31 -0.49 -2.31 -0.54 1.00
-1.31 -0.49 -2.05 0.18 1.00
-1.31 -0.49 -1.36 0.51 1.00
-1.31 -0.49 -0.64 0.26 1.00
-1.31 -0.49 -0.31 -0.43 1.00
-1.31 -0.49 -0.56 -1.15 1.00
-1.31 -0.49 -1.26 -1.48 1.00
-1.31 -0.48 -1.97 -1.23 1.00
-1.31 -0.48 -2.31 -0.54 1.00
-1.31 -0.48 -2.05 0.18 1.00
-1.31 -0.48 -1.37 0.51 1.00
-1.31 -0.48 -0.64 0.26 1.00
-1.31 -0.48 -0.31 -0.43 1.00
-1.31 -0.48 -0.56 -1.15 1.00
-1.31 -0.48 -1.25 -1.48 1.00
-1.31 -0.48 -1.97 -1.23 1.00
-1.31 -0.48 -2.31 -0.54 1.00
-1.31 -0.48 -2.05 0.18 1.00
-1.31 -0.48 -1.36 0.51 1.00
-1.31 -0.48 -0.64 0.26 1.00
-1.31 -0.48 -0.31 -0.43 1.00
-1.31 -0.48 -0.56 -1.15 1.00
-1.31 -0.48 -1.25 -1.48 1.00
-1.31 -0.48 -1.98 -1.23 1.00
-1.31 -0.48 -2.31 -0.54 1.00
-1.31 -0.48 -2.05 0.18 1.00
-1.31 -0.48 -1.36 0.51 1.00
-1.31 -0.48 -0.65 0.26 1.00
-1.31 -0.48 -0.31 -0.42 1.00
-1.31 -0.48 -0.56 -1.15 1.00
-1.31 -0.48 -1.25 -1.48 1.00
-1.31 -0.48 -1.97 -1.23 1.00
-1.31 -0.48 -2.31 -0.55 1.00
-1.31 -0.48 -2.06 0.18 1.00
-1.31 -0.48 -1.37 0.51 1.00
-1.31 -0.48 -0.64 0.26 1.00
-1.31 -0.48 -0.31 -0.43 1.00
-1.31 -0.48 -0.56 -1.15 1.00
-1.31 -0.48 -1.25 -1.48 1.00
-1.31 -0.48 -1.97 -1.24 1.00
-1.31 -0.48 -2.31 -0.55 1.00
-1.31 -0.48 -2.06 0.18 1.00
-1.31 -0.48 -1.37 0.51 1.00
-1.31 -0.48 -0.65 0.27 1.00
-1.31 -0.48 -0.31 -0.42 1.00
-1.31 -0.48 -0.56 -1.14 1.00
-1.31 -0.48 -1.24 -1.48 1.00
-1.31 -0.48 -1.97 -1.23 1.00
-1.31 -0.48 -2.31 -0.55 1.00
-1.31 -0.48 -2.06 0.18 1.00
-1.31 -0.48 -1.37 0.51 1.00
-1.31 -0.48 -0.64 0.26 1.00
-1.31 -0.48 -0.31 -0.42 1.00
-1.31 -0.48 -0.56 -1.15 1.00
-1.31 -0.48 -1.25 -1.48 1.00
-1.31 -0.48 -1.97 -1.23 1.00
-1.31 -0.48 -2.31 -0.54 1.00
-1.31 -0.48 -2.05 0.18 1.00
-1.31 -0.48 -1.36 0.51 1.00
-1.31 -0.48 -0.64 0.26 1.00
-1.31 -0.48 -0.31 -0.43 1.00
-1.31 -0.48 -0.56 -1.15 1.00
-1.31 -0.48 -1.25 -1.48 1.00
-1.31 -0.48 -1.97 -1.23 1.00
-1.31 -0.48 -2.31 -0.54 1.00
-1.31 -0.48 -2.06 0.18 1.00
-1.31 -0.48 -1.36 0.51 1.00
-1.31 -0.48 -0.65 0.27 1.00
-1.31 -0.48 -0.31 -0.42 1.00
-1.31 -0.48 -0.56 -1.14 1.00
-1.31 -0.48 -1.25 -1.48 1.00
-1.31 -0.48 -1.96 -1.24 1.00
-1.31 -0.48 -2.31 -0.55 1.00
-1.31 -0.48 -2.06 0.17 1.00
-1.31 -0.48 -1.38 0.51 1.00
-1.31 -0.48 -0.65 0.27 1.00
-1.31 -0.48 -0.31 -0.42 1.00
-1.31 -0.48 -0.55 -1.14 1.00
-1.31 -0.48 -1.24 -1.48 1.00
-1.31 -0.48 -1.96 -1.24 1.00
-1.31 -0.48 -2.31 -0.56 1.00
-1.31 -0.48 -2.06 0.17 1.00
-1.31 -0.48 -1.38 0.51 1.00
-1.31 -0.48 -0.65 0.27 1.00
-1.31 -0.48 -0.31 -0.41 1.00
-1.31 -0.48 -0.55 -1.14 1.00
-1.31 -0.48 -1.24 -1.48 1.00
-1.31 -0.48 -1.96 -1.24 1.00
-1.31 -0.48 -2.31 -0.56 1.00
-1.31 -0.48 -2.07 0.17 1.00
-1.31 -0.48 -1.39 0.51 1.00
-1.31 -0.48 -0.66 0.28 1.00
-1.31 -0.48 -0.31 -0.41 1.00
-1.31 -0.48 -0.55 -1.13 1.00
-1.31 -0.48 -1.23 -1.48 1.00
-1.31 -0.48 -1.96 -1.24 1.00
-1.31 -0.48 -2.30 -0.56 1.00
-1.31 -0.48 -2.07 0.16 1.00
-1.31 -0.48 -1.39 0.51 1.00
-1.31 -0.48 -0.66 0.28 1.00
-1.31 -0.48 -0.31 -0.40 1.00
-1.31 -0.48 -0.55 -1.13 1.00
-1.31 -0.48 -1.23 -1.48 1.00
-1.31 -0.48 -1.96 -1.25 1.00
-1.31 -0.48 -2.30 -0.56 1.00
-1.31 -0.48 -2.07 0.16 1.00
-1.31 -0.48 -1.39 0.51 1.00
-1.31 -0.48 -0.66 0.28 1.00
-1.31 -0.48 -0.31 -0.40 1.00
-1.31 -0.48 -0.55 -1.14 1.00
-1.31 -0.48 -1.23 -1.48 1.00
-1.31 -0.48 -1.96 -1.24 1.00
-1.31 -0.48 -2.30 -0.56 1.00
-1.31 -0.48 -2.07 0.17 1.00
-1.31 -0.48 -1.39 0.51 1.00
-1.31 -0.48 -0.66 0.28 1.00
-1.31 -0.48 -0.31 -0.40 1.00
-1.31 -0.48 -0.55 -1.13 1.00
-1.31 -0.48 -1.23 -1.48 1.00
-1.31 -0.48 -1.96 -1.24 1.00
-1.31 -0.48 -2.30 -0.56 1.00
-1.31 -0.48 -2.07 0.16 1.00
-1.31 -0.48 -1.39 0.51 1.00
-1.31 -0.48 -0.66 0.28 1.00
-1.31 -0.48 -0.31 -0.40 1.00
-1.31 -0.48 -0.55 -1.13 1.00
-1.31 -0.48 -1.23 -1.48 1.00
-1.31 -0.48 -1.96 -1.25 1.00
-1.31 -0.48 -2.30 -0.56 1.00
-1.31 -0.48 -2.07 0.16 1.00
-1.31 -0.48 -1.39 0.51 1.00
-1.31 -0.48 -0.66 0.28 1.00
-1.31 -0.48 -0.31 -0.40 1.00
-1.31 -0.48 -0.54 -1.13 1.00
-1.31 -0.48 -1.22 -1.48 1.00
-1.31 -0.48 -1.95 -1.25 1.00
-1.31 -0.48 -2.30 -0.57 1.00
-1.31 -0.48 -2.07 0.17 1.00
-1.31 -0.48 -1.39 0.51 1.00
-1.31 -0.48 -0.66 0.27 1.00
-1.31 -0.48 -0.31 -0.41 1.00
-1.31 -0.48 -0.55 -1.14 1.00
-1.31 -0.48 -1.23 -1.48 1.00
-1.31 -0.48 -1.96 -1.24 1.00
-1.31 -0.48 -2.30 -0.56 1.00
-1.31 -0.48 -2.06 0.17 1.00
-1.31 -0.48 -1.38 0.51 1.00
-1.31 -0.48 -0.65 0.27 1.00
-1.31 -0.48 -0.31 -0.41 1.00
-1.31 -0.48 -0.55 -1.14 1.00
-1.31 -0.48 -1.24 -1.48 1.00
-1.31 -0.48 -1.97 -1.24 1.00
-1.31 -0.48 -2.30 -0.55 1.00
-1.31 -0.48 -2.06 0.17 1.00
-1.31 -0.48 -1.37 0.51 1.00
-1.31 -0.48 -0.65 0.27 1.00
-1.31 -0.48 -0.31 -0.42 1.00
-1.31 -0.48 -0.55 -1.14 1.00
-1.31 -0.48 -1.24 -1.48 1.00
-1.31 -0.48 -1.96 -1.24 1.00
-1.31 -0.48 -2.30 -0.55 1.00
-1.31 -0.48 -2.06 0.17 1.00
-1.31 -0.48 -1.37 0.51 1.00
-1.31 -0.48 -0.65 0.27 1.00
-1.31 -0.48 -0.31 -0.42 1.00
-1.31 -0.48 -0.55 -1.14 1.00
-1.31 -0.48 -1.24 -1.48 1.00
-1.31 -0.48 -1.97 -1.24 1.00
-1.31 -0.48 -2.30 -0.55 1.00
-1.31 -0.48 -2.06 0.17 1.00
-1.31 -0.48 -1.37 0.51 1.00
-1.31 -0.48 -0.65 0.27 1.00
-1.31 -0.48 -0.31 -0.42 1.00
-1.31 -0.48 -0.55 -1.14 1.00
-1.31 -0.48 -1.24 -1.48 1.00
-1.31 -0.48 -1.97 -1.24 1.00
-1.31 -0.48 -2.30 -0.55 1.00
-1.31 -0.48 -2.06 0.17 1.00
-1.31 -0.48 -1.37 0.51 1.00
-1.31 -0.48 -0.65 0.27 1.00
-1.31 -0.48 -0.31 -0.42 1.00
-1.31 -0.48 -0.55 -1.14 1.00
-1.31 -0.48 -1.24 -1.48 1.00
-1.31 -0.48 -1.97 -1.24 1.00
-1.31 -0.48 -2.30 -0.55 1.00
-1.31 -0.48 -2.06 0.17 1.00
-1.31 -0.48 -1.37 0.51 1.00
-1.31 -0.48 -0.65 0.27 1.00
-1.31 -0.48 -0.31 -0.41 1.00
-1.31 -0.48 -0.55 -1.14 1.00
-1.31 -0.48 -1.24 -1.48 1.00
-1.31 -0.48 -1.96 -1.24 1.00
-1.31 -0.48 -2.30 -0.55 1.00
-1.31 -0.48 -2.06 0.17 1.00
-1.31 -0.48 -1.38 0.51 1.00
-1.31 -0.48 -0.65 0.27 1.00
-1.31 -0.48 -0.31 -0.41 1.00
-1.31 -0.48 -0.55 -1.14 1.00
-1.31 -0.48 -1.24 -1.48 1.00
-1.31 -0.48 -1.96 -1.24 1.00
-1.31 -0.48 -2.30 -0.56 1.00
-1.31 -0.48 -2.06 0.17 1.00
-1.31 -0.48 -1.38 0.51 1.00
-1.31 -0.48 -0.65 0.27 1.00
-1.31 -0.48 -0.31 -0.41 1.00
-1.31 -0.48 -0.55 -1.14 1.00
-1.31 -0.48 -1.24 -1.48 1.00
-1.31 -0.48 -1.96 -1.24 1.00
-1.31 -0.48 -2.30 -0.55 1.00
-1.31 -0.48 -2.06 0.17 1.00
-1.31 -0.48 -1.38 0.51 1.00
-1.31 -0.48 -0.66 0.28 1.00
-1.31 -0.48 -0.31 -0.40 1.00
-1.31 -0.48 -0.55 -1.14 1.00
-1.31 -0.48 -1.23 -1.48 1.00
-1.31 -0.48 -1.96 -1.24 1.00
-1.31 -0.48 -2.30 -0.56 1.00
-1.31 -0.48 -2.07 0.17 1.00
-1.31 -0.48 -1.38 0.51 1.00
-1.31 -0.48 -0.66 0.27 1.00
-1.31 -0.48 -0.31 -0.41 1.00
-1.31 -0.48 -0.55 -1.14 1.00
-1.31 -0.48 -1.23 -1.48 1.00
-1.31 -0.48 -1.96 -1.24 1.00
-1.31 -0.48 -2.30 -0.56 1.00
-1.31 -0.48 -2.06 0.17 1.00
-1.31 -0.48 -1.38 0.51 1.00
-1.31 -0.48 -0.65 0.27 1.00
-1.31 -0.48 -0.31 -0.41 1.00
-1.31 -0.48 -0.55 -1.14 1.00
-1.31 -0.48 -1.23 -1.48 1.00
-1.31 -0.48 -1.96 -1.24 1.00
-1.31 -0.48 -2.30 -0.56 1.00
-1.31 -0.48 -2.06 0.17 1.00
-1.31 -0.48 -1.38 0.51 1.00
-1.31 -0.48 -0.65 0.27 1.00
-1.31 -0.48 -0.31 -0.41 1.00
-1.31 -0.48 -0.55 -1.13 1.00
-1.31 -0.48 -1.23 -1.48 1.00
-1.31 -0.48 -1.96 -1.25 1.00
-1.31 -0.48 -2.30 -0.56 1.00
-1.31 -0.48 -2.07 0.16 1.00
-1.31 -0.48 -1.38 0.51 1.00
-1.31 -0.48 -0.66 0.28 1.00
-1.31 -0.48 -0.31 -0.40 1.00
-1.31 -0.48 -0.54 -1.13 1.00
-1.31 -0.48 -1.22 -1.48 1.00
-1.31 -0.48 -1.95 -1.25 1.00
-1.31 -0.48 -2.30 -0.57 1.00
-1.31 -0.48 -2.07 0.16 1.00
-1.31 -0.48 -1.39 0.51 1.00
-1.31 -0.48 -0.66 0.28 1.00
-1.31 -0.48 -0.31 -0.40 1.00
-1.31 -0.48 -0.55 -1.13 1.00
-1.31 -0.48 -1.23 -1.48 1.00
-1.31 -0.48 -1.96 -1.24 1.00
-1.31 -0.48 -2.31 -0.56 1.00
-1.31 -0.48 -2.07 0.17 1.00
-1.31 -0.48 -1.39 0.51 1.00
-1.31 -0.48 -0.66 0.27 1.00
-1.31 -0.48 -0.31 -0.41 1.00
-1.31 -0.48 -0.55 -1.14 1.00
-1.31 -0.48 -1.23 -1.48 1.00
-1.31 -0.48 -1.96 -1.24 1.00
-1.31 -0.48 -2.31 -0.56 1.00
-1.31 -0.48 -2.07 0.16 1.00
-1.31 -0.48 -1.39 0.51 1.00
-1.31 -0.48 -0.66 0.28 1.00
-1.31 -0.48 -0.31 -0.40 1.00
-1.31 -0.48 -0.55 -1.13 1.00
-1.31 -0.48 -1.23 -1.48 1.00
-1.31 -0.48 -1.95 -1.25 1.00
-1.31 -0.48 -2.30 -0.57 1.00
-1.31 -0.48 -2.07 0.16 1.00
-1.31 -0.48 -1.40 0.51 1.00
-1.31 -0.48 -0.67 0.28 1.00
-1.31 -0.48 -0.31 -0.39 1.00
-1.31 -0.48 -0.54 -1.13 1.00
-1.31 -0.48 -1.22 -1.48 1.00
-1.31 -0.48 -1.95 -1.25 1.00
-1.31 -0.48 -2.30 -0.58 1.00
-1.31 -0.48 -2.07 0.16 1.00
-1.31 -0.48 -1.40 0.51 1.00
-1.31 -0.48 -0.67 0.29 1.00
-1.31 -0.48 -0.31 -0.39 1.00
-1.31 -0.48 -0.54 -1.12 1.00
-1.31 -0.48 -1.21 -1.48 1.00
-1.31 -0.48 -1.95 -1.25 1.00
-1.31 -0.48 -2.30 -0.58 1.00
-1.31 -0.48 -2.08 0.15 1.00
-1.31 -0.48 -1.40 0.51 1.00
-1.31 -0.48 -0.67 0.29 1.00
-1.31 -0.48 -0.31 -0.39 1.00
-1.31 -0.48 -0.54 -1.12 1.00
-1.31 -0.48 -1.21 -1.48 1.00
-1.31 -0.48 -1.94 -1.26 1.00
-1.31 -0.48 -2.30 -0.58 1.00
-1.31 -0.48 -2.08 0.15 1.00
-1.31 -0.48 -1.40 0.51 1.00
-1.31 -0.48 -0.67 0.29 1.00
-1.31 -0.48 -0.31 -0.39 1.00
-1.31 -0.48 -0.53 -1.12 1.00
-1.31 -0.49 -1.21 -1.48 1.00
-1.31 -0.48 -1.94 -1.26 1.00
-1.31 -0.48 -2.30 -0.59 1.00
-1.31 -0.49 -2.08 0.15 1.00
-1.31 -0.48 -1.41 0.51 1.00
-1.31 -0.49 -0.68 0.29 1.00
-1.31 -0.49 -0.31 -0.38 1.00
-1.31 -0.48 -0.53 -1.12 1.00
-1.31 -0.48 -1.21 -1.48 1.00
-1.31 -0.48 -1.94 -1.26 1.00
-1.31 -0.48 -2.30 -0.59 1.00
-1.31 -0.48 -2.08 0.15 1.00
-1.31 -0.49 -1.41 0.51 1.00
-1.31 -0.48 -0.68 0.29 1.00
-1.31 -0.48 -0.31 -0.38 1.00
-1.31 -0.48 -0.54 -1.12 1.00
-1.31 -0.48 -1.21 -1.48 1.00
-1.31 -0.48 -1.94 -1.26 1.00
-1.31 -0.48 -2.30 -0.59 1.00
-1.31 -0.48 -2.08 0.15 1.00
-1.31 -0.48 -1.41 0.51 1.00
-1.31 -0.48 -0.67 0.29 1.00
-1.31 -0.48 -0.31 -0.39 1.00
-1.31 -0.48 -0.54 -1.12 1.00
-1.31 -0.48 -1.21 -1.48 1.00
-1.31 -0.48 -1.94 -1.26 1.00
-1.31 -0.48 -2.30 -0.58 1.00
-1.31 -0.48 -2.08 0.15 1.00
-1.31 -0.48 -1.41 0.51 1.00
-1.31 -0.48 -0.67 0.29 1.00
-1.31 -0.48 -0.31 -0.39 1.00
-1.31 -0.48 -0.54 -1.12 1.00
-1.31 -0.48 -1.21 -1.48 1.00
-1.31 -0.48 -1.94 -1.26 1.00
-1.31 -0.48 -2.30 -0.58 1.00
-1.31 -0.48 -2.08 0.15 1.00
-1.31 -0.48 -1.41 0.51 1.00
-1.31 -0.48 -0.67 0.29 1.00
-1.31 -0.48 -0.31 -0.38 1.00
-1.31 -0.48 -0.54 -1.12 1.00
-1.31 -0.48 -1.21 -1.48 1.00
-1.31 -0.48 -1.95 -1.26 1.00
-1.31 -0.48 -2.30 -0.58 1.00
-1.31 -0.48 -2.08 0.15 1.00
-1.31 -0.48 -1.40 0.51 1.00
-1.31 -0.48 -0.67 0.29 1.00
-1.31 -0.48 -0.31 -0.39 1.00
-1.31 -0.48 -0.54 -1.13 1.00
-1.31 -0.48 -1.22 -1.48 1.00
-1.31 -0.48 -1.95 -1.25 1.00
-1.31 -0.48 -2.31 -0.57 1.00
-1.31 -0.48 -2.08 0.16 1.00
-1.31 -0.48 -1.40 0.51 1.00
-1.31 -0.48 -0.66 0.28 1.00
-1.31 -0.48 -0.31 -0.40 1.00
-1.31 -0.48 -0.54 -1.13 1.00
-1.31 -0.48 -1.22 -1.48 1.00
-1.31 -0.48 -1.95 -1.25 1.00
-1.31 -0.48 -2.31 -0.57 1.00
-1.31 -0.48 -2.08 0.16 1.00
-1.31 -0.48 -1.40 0.51 1.00
-1.31 -0.48 -0.67 0.28 1.00
-1.31 -0.48 -0.31 -0.40 1.00
-1.31 -0.48 -0.55 -1.13 1.00
-1.31 -0.48 -1.22 -1.48 1.00
-1.31 -0.48 -1.96 -1.25 1.00
-1.31 -0.48 -2.31 -0.57 1.00
-1.31 -0.48 -2.07 0.16 1.00
-1.31 -0.48 -1.39 0.51 1.00
-1.31 -0.48 -0.66 0.28 1.00
-1.31 -0.48 -0.31 -0.40 1.00
-1.31 -0.48 -0.55 -1.13 1.00
-1.31 -0.48 -1.23 -1.48 1.00
-1.31 -0.48 -1.96 -1.25 1.00
-1.31 -0.48 -2.31 -0.57 1.00
-1.31 -0.48 -2.07 0.16 1.00
-1.31 -0.48 -1.39 0.51 1.00
-1.31 -0.48 -0.66 0.28 1.00
-1.31 -0.48 -0.31 -0.40 1.00
-1.31 -0.48 -0.55 -1.13 1.00
-1.31 -0.48 -1.23 -1.48 1.00
-1.31 -0.48 -1.96 -1.25 1.00
-1.31 -0.48 -2.31 -0.57 1.00
-1.31 -0.48 -2.07 0.16 1.00
-1.31 -0.48 -1.39 0.51 1.00
-1.31 -0.48 -0.67 0.28 1.00
-1.31 -0.48 -0.31 -0.40 1.00
-1.31 -0.48 -0.55 -1.13 1.00
-1.31 -0.48 -1.22 -1.48 1.00
-1.31 -0.48 -1.95 -1.25 1.00
-1.31 -0.48 -2.31 -0.57 1.00
-1.31 -0.48 -2.07 0.16 1.00
-1.31 -0.48 -1.39 0.51 1.00
-1.31 -0.48 -0.66 0.28 1.00
-1.31 -0.48 -0.31 -0.40 1.00
-1.31 -0.48 -0.55 -1.13 1.00
-1.31 -0.48 -1.23 -1.48 1.00
-1.31 -0.48 -1.96 -1.25 1.00
-1.31 -0.48 -2.31 -0.56 1.00
-1.31 -0.48 -2.07 0.16 1.00
-1.31 -0.48 -1.39 0.51 1.00
-1.31 -0.48 -0.66 0.28 1.00
-1.31 -0.48 -0.31 -0.40 1.00
-1.31 -0.48 -0.55 -1.13 1.00
-1.31 -0.48 -1.23 -1.48 1.00
-1.31 -0.48 -1.96 -1.25 1.00
-1.31 -0.48 -2.31 -0.57 1.00
-1.31 -0.48 -2.07 0.16 1.00
-1.31 -0.48 -1.39 0.51 1.00
-1.31 -0.48 -0.66 0.27 1.00
-1.31 -0.48 -0.31 -0.41 1.00
-1.31 -0.48 -0.55 -1.14 1.00
-1.31 -0.48 -1.24 -1.48 1.00
-1.31 -0.48 -1.96 -1.24 1.00
-1.31 -0.48 -2.31 -0.56 1.00
-1.31 -0.48 -2.07 0.17 1.00
-1.31 -0.48 -1.38 0.51 1.00
-1.31 -0.48 -0.65 0.27 1.00
-1.31 -0.48 -0.31 -0.41 1.00
-1.31 -0.48 -0.55 -1.14 1.00
-1.31 -0.48 -1.24 -1.48 1.00
-1.31 -0.48 -1.96 -1.24 1.00
-1.31 -0.48 -2.31 -0.56 1.00
-1.31 -0.48 -2.07 0.17 1.00
-1.31 -0.48 -1.38 0.51 1.00
-1.31 -0.48 -0.66 0.27 1.00
-1.31 -0.48 -0.31 -0.41 1.00
-1.31 -0.48 -0.55 -1.14 1.00
-1.31 -0.48 -1.24 -1.48 1.00
-1.31 -0.48 -1.97 -1.24 1.00
-1.31 -0.48 -2.31 -0.55 1.00
-1.31 -0.48 -2.06 0.17 1.00
-1.31 -0.48 -1.38 0.51 1.00
-1.31 -0.48 -0.65 0.27 1.00
-1.31 -0.48 -0.31 -0.42 1.00
-1.31 -0.48 -0.56 -1.15 1.00
-1.31 -0.48 -1.25 -1.48 1.00
-1.31 -0.48 -1.98 -1.23 1.00
-1.31 -0.48 -2.31 -0.54 1.00
-1.31 -0.48 -2.06 0.18 1.00
-1.31 -0.48 -1.37 0.51 1.00
-1.31 -0.48 -0.64 0.26 1.00
-1.31 -0.48 -0.31 -0.43 1.00
-1.31 -0.48 -0.57 -1.15 1.00
-1.31 -0.48 -1.26 -1.48 1.00
-1.31 -0.48 -1.98 -1.23 1.00
-1.31 -0.48 -2.31 -0.54 1.00
-1.31 -0.48 -2.05 0.19 1.00
-1.31 -0.48 -1.36 0.51 1.00
-1.31 -0.48 -0.64 0.26 1.00
-1.31 -0.48 -0.31 -0.43 1.00
-1.31 -0.48 -0.57 -1.15 1.00
-1.31 -0.48 -1.26 -1.48 1.00
-1.31 -0.48 -1.98 -1.23 1.00
-1.31 -0.48 -2.31 -0.54 1.00
-1.31 -0.48 -2.05 0.18 1.00
-1.31 -0.48 -1.36 0.51 1.00
-1.31 -0.48 -0.65 0.26 1.00
-1.31 -0.48 -0.31 -0.43 1.00
-1.31 -0.48 -0.56 -1.15 1.00
-1.31 -0.48 -1.25 -1.48 1.00
-1.31 -0.48 -1.97 -1.23 1.00
-1.31 -0.48 -2.31 -0.55 1.00
-1.31 -0.48 -2.06 0.18 1.00
-1.31 -0.48 -1.37 0.51 1.00
-1.31 -0.48 -0.65 0.27 1.00
-1.31 -0.48 -0.31 -0.42 1.00
-1.31 -0.48 -0.56 -1.15 1.00
-1.31 -0.48 -1.25 -1.48 1.00
-1.31 -0.48 -1.97 -1.23 1.00
-1.31 -0.48 -2.31 -0.55 1.00
-1.31 -0.48 -2.06 0.18 1.00
-1.31 -0.48 -1.37 0.51 1.00
-1.31 -0.48 -0.65 0.27 1.00
-1.31 -0.48 -0.31 -0.42 1.00
-1.31 -0.48 -0.56 -1.14 1.00
-1.31 -0.48 -1.25 -1.48 1.00
-1.31 -0.48 -1.97 -1.23 1.00
-1.31 -0.48 -2.31 -0.55 1.00
-1.31 -0.48 -2.06 0.18 1.00
-1.31 -0.48 -1.38 0.51 1.00
-1.31 -0.48 -0.65 0.27 1.00
-1.31 -0.48 -0.31 -0.42 1.00
-1.31 -0.48 -0.56 -1.14 1.00
-1.31 -0.48 -1.25 -1.48 1.00
-1.31 -0.48 -1.97 -1.23 1.00
-1.31 -0.48 -2.31 -0.54 1.00
-1.31 -0.48 -2.06 0.18 1.00
-1.31 -0.48 -1.38 0.51 1.00
-1.31 -0.48 -0.65 0.27 1.00
-1.31 -0.48 -0.31 -0.42 1.00
-1.31 -0.48 -0.56 -1.14 1.00
-1.31 -0.48 -1.25 -1.48 1.00
-1.31 -0.48 -1.97 -1.23 1.00
-1.31 -0.48 -2.31 -0.55 1.00
-1.31 -0.48 -2.06 0.18 1.00
-1.31 -0.48 -1.37 0.51 1.00
-1.31 -0.48 -0.65 0.27 1.00
-1.31 -0.48 -0.31 -0.42 1.00
-1.31 -0.48 -0.56 -1.14 1.00
-1.31 -0.48 -1.25 -1.48 1.00
-1.31 -0.48 -1.97 -1.23 1.00
-1.31 -0.48 -2.31 -0.55 1.00
-1.31 -0.48 -2.06 0.18 1.00
-1.31 -0.48 -1.37 0.52 1.00
-1.31 -0.48 -0.65 0.27 1.00
-1.31 -0.48 -0.31 -0.42 1.00
-1.31 -0.48 -0.56 -1.14 1.00
-1.31 -0.48 -1.24 -1.48 1.00
-1.31 -0.48 -1.97 -1.23 1.00
-1.31 -0.48 -2.31 -0.55 1.00
-1.31 -0.48 -2.06 0.18 1.00
-1.31 -0.48 -1.38 0.51 1.00
-1.31 -0.48 -0.65 0.27 1.00
-1.31 -0.48 -0.31 -0.42 1.00
-1.31 -0.48 -0.56 -1.14 1.00
-1.31 -0.48 -1.25 -1.48 1.00
-1.31 -0.48 -1.97 -1.24 1.00
-1.31 -0.48 -2.31 -0.55 1.00
-1.31 -0.48 -2.06 0.18 1.00
-1.31 -0.48 -1.38 0.51 1.00
-1.31 -0.48 -0.65 0.27 1.00
-1.31 -0.48 -0.31 -0.42 1.00
-1.31 -0.48 -0.56 -1.15 1.00
-1.31 -0.48 -1.25 -1.48 1.00
-1.31 -0.48 -1.98 -1.23 1.00
-1.31 -0.48 -2.31 -0.54 1.00
-1.31 -0.48 -2.06 0.18 1.00
-1.31 -0.48 -1.37 0.51 1.00
-1.31 -0.48 -0.64 0.26 1.00
-1.31 -0.48 -0.31 -0.43 1.00
-1.31 -0.48 -0.57 -1.15 1.00
-1.31 -0.48 -1.26 -1.48 1.00
-1.31 -0.48 -1.98 -1.23 1.00
-1.31 -0.48 -2.31 -0.53 1.00
-1.31 -0.48 -2.05 0.19 1.00
-1.31 -0.48 -1.36 0.51 1.00
-1.31 -0.48 -0.64 0.26 1.00
-1.31 -0.48 -0.31 -0.43 1.00
-1.31 -0.48 -0.57 -1.16 1.00
-1.31 -0.48 -1.26 -1.48 1.00
-1.31 -0.48 -1.99 -1.22 1.00
-1.31 -0.48 -2.31 -0.53 1.00
-1.31 -0.48 -2.05 0.19 1.00
-1.31 -0.48 -1.36 0.52 1.00
-1.31 -0.48 -0.64 0.26 1.00
-1.31 -0.48 -0.31 -0.44 1.00
-1.31 -0.48 -0.57 -1.16 1.00
-1.31 -0.48 -1.27 -1.48 1.00
-1.31 -0.48 -1.99 -1.22 1.00
-1.31 -0.48 -2.31 -0.53 1.00
-1.31 -0.48 -2.05 0.19 1.00
-1.31 -0.48 -1.36 0.52 1.00
-1.31 -0.48 -0.64 0.25 1.00
-1.31 -0.48 -0.31 -0.44 1.00
-1.31 -0.48 -0.57 -1.16 1.00
-1.31 -0.48 -1.27 -1.48 1.00
-1.31 -0.48 -1.99 -1.22 1.00
-1.31 -0.48 -2.31 -0.53 1.00
-1.31 -0.48 -2.05 0.19 1.00
-1.31 -0.48 -1.36 0.52 1.00
-1.31 -0.48 -0.64 0.25 1.00
-1.31 -0.48 -0.31 -0.44 1.00
-1.31 -0.48 -0.58 -1.16 1.00
-1.31 -0.48 -1.27 -1.48 1.00
-1.31 -0.48 -1.99 -1.22 1.00
-1.31 -0.48 -2.31 -0.53 1.00
-1.31 -0.48 -2.05 0.19 1.00
-1.31 -0.48 -1.36 0.52 1.00
-1.31 -0.48 -0.64 0.26 1.00
-1.31 -0.48 -0.31 -0.44 1.00
-1.31 -0.48 -0.57 -1.16 1.00
-1.31 -0.48 -1.26 -1.48 1.00
-1.31 -0.48 -1.99 -1.22 1.00
-1.31 -0.48 -2.31 -0.53 1.00
-1.31 -0.48 -2.05 0.19 1.00
-1.31 -0.48 -1.36 0.52 1.00
-1.31 -0.48 -0.64 0.26 1.00
-1.31 -0.48 -0.31 -0.43 1.00
-1.31 -0.48 -0.57 -1.15 1.00
-1.31 -0.48 -1.26 -1.48 1.00
-1.31 -0.48 -1.98 -1.23 1.00
-1.31 -0.48 -2.31 -0.54 1.00
-1.31 -0.48 -2.06 0.18 1.00
-1.31 -0.48 -1.37 0.51 1.00
-1.31 -0.48 -0.65 0.26 1.00
-1.31 -0.48 -0.32 -0.43 1.00
-1.31 -0.48 -0.57 -1.15 1.00
-1.31 -0.48 -1.26 -1.48 1.00
-1.31 -0.48 -1.98 -1.23 1.00
-1.31 -0.48 -2.31 -0.54 1.00
-1.31 -0.48 -2.06 0.19 1.00
-1.31 -0.48 -1.36 0.51 1.00
-1.31 -0.48 -0.64 0.26 1.00
-1.31 -0.48 -0.31 -0.43 1.00
-1.31 -0.48 -0.57 -1.16 1.00
-1.31 -0.48 -1.27 -1.48 1.00
-1.31 -0.48 -1.99 -1.22 1.00
-1.31 -0.48 -2.31 -0.53 1.00
-1.31 -0.48 -2.05 0.19 1.00
-1.31 -0.48 -1.36 0.51 1.00
-1.31 -0.48 -0.64 0.25 1.00
-1.31 -0.48 -0.31 -0.44 1.00
-1.31 -0.48 -0.58 -1.16 1.00
-1.31 -0.48 -1.27 -1.48 1.00
-1.31 -0.48 -1.99 -1.22 1.00
-1.31 -0.48 -2.31 -0.53 1.00
-1.31 -0.48 -2.05 0.19 1.00
-1.31 -0.48 -1.36 0.51 1.00
-1.31 -0.49 -0.64 0.25 1.00
-1.31 -0.49 -0.31 -0.44 1.00
-1.31 -0.48 -0.58 -1.16 1.00
-1.31 -0.48 -1.27 -1.48 1.00
-1.31 -0.48 -1.99 -1.22 1.00
-1.31 -0.48 -2.31 -0.53 1.00
-1.31 -0.48 -2.05 0.19 1.00
-1.31 -0.48 -1.36 0.51 1.00
-1.31 -0.48 -0.64 0.25 1.00
-1.31 -0.48 -0.31 -0.44 1.00
-1.31 -0.49 -0.58 -1.16 1.00
-1.31 -0.48 -1.27 -1.48 1.00
-1.31 -0.48 -1.99 -1.22 1.00
-1.31 -0.48 -2.31 -0.53 1.00
-1.31 -0.48 -2.05 0.19 1.00
-1.31 -0.49 -1.36 0.51 1.00
-1.31 -0.48 -0.64 0.25 1.00
-1.31 -0.48 -0.31 -0.44 1.00
-1.31 -0.48 -0.58 -1.16 1.00
-1.31 -0.48 -1.27 -1.48 1.00
-1.31 -0.48 -1.99 -1.22 1.00
-1.31 -0.48 -2.31 -0.53 1.00
-1.31 -0.48 -2.05 0.19 1.00
-1.31 -0.48 -1.36 0.51 1.00
-1.31 -0.48 -0.64 0.25 1.00
-1.31 -0.48 -0.31 -0.44 1.00
-1.31 -0.48 -0.58 -1.16 1.00
-1.31 -0.48 -1.27 -1.48 1.00
-1.31 -0.48 -1.99 -1.22 1.00
-1.31 -0.48 -2.31 -0.53 1.00
-1.31 -0.48 -2.05 0.19 1.00
-1.31 -0.48 -1.36 0.51 1.00
-1.31 -0.48 -0.64 0.25 1.00
-1.31 -0.48 -0.31 -0.44 1.00
-1.31 -0.48 -0.58 -1.16 1.00
-1.31 -0.48 -1.27 -1.48 1.00
-1.31 -0.48 -1.99 -1.22 1.00
-1.31 -0.48 -2.31 -0.53 1.00
-1.31 -0.48 -2.05 0.19 1.00
-1.31 -0.48 -1.35 0.51 1.00
-1.31 -0.48 -0.63 0.25 1.00
-1.31 -0.48 -0.31 -0.44 1.00
-1.31 -0.48 -0.58 -1.16 1.00
-1.31 -0.48 -1.27 -1.48 1.00
-1.31 -0.48 -1.99 -1.22 1.00
-1.31 -0.48 -2.31 -0.52 1.00
-1.31 -0.48 -2.05 0.19 1.00
-1.31 -0.48 -1.35 0.51 1.00
-1.31 -0.49 -0.64 0.25 1.00
-1.31 -0.49 -0.31 -0.44 1.00
-1.31 -0.48 -0.58 -1.16 1.00
-1.31 -0.48 -1.27 -1.48 1.00
-1.31 -0.48 -1.99 -1.22 1.00
-1.31 -0.48 -2.31 -0.53 1.00
-1.31 -0.49 -2.05 0.19 1.00
-1.31 -0.48 -1.36 0.51 1.00
-1.31 -0.49 -0.64 0.25 1.00
-1.31 -0.48 -0.31 -0.44 1.00
-1.31 -0.48 -0.57 -1.16 1.00
-1.31 -0.48 -1.27 -1.48 1.00
-1.31 -0.48 -1.99 -1.22 1.00
-1.31 -0.48 -2.31 -0.53 1.00
-1.31 -0.48 -2.05 0.19 1.00
-1.31 -0.48 -1.36 0.51 1.00
-1.31 -0.49 -0.64 0.25 1.00
-1.31 -0.49 -0.32 -0.44 1.00
-1.31 -0.49 -0.57 -1.16 1.00
-1.31 -0.49 -1.27 -1.48 1.00
-1.31 -0.48 -1.99 -1.22 1.00
-1.31 -0.48 -2.31 -0.53 1.00
-1.31 -0.49 -2.05 0.19 1.00
-1.31 -0.49 -1.36 0.51 1.00
-1.31 -0.49 -0.64 0.25 1.00
-1.31 -0.49 -0.32 -0.44 1.00
-1.31 -0.49 -0.57 -1.16 1.00
-1.31 -0.49 -1.27 -1.48 1.00
-1.31 -0.48 -1.99 -1.23 1.00
-1.31 -0.48 -2.31 -0.53 1.00
-1.31 -0.48 -2.05 0.19 1.00
-1.31 -0.48 -1.36 0.51 1.00
-1.31 -0.48 -0.64 0.26 1.00
-1.31 -0.48 -0.32 -0.44 1.00
-1.31 -0.48 -0.57 -1.16 1.00
-1.31 -0.48 -1.26 -1.48 1.00
-1.31 -0.48 -1.99 -1.23 1.00
-1.31 -0.48 -2.31 -0.53 1.00
-1.31 -0.49 -2.05 0.19 1.00
-1.31 -0.49 -1.36 0.51 1.00
-1.31 -0.49 -0.64 0.25 1.00
-1.31 -0.49 -0.32 -0.44 1.00
-1.31 -0.49 -0.57 -1.16 1.00
-1.31 -0.49 -1.26 -1.48 1.00
-1.31 -0.49 -1.99 -1.22 1.00
-1.31 -0.49 -2.31 -0.53 1.00
-1.31 -0.49 -2.05 0.19 1.00
-1.31 -0.49 -1.36 0.51 1.00
-1.31 -0.49 -0.64 0.25 1.00
-1.31 -0.49 -0.31 -0.44 1.00
-1.31 -0.49 -0.58 -1.16 1.00
-1.31 -0.49 -1.27 -1.48 1.00
-1.31 -0.49 -1.99 -1.22 1.00
-1.31 -0.49 -2.31 -0.53 1.00
-1.31 -0.49 -2.05 0.19 1.00
-1.31 -0.49 -1.36 0.51 1.00
-1.31 -0.49 -0.64 0.25 1.00
-1.31 -0.49 -0.31 -0.44 1.00
-1.31 -0.49 -0.58 -1.16 1.00
-1.31 -0.49 -1.27 -1.48 1.00
-1.31 -0.49 -1.99 -1.22 1.00
-1.31 -0.49 -2.31 -0.53 1.00
-1.31 -0.49 -2.05 0.19 1.00
-1.31 -0.49 -1.36 0.51 1.00
-1.31 -0.49 -0.64 0.25 1.00
-1.31 -0.49 -0.31 -0.44 1.00
-1.31 -0.49 -0.57 -1.16 1.00
-1.31 -0.49 -1.27 -1.48 1.00
-1.31 -0.49 -1.99 -1.22 1.00
-1.31 -0.49 -2.31 -0.53 1.00
-1.31 -0.49 -2.05 0.19 1.00
-1.31 -0.48 -1.36 0.51 1.00
-1.31 -0.49 -0.64 0.25 1.00
-1.31 -0.49 -0.31 -0.44 1.00
-1.31 -0.48 -0.57 -1.16 1.00
-1.31 -0.49 -1.27 -1.48 1.00
-1.31 -0.48 -1.98 -1.23 1.00
-1.31 -0.48 -2.31 -0.53 1.00
-1.31 -0.49 -2.06 0.18 1.00
-1.31 -0.49 -1.36 0.51 1.00
-1.31 -0.49 -0.64 0.26 1.00
-1.31 -0.49 -0.31 -0.43 1.00
-1.31 -0.49 -0.57 -1.15 1.00
-1.31 -0.49 -1.26 -1.48 1.00
-1.31 -0.48 -1.98 -1.23 1.00
-1.31 -0.48 -2.31 -0.54 1.00
-1.31 -0.49 -2.06 0.18 1.00
-1.31 -0.49 -1.37 0.51 1.00
-1.31 -0.49 -0.65 0.26 1.00
-1.31 -0.49 -0.31 -0.42 1.00
-1.31 -0.49 -0.56 -1.15 1.00
-1.31 -0.49 -1.25 -1.48 1.00
-1.31 -0.49 -1.98 -1.23 1.00
-1.31 -0.49 -2.31 -0.55 1.00
-1.31 -0.49 -2.06 0.18 1.00
-1.31 -0.49 -1.37 0.51 1.00
-1.31 -0.49 -0.65 0.26 1.00
-1.31 -0.49 -0.31 -0.42 1.00
-1.31 -0.49 -0.56 -1.15 1.00
-1.31 -0.49 -1.25 -1.48 1.00
-1.31 -0.49 -1.97 -1.23 1.00
-1.31 -0.49 -2.31 -0.55 1.00
-1.31 -0.48 -2.06 0.18 1.00
-1.31 -0.49 -1.37 0.51 1.00
-1.31 -0.49 -0.65 0.26 1.00
-1.31 -0.49 -0.31 -0.42 1.00
-1.31 -0.48 -0.57 -1.15 1.00
-1.31 -0.48 -1.25 -1.48 1.00
-1.31 -0.49 -1.98 -1.23 1.00
-1.31 -0.49 -2.31 -0.54 1.00
-1.31 -0.49 -2.05 0.18 1.00
-1.31 -0.49 -1.36 0.51 1.00
-1.31 -0.49 -0.64 0.26 1.00
-1.31 -0.49 -0.31 -0.43 1.00
-1.31 -0.49 -0.57 -1.16 1.00
-1.31 -0.49 -1.26 -1.48 1.00
-1.31 -0.49 -1.99 -1.22 1.00
-1.31 -0.49 -2.31 -0.54 1.00
-1.31 -0.49 -2.05 0.19 1.00
-1.31 -0.49 -1.36 0.51 1.00
-1.31 -0.49 -0.64 0.25 1.00
-1.31 -0.49 -0.31 -0.44 1.00
-1.31 -0.49 -0.57 -1.16 1.00
-1.31 -0.49 -1.27 -1.48 1.00
-1.31 -0.49 -1.98 -1.23 1.00
-1.31 -0.49 -2.31 -0.53 1.00
-1.31 -0.49 -2.05 0.19 1.00
-1.31 -0.49 -1.36 0.51 1.00
-1.31 -0.49 -0.64 0.26 1.00
-1.31 -0.49 -0.31 -0.44 1.00
-1.31 -0.49 -0.57 -1.16 1.00
-1.31 -0.49 -1.26 -1.48 1.00
-1.31 -0.48 -1.98 -1.23 1.00
-1.31 -0.48 -2.31 -0.53 1.00
-1.31 -0.49 -2.05 0.19 1.00
-1.31 -0.49 -1.36 0.51 1.00
-1.31 -0.48 -0.64 0.26 1.00
-1.31 -0.48 -0.31 -0.44 1.00
-1.31 -0.49 -0.57 -1.16 1.00
-1.31 -0.49 -1.26 -1.48 1.00
-1.31 -0.49 -1.98 -1.23 1.00
-1.31 -0.49 -2.31 -0.53 1.00
-1.31 -0.49 -2.05 0.18 1.00
-1.31 -0.49 -1.36 0.51 1.00
-1.31 -0.49 -0.64 0.26 1.00
-1.31 -0.49 -0.31 -0.43 1.00
-1.31 -0.49 -0.57 -1.15 1.00
-1.31 -0.49 -1.26 -1.48 1.00
-1.31 -0.48 -1.98 -1.23 1.00
-1.31 -0.48 -2.31 -0.54 1.00
-1.31 -0.48 -2.05 0.19 1.00
-1.31 -0.48 -1.36 0.51 1.00
-1.31 -0.48 -0.64 0.26 1.00
-1.31 -0.48 -0.31 -0.43 1.00
-1.31 -0.48 -0.57 -1.15 1.00
-1.31 -0.48 -1.26 -1.48 1.00
-1.31 -0.48 -1.98 -1.23 1.00
-1.31 -0.48 -2.31 -0.54 1.00
-1.31 -0.48 -2.05 0.19 1.00
-1.31 -0.48 -1.36 0.51 1.00
-1.31 -0.48 -0.64 0.26 1.00
-1.31 -0.48 -0.31 -0.43 1.00
-1.31 -0.48 -0.57 -1.16 1.00
-1.31 -0.48 -1.26 -1.48 1.00
-1.31 -0.48 -1.98 -1.22 1.00
-1.31 -0.48 -2.31 -0.54 1.00
-1.31 -0.48 -2.05 0.19 1.00
-1.31 -0.48 -1.36 0.51 1.00
-1.31 -0.48 -0.64 0.25 1.00
-1.31 -0.48 -0.31 -0.44 1.00
-1.31 -0.48 -0.57 -1.16 1.00
-1.31 -0.48 -1.26 -1.48 1.00
-1.31 -0.48 -1.99 -1.22 1.00
-1.31 -0.48 -2.31 -0.53 1.00
-1.31 -0.48 -2.05 0.19 1.00
-1.31 -0.48 -1.35 0.51 1.00
-1.31 -0.48 -0.63 0.25 1.00
-1.31 -0.48 -0.31 -0.44 1.00
-1.31 -0.48 -0.58 -1.16 1.00
-1.31 -0.48 -1.27 -1.48 1.00
-1.31 -0.48 -1.99 -1.22 1.00
-1.31 -0.48 -2.31 -0.52 1.00
-1.31 -0.48 -2.04 0.20 1.00
-1.31 -0.48 -1.35 0.51 1.00
-1.31 -0.48 -0.63 0.25 1.00
-1.31 -0.48 -0.31 -0.45 1.00
-1.31 -0.48 -0.58 -1.16 1.00
-1.31 -0.48 -1.27 -1.48 1.00
-1.31 -0.48 -1.99 -1.22 1.00
-1.31 -0.48 -2.31 -0.52 1.00
-1.31 -0.48 -2.04 0.20 1.00
-1.31 -0.48 -1.35 0.51 1.00
-1.31 -0.48 -0.63 0.25 1.00
-1.31 -0.48 -0.31 -0.45 1.00
-1.31 -0.48 -0.58 -1.16 1.00
-1.31 -0.48 -1.27 -1.48 1.00
-1.31 -0.48 -1.99 -1.22 1.00
-1.31 -0.48 -2.31 -0.52 1.00
-1.31 -0.48 -2.04 0.19 1.00
-1.31 -0.48 -1.35 0.51 1.00
-1.31 -0.48 -0.63 0.25 1.00
-1.31 -0.48 -0.31 -0.45 1.00
-1.31 -0.48 -0.58 -1.16 1.00
-1.31 -0.48 -1.27 -1.48 1.00
-1.31 -0.48 -1.99 -1.22 1.00
-1.31 -0.48 -2.31 -0.53 1.00
-1.31 -0.48 -2.05 0.19 1.00
-1.31 -0.48 -1.35 0.52 1.00
-1.31 -0.48 -0.63 0.25 1.00
-1.31 -0.48 -0.31 -0.44 1.00
-1.31 -0.48 -0.57 -1.16 1.00
-1.31 -0.48 -1.27 -1.48 1.00
-1.31 -0.48 -1.99 -1.22 1.00
-1.31 -0.48 -2.31 -0.52 1.00
-1.31 -0.48 -2.05 0.19 1.00
-1.31 -0.48 -1.35 0.51 1.00
-1.31 -0.48 -0.63 0.25 1.00
-1.31 -0.48 -0.31 -0.44 1.00
-1.31 -0.48 -0.57 -1.16 1.00
-1.31 -0.48 -1.26 -1.48 1.00
-1.31 -0.48 -1.98 -1.23 1.00
-1.31 -0.48 -2.31 -0.53 1.00
-1.31 -0.48 -2.05 0.19 1.00
-1.31 -0.48 -1.36 0.51 1.00
-1.31 -0.48 -0.64 0.26 1.00
-1.31 -0.48 -0.31 -0.43 1.00
-1.31 -0.48 -0.57 -1.15 1.00
-1.31 -0.48 -1.26 -1.48 1.00
-1.31 -0.48 -1.98 -1.23 1.00
-1.31 -0.48 -2.31 -0.54 1.00
-1.31 -0.48 -2.05 0.19 1.00
-1.31 -0.48 -1.36 0.51 1.00
-1.31 -0.48 -0.64 0.26 1.00
-1.31 -0.48 -0.31 -0.43 1.00
-1.31 -0.48 -0.57 -1.15 1.00
-1.31 -0.48 -1.26 -1.48 1.00
-1.31 -0.48 -1.98 -1.23 1.00
-1.31 -0.48 -2.31 -0.54 1.00
-1.31 -0.48 -2.05 0.18 1.00
-1.31 -0.48 -1.36 0.51 1.00
-1.31 -0.48 -0.64 0.26 1.00
-1.31 -0.48 -0.31 -0.43 1.00
-1.31 -0.48 -0.57 -1.15 1.00
-1.31 -0.48 -1.26 -1.48 1.00
-1.31 -0.48 -1.98 -1.23 1.00
-1.31 -0.48 -2.31 -0.54 1.00
-1.31 -0.48 -2.05 0.18 1.00
-1.31 -0.48 -1.36 0.51 1.00
-1.31 -0.48 -0.64 0.26 1.00
-1.31 -0.48 -0.31 -0.43 1.00
-1.31 -0.48 -0.57 -1.15 1.00
-1.31 -0.48 -1.26 -1.48 1.00
-1.31 -0.48 -1.98 -1.23 1.00
-1.31 -0.48 -2.31 -0.54 1.00
-1.31 -0.48 -2.05 0.18 1.00
-1.31 -0.48 -1.36 0.52 1.00
-1.31 -0.48 -0.64 0.26 1.00
-1.31 -0.48 -0.31 -0.43 1.00
-1.31 -0.48 -0.56 -1.15 1.00
-1.31 -0.48 -1.25 -1.48 1.00
-1.31 -0.48 -1.98 -1.23 1.00
-1.31 -0.48 -2.31 -0.54 1.00
-1.31 -0.48 -2.05 0.19 1.00
-1.31 -0.48 -1.36 0.52 1.00
-1.31 -0.48 -0.64 0.26 1.00
-1.31 -0.48 -0.31 -0.43 1.00
-1.31 -0.48 -0.57 -1.16 1.00
-1.31 -0.48 -1.26 -1.48 1.00
-1.31 -0.48 -1.98 -1.23 1.00
-1.31 -0.48 -2.31 -0.53 1.00
-1.31 -0.48 -2.05 0.19 1.00
-1.31 -0.48 -1.36 0.51 1.00
-1.31 -0.48 -0.64 0.26 1.00
-1.31 -0.48 -0.31 -0.43 1.00
-1.31 -0.48 -0.57 -1.15 1.00
-1.31 -0.48 -1.26 -1.48 1.00
-1.31 -0.48 -1.98 -1.23 1.00
-1.31 -0.48 -2.31 -0.53 1.00
-1.31 -0.48 -2.05 0.19 1.00
-1.31 -0.48 -1.36 0.52 1.00
-1.31 -0.48 -0.64 0.26 1.00
-1.31 -0.48 -0.31 -0.43 1.00
-1.31 -0.48 -0.57 -1.15 1.00
-1.31 -0.48 -1.26 -1.48 1.00
-1.31 -0.48 -1.98 -1.23 1.00
-1.31 -0.48 -2.31 -0.53 1.00
-1.31 -0.48 -2.05 0.19 1.00
-1.31 -0.48 -1.36 0.52 1.00
-1.31 -0.48 -0.64 0.26 1.00
-1.31 -0.48 -0.31 -0.43 1.00
-1.31 -0.48 -0.57 -1.15 1.00
-1.31 -0.48 -1.26 -1.48 1.00
-1.31 -0.48 -1.98 -1.23 1.00
-1.31 -0.48 -2.31 -0.54 1.00
-1.31 -0.48 -2.05 0.18 1.00
-1.31 -0.48 -1.36 0.51 1.00
-1.31 -0.48 -0.64 0.26 1.00
-1.31 -0.48 -0.31 -0.43 1.00
-1.31 -0.48 -0.57 -1.15 1.00
-1.31 -0.48 -1.26 -1.48 1.00
-1.31 -0.48 -1.98 -1.23 1.00
-1.31 -0.48 -2.31 -0.54 1.00
-1.31 -0.48 -2.05 0.19 1.00
-1.31 -0.48 -1.36 0.52 1.00
-1.31 -0.48 -0.64 0.26 1.00
-1.31 -0.48 -0.31 -0.43 1.00
-1.31 -0.48 -0.57 -1.15 1.00
-1.31 -0.48 -1.26 -1.48 1.00
-1.31 -0.48 -1.98 -1.23 1.00
-1.31 -0.48 -2.31 -0.54 1.00
-1.31 -0.48 -2.05 0.18 1.00
-1.31 -0.48 -1.36 0.52 1.00
-1.31 -0.48 -0.64 0.26 1.00
-1.31 -0.48 -0.31 -0.43 1.00
-1.31 -0.48 -0.57 -1.15 1.00
-1.31 -0.48 -1.26 -1.48 1.00
-1.31 -0.48 -1.98 -1.23 1.00
-1.31 -0.48 -2.31 -0.54 1.00
-1.31 -0.48 -2.05 0.18 1.00
-1.31 -0.48 -1.36 0.52 1.00
-1.31 -0.48 -0.64 0.26 1.00
-1.31 -0.48 -0.31 -0.43 1.00
-1.31 -0.48 -0.56 -1.15 1.00
-1.31 -0.48 -1.25 -1.48 1.00
-1.31 -0.48 -1.98 -1.23 1.00
-1.31 -0.48 -2.31 -0.54 1.00
-1.31 -0.48 -2.06 0.18 1.00
-1.31 -0.48 -1.37 0.52 1.00
-1.31 -0.48 -0.64 0.26 1.00
-1.31 -0.48 -0.31 -0.43 1.00
-1.31 -0.48 -0.56 -1.15 1.00
-1.31 -0.48 -1.25 -1.48 1.00
-1.31 -0.48 -1.98 -1.23 1.00
-1.31 -0.48 -2.31 -0.54 1.00
-1.31 -0.48 -2.05 0.19 1.00
-1.31 -0.48 -1.36 0.52 1.00
-1.31 -0.48 -0.64 0.26 1.00
-1.31 -0.48 -0.31 -0.43 1.00
-1.31 -0.48 -0.57 -1.16 1.00
-1.31 -0.48 -1.26 -1.48 1.00
-1.31 -0.48 -1.98 -1.22 1.00
-1.31 -0.48 -2.31 -0.53 1.00
-1.31 -0.48 -2.05 0.19 1.00
-1.31 -0.48 -1.36 0.52 1.00
-1.31 -0.48 -0.64 0.26 1.00
-1.31 -0.48 -0.31 -0.44 1.00
-1.31 -0.48 -0.57 -1.16 1.00
-1.31 -0.48 -1.26 -1.48 1.00
-1.31 -0.48 -1.98 -1.22 1.00
-1.31 -0.48 -2.31 -0.53 1.00
-1.31 -0.48 -2.05 0.19 1.00
-1.31 -0.48 -1.36 0.51 1.00
-1.31 -0.48 -0.64 0.26 1.00
-1.31 -0.48 -0.31 -0.44 1.00
-1.31 -0.48 -0.57 -1.16 1.00
-1.31 -0.48 -1.26 -1.48 1.00
-1.31 -0.48 -1.98 -1.22 1.00
-1.31 -0.48 -2.31 -0.53 1.00
-1.31 -0.48 -2.05 0.19 1.00
-1.31 -0.48 -1.36 0.51 1.00
-1.31 -0.48 -0.64 0.26 1.00
-1.31 -0.48 -0.31 -0.43 1.00
-1.31 -0.48 -0.56 -1.15 1.00
-1.31 -0.48 -1.25 -1.48 1.00
-1.31 -0.48 -1.98 -1.23 1.00
-1.31 -0.48 -2.31 -0.54 1.00
-1.31 -0.48 -2.05 0.18 1.00
-1.31 -0.48 -1.37 0.51 1.00
-1.31 -0.48 -0.64 0.26 1.00
-1.31 -0.48 -0.31 -0.43 1.00
-1.31 -0.48 -0.57 -1.16 1.00
-1.31 -0.48 -1.26 -1.48 1.00
-1.31 -0.48 -1.98 -1.23 1.00
-1.31 -0.48 -2.31 -0.54 1.00
-1.31 -0.49 -2.05 0.18 1.00
-1.31 -0.49 -1.36 0.51 1.00
-1.31 -0.48 -0.64 0.26 1.00
-1.31 -0.48 -0.31 -0.43 1.00
-1.31 -0.48 -0.56 -1.15 1.00
-1.31 -0.49 -1.25 -1.48 1.00
-1.31 -0.48 -1.98 -1.23 1.00
-1.31 -0.48 -2.31 -0.54 1.00
-1.31 -0.49 -2.05 0.18 1.00
-1.31 -0.49 -1.36 0.51 1.00
-1.31 -0.48 -0.64 0.26 1.00
-1.31 -0.48 -0.31 -0.43 1.00
-1.31 -0.49 -0.56 -1.15 1.00
-1.31 -0.48 -1.25 -1.48 1.00
-1.31 -0.49 -1.98 -1.23 1.00
-1.31 -0.49 -2.31 -0.54 1.00
-1.31 -0.49 -2.05 0.19 1.00
-1.31 -0.49 -1.36 0.51 1.00
-1.31 -0.49 -0.64 0.26 1.00
-1.31 -0.49 -0.31 -0.44 1.00
-1.31 -0.49 -0.57 -1.16 1.00
-1.31 -0.49 -1.26 -1.48 1.00
-1.31 -0.49 -1.98 -1.23 1.00
-1.31 -0.49 -2.31 -0.54 1.00
-1.31 -0.49 -2.05 0.19 1.00
-1.31 -0.49 -1.36 0.51 1.00
-1.31 -0.49 -0.64 0.26 1.00
-1.31 -0.49 -0.31 -0.43 1.00
-1.31 -0.49 -0.57 -1.16 1.00
-1.31 -0.49 -1.26 -1.48 1.00
-1.31 -0.49 -1.98 -1.23 1.00
-1.31 -0.49 -2.31 -0.54 1.00
-1.31 -0.49 -2.05 0.19 1.00
-1.31 -0.49 -1.36 0.51 1.00
-1.31 -0.49 -0.64 0.26 1.00
-1.31 -0.49 -0.31 -0.44 1.00
-1.31 -0.49 -0.56 -1.16 1.00
-1.31 -0.49 -1.26 -1.48 1.00
-1.31 -0.49 -1.98 -1.23 1.00
-1.31 -0.49 -2.31 -0.54 1.00
-1.31 -0.49 -2.05 0.18 1.00
-1.31 -0.49 -1.36 0.51 1.00
-1.31 -0.49 -0.64 0.26 1.00
-1.31 -0.49 -0.31 -0.43 1.00
-1.31 -0.49 -0.56 -1.16 1.00
-1.31 -0.49 -1.26 -1.48 1.00
-1.31 -0.49 -1.97 -1.23 1.00
-1.31 -0.49 -2.30 -0.54 1.00
-1.31 -0.49 -2.05 0.18 1.00
-1.31 -0.49 -1.36 0.51 1.00
-1.31 -0.49 -0.64 0.26 1.00
-1.31 -0.49 -0.31 -0.43 1.00
-1.31 -0.49 -0.56 -1.15 1.00
-1.31 -0.49 -1.25 -1.48 1.00
-1.31 -0.49 -1.97 -1.23 1.00
-1.31 -0.49 -2.30 -0.55 1.00
-1.31 -0.49 -2.05 0.18 1.00
-1.31 -0.49 -1.37 0.51 1.00
-1.31 -0.49 -0.64 0.26 1.00
-1.31 -0.49 -0.31 -0.42 1.00
-1.31 -0.49 -0.56 -1.15 1.00
-1.31 -0.49 -1.24 -1.48 1.00
-1.31 -0.49 -1.97 -1.23 1.00
-1.31 -0.49 -2.30 -0.55 1.00
-1.31 -0.49 -2.06 0.18 1.00
-1.31 -0.49 -1.37 0.51 1.00
-1.31 -0.49 -0.65 0.26 1.00
-1.31 -0.49 -0.31 -0.42 1.00
-1.31 -0.49 -0.56 -1.15 1.00
-1.31 -0.49 -1.24 -1.48 1.00
-1.31 -0.49 -1.97 -1.24 1.00
-1.31 -0.49 -2.30 -0.55 1.00
-1.31 -0.49 -2.06 0.17 1.00
-1.31 -0.49 -1.37 0.51 1.00
-1.31 -0.49 -0.65 0.27 1.00
-1.31 -0.49 -0.31 -0.42 1.00
-1.31 -0.49 -0.55 -1.14 1.00
-1.31 -0.49 -1.24 -1.48 1.00
-1.31 -0.49 -1.96 -1.24 1.00
-1.31 -0.49 -2.30 -0.55 1.00
-1.31 -0.49 -2.06 0.17 1.00
-1.31 -0.49 -1.38 0.51 1.00
-1.31 -0.49 -0.65 0.27 1.00
-1.31 -0.49 -0.31 -0.41 1.00
-1.31 -0.49 -0.55 -1.14 1.00
-1.31 -0.49 -1.24 -1.48 1.00
-1.31 -0.49 -1.96 -1.24 1.00
-1.31 -0.49 -2.30 -0.56 1.00
-1.31 -0.49 -2.06 0.17 1.00
-1.31 -0.49 -1.38 0.51 1.00
-1.31 -0.49 -0.65 0.27 1.00
-1.31 -0.49 -0.31 -0.42 1.00
-1.31 -0.49 -0.55 -1.14 1.00
-1.31 -0.49 -1.24 -1.48 1.00
-1.31 -0.49 -1.96 -1.24 1.00
-1.31 -0.49 -2.30 -0.56 1.00
-1.31 -0.49 -2.06 0.17 1.00
-1.31 -0.49 -1.38 0.51 1.00
-1.31 -0.49 -0.65 0.27 1.00
-1.31 -0.49 -0.31 -0.41 1.00
-1.31 -0.49 -0.55 -1.14 1.00
-1.31 -0.49 -1.23 -1.48 1.00
-1.31 -0.49 -1.96 -1.24 1.00
-1.31 -0.49 -2.30 -0.56 1.00
-1.31 -0.49 -2.06 0.17 1.00
-1.31 -0.49 -1.38 0.51 1.00
-1.31 -0.49 -0.65 0.27 1.00
-1.31 -0.49 -0.31 -0.42 1.00
-1.31 -0.49 -0.55 -1.14 1.00
-1.31 -0.49 -1.24 -1.48 1.00
-1.31 -0.49 -1.96 -1.24 1.00
-1.31 -0.49 -2.30 -0.56 1.00
-1.31 -0.49 -2.06 0.17 1.00
-1.31 -0.49 -1.37 0.51 1.00
-1.31 -0.49 -0.64 0.26 1.00
-1.31 -0.49 -0.31 -0.42 1.00
-1.31 -0.49 -0.56 -1.15 1.00
-1.31 -0.49 -1.25 -1.49 1.00
-1.31 -0.49 -1.97 -1.24 1.00
-1.31 -0.49 -2.30 -0.55 1.00
-1.31 -0.49 -2.06 0.17 1.00
-1.31 -0.49 -1.37 0.51 1.00
-1.31 -0.49 -0.64 0.26 1.00
-1.31 -0.49 -0.31 -0.42 1.00
-1.31 -0.49 -0.56 -1.15 1.00
-1.31 -0.49 -1.24 -1.48 1.00
-1.31 -0.49 -1.97 -1.24 1.00
-1.31 -0.49 -2.30 -0.55 1.00
-1.31 -0.49 -2.06 0.17 1.00
-1.31 -0.49 -1.37 0.51 1.00
-1.31 -0.49 -0.64 0.26 1.00
-1.31 -0.49 -0.31 -0.42 1.00
-1.31 -0.49 -0.55 -1.15 1.00
-1.31 -0.49 -1.24 -1.49 1.00
-1.31 -0.49 -1.97 -1.24 1.00
-1.31 -0.49 -2.30 -0.55 1.00
-1.31 -0.49 -2.06 0.17 1.00
-1.31 -0.49 -1.37 0.51 1.00
-1.31 -0.49 -0.64 0.26 1.00
-1.31 -0.49 -0.31 -0.42 1.00
-1.31 -0.49 -0.56 -1.15 1.00
-1.31 -0.49 -1.24 -1.49 1.00
-1.31 -0.49 -1.97 -1.23 1.00
-1.31 -0.49 -2.30 -0.54 1.00
-1.31 -0.49 -2.05 0.18 1.00
-1.31 -0.49 -1.36 0.51 1.00
-1.31 -0.49 -0.64 0.26 1.00
-1.31 -0.49 -0.31 -0.43 1.00
-1.31 -0.49 -0.56 -1.16 1.00
-1.31 -0.49 -1.25 -1.49 1.00
-1.31 -0.49 -1.98 -1.23 1.00
-1.31 -0.49 -2.30 -0.54 1.00
-1.31 -0.49 -2.05 0.19 1.00
-1.31 -0.49 -1.35 0.51 1.00
-1.31 -0.49 -0.63 0.25 1.00
-1.31 -0.49 -0.31 -0.44 1.00
-1.31 -0.49 -0.57 -1.16 1.00
-1.31 -0.49 -1.26 -1.49 1.00
-1.31 -0.49 -1.98 -1.22 1.00
-1.31 -0.49 -2.30 -0.53 1.00
-1.31 -0.49 -2.04 0.19 1.00
-1.31 -0.49 -1.35 0.51 1.00
-1.31 -0.49 -0.63 0.25 1.00
-1.31 -0.49 -0.31 -0.44 1.00
-1.31 -0.49 -0.57 -1.16 1.00
-1.31 -0.49 -1.26 -1.49 1.00
-1.31 -0.49 -1.98 -1.23 1.00
-1.31 -0.49 -2.30 -0.53 1.00
-1.31 -0.49 -2.05 0.19 1.00
-1.31 -0.49 -1.35 0.51 1.00
-1.31 -0.49 -0.63 0.25 1.00
-1.31 -0.49 -0.31 -0.44 1.00
-1.31 -0.49 -0.57 -1.16 1.00
-1.31 -0.49 -1.26 -1.49 1.00
-1.31 -0.49 -1.98 -1.23 1.00
-1.31 -0.49 -2.30 -0.54 1.00
-1.31 -0.49 -2.05 0.18 1.00
-1.31 -0.49 -1.36 0.51 1.00
-1.31 -0.49 -0.64 0.26 1.00
-1.31 -0.49 -0.31 -0.43 1.00
-1.31 -0.49 -0.56 -1.16 1.00
-1.31 -0.49 -1.25 -1.49 1.00
-1.31 -0.49 -1.97 -1.23 1.00
-1.31 -0.49 -2.30 -0.54 1.00
-1.31 -0.49 -2.05 0.18 1.00
-1.31 -0.49 -1.36 0.51 1.00
-1.31 -0.49 -0.64 0.26 1.00
-1.31 -0.49 -0.31 -0.43 1.00
-1.31 -0.49 -0.56 -1.16 1.00
-1.31 -0.49 -1.25 -1.49 1.00
-1.31 -0.49 -1.98 -1.23 1.00
-1.31 -0.49 -2.30 -0.54 1.00
-1.31 -0.49 -2.05 0.18 1.00
-1.31 -0.49 -1.36 0.51 1.00
-1.31 -0.49 -0.64 0.26 1.00
-1.31 -0.49 -0.31 -0.44 1.00
-1.31 -0.49 -0.56 -1.16 1.00
-1.31 -0.49 -1.25 -1.49 1.00
-1.31 -0.49 -1.97 -1.23 1.00
-1.31 -0.49 -2.30 -0.54 1.00
-1.31 -0.49 -2.05 0.18 1.00
-1.31 -0.49 -1.36 0.51 1.00
-1.31 -0.49 -0.64 0.26 1.00
-1.31 -0.49 -0.31 -0.43 1.00
-1.31 -0.49 -0.56 -1.16 1.00
-1.31 -0.49 -1.25 -1.49 1.00
-1.31 -0.49 -1.97 -1.23 1.00
-1.31 -0.49 -2.30 -0.54 1.00
-1.31 -0.49 -2.05 0.18 1.00
-1.31 -0.49 -1.36 0.51 1.00
-1.31 -0.49 -0.64 0.26 1.00
-1.31 -0.49 -0.31 -0.43 1.00
-1.31 -0.49 -0.56 -1.16 1.00
-1.31 -0.49 -1.25 -1.49 1.00
-1.31 -0.49 -1.98 -1.23 1.00
-1.31 -0.49 -2.30 -0.54 1.00
-1.31 -0.49 -2.05 0.18 1.00
-1.31 -0.49 -1.36 0.51 1.00
-1.31 -0.49 -0.64 0.26 1.00
-1.31 -0.49 -0.31 -0.44 1.00
-1.31 -0.49 -0.56 -1.16 1.00
-1.31 -0.49 -1.25 -1.49 1.00
-1.31 -0.49 -1.98 -1.23 1.00
-1.31 -0.49 -2.30 -0.54 1.00
-1.31 -0.49 -2.05 0.18 1.00
-1.31 -0.49 -1.36 0.51 1.00
-1.31 -0.49 -0.63 0.25 1.00
-1.31 -0.49 -0.31 -0.44 1.00
-1.31 -0.49 -0.56 -1.16 1.00
-1.31 -0.49 -1.26 -1.49 1.00
-1.31 -0.49 -1.98 -1.23 1.00
-1.31 -0.49 -2.30 -0.54 1.00
-1.31 -0.49 -2.05 0.18 1.00
-1.31 -0.49 -1.36 0.51 1.00
-1.31 -0.49 -0.63 0.25 1.00
-1.31 -0.49 -0.31 -0.44 1.00
-1.31 -0.49 -0.56 -1.16 1.00
-1.31 -0.49 -1.25 -1.49 1.00
-1.31 -0.49 -1.98 -1.23 1.00
-1.31 -0.49 -2.30 -0.54 1.00
-1.31 -0.49 -2.05 0.18 1.00
-1.31 -0.49 -1.36 0.51 1.00
-1.31 -0.49 -0.64 0.26 1.00
-1.31 -0.49 -0.31 -0.44 1.00
-1.31 -0.49 -0.56 -1.16 1.00
-1.31 -0.49 -1.25 -1.49 1.00
-1.31 -0.49 -1.98 -1.23 1.00
-1.31 -0.49 -2.30 -0.54 1.00
-1.31 -0.49 -2.04 0.19 1.00
-1.31 -0.49 -1.35 0.51 1.00
-1.31 -0.49 -0.63 0.25 1.00
-1.31 -0.49 -0.31 -0.44 1.00
-1.31 -0.49 -0.57 -1.16 1.00
-1.31 -0.49 -1.26 -1.49 1.00
-1.31 -0.49 -1.98 -1.22 1.00
-1.31 -0.49 -2.30 -0.53 1.00
-1.31 -0.49 -2.04 0.19 1.00
-1.31 -0.49 -1.35 0.51 1.00
-1.31 -0.49 -0.63 0.25 1.00
-1.31 -0.49 -0.31 -0.44 1.00
-1.31 -0.49 -0.57 -1.16 1.00
-1.31 -0.49 -1.26 -1.49 1.00
-1.31 -0.49 -1.98 -1.23 1.00
-1.31 -0.49 -2.30 -0.53 1.00
-1.31 -0.49 -2.05 0.18 1.00
-1.31 -0.49 -1.35 0.51 1.00
-1.31 -0.49 -0.64 0.25 1.00
-1.31 -0.49 -0.31 -0.44 1.00
-1.31 -0.49 -0.56 -1.16 1.00
-1.31 -0.49 -1.25 -1.49 1.00
-1.31 -0.49 -1.98 -1.23 1.00
-1.31 -0.49 -2.30 -0.54 1.00
-1.31 -0.49 -2.05 0.18 1.00
-1.31 -0.49 -1.36 0.51 1.00
-1.31 -0.49 -0.64 0.26 1.00
-1.31 -0.49 -0.31 -0.43 1.00
-1.31 -0.49 -0.56 -1.15 1.00
-1.31 -0.49 -1.25 -1.49 1.00
-1.31 -0.49 -1.97 -1.23 1.00
-1.31 -0.49 -2.30 -0.55 1.00
-1.31 -0.49 -2.05 0.18 1.00
-1.31 -0.49 -1.37 0.51 1.00
-1.31 -0.49 -0.64 0.26 1.00
