4.50 1.90 4.00 2.77 0.00
4.51 1.94 3.88 2.72 0.00
4.51 1.98 3.81 2.70 0.00
4.47 2.02 3.78 2.74 0.00
4.44 2.06 3.74 2.77 0.00
4.40 2.09 3.71 2.82 0.00
4.37 2.13 3.65 2.83 0.00
4.33 2.17 3.61 2.87 0.00
4.29 2.21 3.56 2.89 0.00
4.25 2.24 3.52 2.92 0.00
4.22 2.28 3.47 2.94 0.00
4.18 2.32 3.42 2.96 0.00
4.15 2.35 3.37 2.99 0.00
4.10 2.39 3.33 3.02 0.00
4.06 2.42 3.27 3.04 0.00
4.02 2.46 3.23 3.06 0.00
3.99 2.49 3.18 3.09 0.00
3.95 2.52 3.14 3.11 0.00
3.92 2.55 3.09 3.12 0.00
3.88 2.58 3.06 3.15 0.00
3.85 2.60 2.99 3.12 0.00
3.81 2.62 2.93 3.09 0.00
3.77 2.65 2.87 3.07 0.00
3.74 2.68 2.80 3.03 0.00
3.70 2.70 2.74 3.00 0.00
3.66 2.73 2.69 2.96 0.00
3.63 2.76 2.65 2.95 0.00
3.58 2.76 2.60 2.94 0.00
3.54 2.77 2.55 2.92 0.00
3.50 2.77 2.51 2.90 0.00
3.46 2.78 2.47 2.90 0.00
3.42 2.79 2.42 2.89 0.00
3.37 2.80 2.38 2.86 0.00
3.33 2.80 2.33 2.87 0.00
3.31 2.80 2.31 2.88 0.00
3.25 2.80 2.25 2.84 0.00
3.22 2.80 2.22 2.87 0.00
3.17 2.81 2.17 2.87 0.00
3.13 2.81 2.13 2.88 0.00
3.09 2.81 2.09 2.85 0.00
3.05 2.82 2.05 2.91 0.00
3.01 2.82 2.01 2.86 0.00
2.97 2.82 1.97 2.86 0.00
2.93 2.82 1.93 2.85 0.00
2.89 2.83 1.89 2.83 0.00
2.84 2.83 1.84 2.86 0.00
2.80 2.83 1.80 2.84 0.00
2.76 2.83 1.76 2.84 0.00
2.72 2.83 1.72 2.83 0.00
2.68 2.83 1.68 2.81 0.00
2.64 2.83 1.64 2.80 0.00
2.60 2.83 1.60 2.79 0.00
2.56 2.83 1.56 2.77 0.00
2.51 2.83 1.52 2.79 0.00
2.47 2.83 1.47 2.79 0.00
2.43 2.83 1.43 2.79 0.00
2.39 2.83 1.39 2.80 0.00
2.35 2.82 1.35 2.80 0.00
2.31 2.82 1.31 2.80 0.00
2.27 2.82 1.27 2.80 0.00
2.22 2.82 1.22 2.81 0.00
2.18 2.82 1.18 2.81 0.00
2.14 2.82 1.14 2.81 0.00
2.10 2.81 1.10 2.81 0.00
2.06 2.81 1.06 2.80 0.00
2.01 2.81 1.01 2.81 0.00
1.97 2.81 0.97 2.81 0.00
1.93 2.81 0.93 2.86 0.00
1.88 2.82 0.88 2.73 0.00
1.84 2.82 0.84 2.76 0.00
1.81 2.81 0.81 2.81 0.00
1.77 2.81 0.77 2.82 0.00
1.73 2.81 0.73 2.82 0.00
1.69 2.81 0.69 2.82 0.00
1.65 2.81 0.65 2.82 0.00
1.61 2.81 0.61 2.83 0.00
1.57 2.81 0.57 2.83 0.00
1.53 2.81 0.53 2.83 0.00
1.49 2.81 0.49 2.82 0.00
1.45 2.82 0.45 2.82 0.00
1.41 2.82 0.41 2.81 0.00
1.37 2.82 0.37 2.80 0.00
1.33 2.82 0.33 2.79 0.00
1.29 2.82 0.29 2.80 0.00
1.25 2.82 0.25 2.80 0.00
1.21 2.82 0.21 2.79 0.00
1.17 2.82 0.17 2.80 0.00
1.13 2.81 0.13 2.81 0.00
1.09 2.81 0.09 2.82 0.00
1.05 2.81 0.05 2.83 0.00
1.00 2.81 0.01 2.86 0.00
0.96 2.81 -0.03 2.90 0.00
0.92 2.81 -0.07 2.95 0.00
0.88 2.81 -0.10 3.01 0.00
0.84 2.81 -0.12 3.07 0.00
0.80 2.81 -0.15 3.12 0.00
0.76 2.82 -0.17 3.18 0.00
0.72 2.83 -0.21 3.19 0.00
0.68 2.85 -0.25 3.20 0.00
0.65 2.86 -0.28 3.24 0.00
0.60 2.88 -0.32 3.27 0.00
0.58 2.89 -0.34 3.29 0.00
0.53 2.91 -0.36 3.35 0.00
0.50 2.92 -0.39 3.39 0.00
0.46 2.94 -0.41 3.43 0.00
0.45 2.94 -0.38 3.50 0.00
0.38 2.97 -0.48 3.48 0.00
0.35 2.99 -0.51 3.51 0.00
0.30 3.01 -0.53 3.57 0.00
0.27 3.04 -0.57 3.58 0.00
0.23 3.06 -0.61 3.60 0.00
0.20 3.07 -0.59 3.70 0.00
0.16 3.10 -0.66 3.68 0.00
0.15 3.11 0.00 4.10 1.00
0.14 3.16 0.08 4.16 0.00
0.11 3.24 0.34 4.21 0.00
0.12 3.26 0.14 4.26 0.00
0.10 3.28 0.04 4.27 0.00
0.12 3.31 -0.04 4.30 0.00
0.11 3.35 -0.04 4.34 0.00
0.11 3.39 -0.06 4.38 0.00
0.11 3.42 -0.10 4.39 0.00
0.09 3.46 -0.13 4.44 0.00
0.08 3.51 -0.21 4.47 0.00
0.08 3.55 -0.13 4.53 0.00
0.08 3.59 -0.07 4.58 0.00
0.06 3.62 -0.19 4.59 0.00
0.05 3.64 -0.34 4.56 0.00
0.00 3.74 -0.61 4.53 0.00
0.02 3.76 -0.34 4.69 0.00
0.01 3.80 -0.50 4.66 0.00
-0.00 3.85 -0.58 4.66 0.00
-0.01 3.89 -0.66 4.65 0.00
-0.02 3.93 -0.74 4.63 0.00
-0.04 3.97 -0.79 4.63 0.00
-0.08 4.01 -0.84 4.65 0.00
-0.11 4.04 -0.88 4.67 0.00
-0.14 4.07 -0.92 4.70 0.00
-0.18 4.10 -0.95 4.74 0.00
-0.22 4.13 -0.98 4.78 0.00
-0.26 4.16 -0.99 4.84 0.00
-0.29 4.19 -1.01 4.89 0.00
-0.33 4.22 -1.04 4.92 0.00
-0.36 4.25 -1.06 4.97 0.00
-0.40 4.28 -1.09 5.01 0.00
-0.43 4.31 -1.11 5.05 0.00
-0.46 4.35 -1.20 5.01 0.00
-0.48 4.38 -1.26 5.01 0.00
-0.51 4.41 -1.29 5.03 0.00
-0.54 4.44 -1.34 5.04 0.00
-0.57 4.46 -1.38 5.06 0.00
-0.60 4.49 -1.42 5.07 0.00
-0.63 4.52 -1.45 5.09 0.00
-0.67 4.54 -1.51 5.09 0.00
-0.70 4.57 -1.55 5.09 0.00
-0.73 4.59 -1.59 5.10 0.00
-0.77 4.61 -1.63 5.11 0.00
-0.80 4.64 -1.68 5.12 0.00
-0.84 4.66 -1.71 5.14 0.00
-0.87 4.68 -1.75 5.17 0.00
-0.91 4.70 -1.77 5.20 0.00
-0.95 4.72 -1.80 5.24 0.00
-0.98 4.74 -1.88 5.17 0.00
-1.01 4.77 -1.94 5.14 0.00
-1.05 4.79 -2.00 5.10 0.00
-1.08 4.81 -2.05 5.07 0.00
-1.12 4.83 -2.09 5.06 0.00
-1.16 4.84 -2.14 5.04 0.00
-1.20 4.86 -2.18 5.03 0.00
-1.23 4.87 -2.22 5.01 0.00
-1.27 4.87 -2.27 5.00 0.00
-1.31 4.88 -2.31 4.97 0.00
-1.35 4.89 -2.35 4.98 0.00
-1.39 4.89 -2.39 4.97 0.00
-1.44 4.90 -2.43 4.97 0.00
-1.48 4.90 -2.47 4.99 0.00
-1.52 4.91 -2.51 5.01 0.00
-1.56 4.91 -2.55 5.04 0.00
-1.60 4.92 -2.60 5.01 0.00
-1.64 4.92 -2.64 5.00 0.00
-1.68 4.93 -2.68 4.99 0.00
-1.73 4.93 -2.72 4.97 0.00
-1.77 4.94 -2.77 4.95 0.00
-1.81 4.94 -2.81 4.94 0.00
-1.85 4.94 -2.85 4.91 0.00
-1.89 4.94 -2.89 4.89 0.00
-1.93 4.94 -2.93 4.87 0.00
-1.97 4.94 -2.97 4.85 0.00
-2.01 4.94 -3.01 4.85 0.00
-2.05 4.94 -3.05 4.84 0.00
-2.09 4.94 -3.09 4.84 0.00
-2.14 4.93 -3.13 4.83 0.00
-2.18 4.93 -3.17 4.84 0.00
-2.22 4.92 -3.22 4.85 0.00
-2.26 4.92 -3.26 4.84 0.00
-2.30 4.91 -3.30 4.84 0.00
-2.34 4.91 -3.34 4.83 0.00
-2.38 4.91 -3.38 4.83 0.00
-2.42 4.90 -3.42 4.83 0.00
-2.46 4.90 -3.46 4.83 0.00
-2.50 4.90 -3.50 4.82 0.00
-2.54 4.90 -3.53 4.81 0.00
-2.57 4.89 -3.57 4.80 0.00
-2.61 4.89 -3.61 4.79 0.00
-2.65 4.89 -3.65 4.81 0.00
-2.69 4.89 -3.69 4.82 0.00
-2.73 4.88 -3.73 4.85 0.00
-2.77 4.88 -3.77 4.87 0.00
-2.80 4.88 -3.80 4.88 0.00
-2.83 4.87 -3.83 4.91 0.00
-2.83 4.87 -3.51 5.60 1.00
-2.83 4.87 -2.78 5.87 1.00
-2.82 4.91 -2.67 5.90 0.00
-2.82 4.96 -2.70 5.95 0.00
-2.82 4.99 -2.55 5.96 0.00
-2.82 5.03 -2.51 5.98 0.00
-2.82 5.07 -2.46 6.01 0.00
-2.82 5.11 -2.41 6.02 0.00
-2.81 5.15 -2.37 6.05 0.00
-2.79 5.19 -2.34 6.09 0.00
-2.77 5.23 -2.34 6.13 0.00
-2.75 5.27 -2.30 6.16 0.00
-2.73 5.31 -2.28 6.20 0.00
-2.71 5.34 -2.25 6.23 0.00
-2.70 5.38 -2.22 6.26 0.00
-2.68 5.42 -2.19 6.29 0.00
-2.66 5.46 -2.16 6.32 0.00
-2.64 5.50 -2.13 6.35 0.00
-2.62 5.53 -2.02 6.33 0.00
-2.60 5.57 -1.96 6.33 0.00
-2.59 5.60 -1.88 6.31 0.00
-2.56 5.64 -1.82 6.31 0.00
-2.54 5.67 -1.77 6.30 0.00
-2.52 5.70 -1.72 6.30 0.00
-2.49 5.74 -1.65 6.28 0.00
-2.45 5.76 -1.64 6.34 0.00
-2.42 5.79 -1.62 6.38 0.00
-2.38 5.82 -1.55 6.37 0.00
-2.35 5.85 -1.59 6.50 0.00
-2.31 5.86 -1.50 6.45 0.00
-2.27 5.89 -1.44 6.45 0.00
-2.24 5.92 -1.40 6.46 0.00
-2.20 5.95 -1.35 6.48 0.00
-2.16 5.97 -1.31 6.49 0.00
-2.13 6.00 -1.23 6.44 0.00
-2.09 6.02 -1.16 6.39 0.00
-2.06 6.04 -1.10 6.34 0.00
-2.02 6.06 -1.05 6.30 0.00
-1.98 6.08 -1.00 6.26 0.00
-1.95 6.11 -0.95 6.18 0.00
-1.91 6.12 -0.91 6.20 0.00
-1.86 6.12 -0.87 6.22 0.00
-1.82 6.13 -0.83 6.24 0.00
-1.77 6.13 -0.78 6.23 0.00
-1.73 6.13 -0.73 6.21 0.00
-1.68 6.14 -0.68 6.18 0.00
-1.64 6.14 -0.64 6.17 0.00
-1.59 6.15 -0.59 6.15 0.00
-1.55 6.15 -0.55 6.14 0.00
-1.50 6.16 -0.50 6.12 0.00
-1.46 6.16 -0.46 6.12 0.00
-1.42 6.15 -0.42 6.11 0.00
-1.38 6.15 -0.38 6.11 0.00
-1.34 6.15 -0.34 6.10 0.00
-1.30 6.15 -0.30 6.09 0.00
-1.26 6.15 -0.26 6.09 0.00
-1.22 6.15 -0.22 6.09 0.00
-1.18 6.14 -0.18 6.08 0.00
-1.14 6.14 -0.14 6.08 0.00
-1.10 6.14 -0.11 6.08 0.00
-1.06 6.14 -0.07 6.06 0.00
-1.02 6.13 -0.02 6.06 0.00
-0.99 6.14 0.01 6.01 0.00
-0.94 6.13 0.05 6.02 0.00
-0.90 6.13 0.08 5.95 0.00
-0.86 6.13 0.10 5.85 0.00
-0.82 6.11 0.15 5.87 0.00
-0.79 6.10 0.18 5.88 0.00
-0.75 6.09 0.23 5.86 0.00
-0.70 6.08 0.27 5.84 0.00
-0.67 6.07 0.30 5.80 0.00
-0.63 6.06 0.31 5.72 0.00
-0.59 6.06 0.33 5.65 0.00
-0.55 6.04 0.34 5.58 0.00
-0.51 6.03 0.34 5.50 0.00
-0.47 6.03 0.33 5.42 0.00
-0.42 6.02 0.34 5.37 0.00
-0.38 6.00 0.36 5.32 0.00
-0.35 5.97 0.32 5.22 0.00
-0.31 5.94 0.36 5.20 0.00
-0.28 5.90 0.39 5.15 0.00
-0.24 5.87 0.41 5.11 0.00
-0.22 5.83 0.48 5.12 0.00
-0.19 5.80 0.51 5.09 0.00
-0.16 5.77 0.54 5.06 0.00
-0.13 5.74 0.54 5.00 0.00
-0.10 5.71 0.49 4.91 0.00
-0.08 5.69 0.44 4.83 0.00
-0.05 5.66 0.40 4.76 0.00
-0.02 5.63 0.35 4.70 0.00
0.01 5.60 0.23 4.62 0.00
0.03 5.57 0.25 4.60 0.00
0.05 5.53 0.23 4.55 0.00
0.07 5.49 0.22 4.50 0.00
0.08 5.44 0.22 4.45 0.00
0.08 5.39 0.20 4.40 0.00
0.09 5.35 0.21 4.36 0.00
0.10 5.30 0.24 4.31 0.00
0.10 5.26 0.22 4.27 0.00
0.11 5.22 0.23 4.23 0.00
0.12 5.18 0.22 4.19 0.00
0.12 5.14 0.21 4.14 0.00
0.13 5.10 0.20 4.10 0.00
0.13 5.06 0.17 4.06 0.00
0.14 5.02 0.14 4.02 0.00
0.14 4.98 0.11 3.98 0.00
0.14 4.94 0.09 3.94 0.00
0.15 4.90 0.05 3.90 0.00
0.15 4.86 0.02 3.86 0.00
0.15 4.82 -0.02 3.83 0.00
0.15 4.78 -0.06 3.80 0.00
0.14 4.74 -0.08 3.76 0.00
0.14 4.69 -0.10 3.72 0.00
0.13 4.65 -0.11 3.68 0.00
0.11 4.62 -0.06 3.63 0.00
0.10 4.58 -0.07 3.59 0.00
0.10 4.54 -0.08 3.55 0.00
0.09 4.50 -0.08 3.51 0.00
0.08 4.45 -0.09 3.47 0.00
0.07 4.41 -0.11 3.43 0.00
0.07 4.37 -0.15 3.39 0.00
0.06 4.33 -0.22 3.37 0.00
0.05 4.29 -0.32 3.36 0.00
0.04 4.25 -0.39 3.35 0.00
0.04 4.20 -0.48 3.35 0.00
0.03 4.16 -0.56 3.35 0.00
0.02 4.12 -0.63 3.36 0.00
0.01 4.08 -0.68 3.36 0.00
-0.02 4.05 -0.73 3.35 0.00
-0.05 4.02 -0.78 3.33 0.00
-0.09 4.00 -0.76 3.26 0.00
-0.12 3.97 -0.76 3.20 0.00
-0.16 3.95 -0.76 3.15 0.00
-0.19 3.92 -0.78 3.11 0.00
-0.22 3.88 -0.81 3.07 0.00
-0.25 3.84 -0.83 3.03 0.00
-0.27 3.80 -0.87 3.00 0.00
-0.30 3.76 -0.95 2.99 0.00
-0.33 3.72 -1.03 3.00 0.00
-0.36 3.68 -1.10 3.01 0.00
-0.39 3.64 -1.18 3.03 0.00
-0.42 3.61 -1.26 3.08 0.00
-0.47 3.58 -1.29 3.00 0.00
-0.52 3.52 -1.27 2.87 0.00
-0.55 3.50 -1.36 2.90 0.00
-0.55 3.51 -1.50 3.20 0.00
-0.61 3.53 -1.56 3.22 0.00
-0.64 3.49 -1.56 3.12 0.00
-0.67 3.48 -1.60 3.10 0.00
-0.71 3.46 -1.64 3.10 0.00
-0.75 3.45 -1.69 3.11 0.00
-0.79 3.43 -1.76 3.19 0.00
-0.83 3.42 -1.81 3.24 0.00
-0.87 3.40 -1.86 3.29 0.00
-0.91 3.38 -1.91 3.36 0.00
-0.94 3.37 -1.94 3.40 0.00
-0.98 3.36 -1.98 3.46 0.00
-1.02 3.35 -2.01 3.49 0.00
-1.06 3.36 -2.05 3.48 0.00
-1.10 3.36 -2.09 3.51 0.00
-1.14 3.37 -2.12 3.56 0.00
-1.17 3.38 -2.14 3.64 0.00
-1.22 3.39 -2.20 3.61 0.00
-1.27 3.40 -2.23 3.65 0.00
-1.31 3.41 -2.26 3.73 0.00
-1.36 3.42 -2.27 3.83 0.00
-1.41 3.43 -2.28 3.92 0.00
-1.45 3.44 -2.27 4.01 0.00
-1.50 3.45 -2.25 4.12 0.00
-1.55 3.46 -2.22 4.21 0.00
-1.58 3.48 -2.23 4.25 0.00
-1.61 3.51 -2.25 4.27 0.00
-1.63 3.54 -2.30 4.28 0.00
-1.65 3.57 -2.27 4.36 0.00
-1.67 3.60 -2.23 4.43 0.00
-1.70 3.63 -2.19 4.49 0.00
-1.72 3.65 -2.13 4.56 0.00
-1.75 3.68 -2.08 4.62 0.00
-1.76 3.72 -2.08 4.66 0.00
-1.77 3.75 -2.08 4.71 0.00
-1.79 3.79 -2.08 4.75 0.00
-1.80 3.83 -2.07 4.79 0.00
-1.82 3.87 -2.07 4.84 0.00
-1.83 3.91 -2.08 4.88 0.00
-1.84 3.95 -2.08 4.92 0.00
-1.85 3.98 -2.08 4.96 0.00
-1.86 4.02 -2.07 5.00 0.00
-1.87 4.06 -2.07 5.04 0.00
-1.88 4.10 -2.06 5.09 0.00
-1.89 4.13 -1.97 5.13 0.00
-1.90 4.18 -1.99 5.17 0.00
-1.91 4.22 -1.94 5.22 0.00
-1.91 4.25 -1.91 5.25 0.00
-1.92 4.29 -1.87 5.29 0.00
-1.92 4.33 -1.89 5.33 0.00
-1.92 4.37 -1.90 5.37 0.00
-1.91 4.41 -1.90 5.41 0.00
-1.91 4.45 -1.91 5.45 0.00
-1.91 4.49 -1.91 5.49 0.00
-1.91 4.53 -1.92 5.53 0.00
-1.91 4.57 -1.92 5.57 0.00
-1.91 4.61 -1.92 5.61 0.00
-1.91 4.65 -1.91 5.65 0.00
-1.91 4.69 -1.91 5.69 0.00
-1.91 4.73 -1.90 5.73 0.00
-1.91 4.77 -1.88 5.77 0.00
-1.91 4.80 -1.86 5.80 0.00
-1.91 4.84 -1.85 5.84 0.00
-1.91 4.88 -1.83 5.88 0.00
-1.91 4.93 -1.78 5.92 0.00
-1.91 4.97 -1.79 5.96 0.00
-1.90 5.01 -1.71 5.99 0.00
-1.90 5.05 -1.64 6.02 0.00
-1.89 5.09 -1.59 6.04 0.00
-1.89 5.13 -1.53 6.06 0.00
-1.88 5.17 -1.50 6.09 0.00
-1.87 5.21 -1.49 6.13 0.00
-1.85 5.24 -1.47 6.17 0.00
-1.84 5.28 -1.44 6.20 0.00
-1.82 5.32 -1.45 6.24 0.00
-1.80 5.36 -1.39 6.27 0.00
-1.79 5.39 -1.36 6.29 0.00
-1.77 5.43 -1.34 6.33 0.00
-1.76 5.47 -1.32 6.37 0.00
-1.74 5.50 -1.27 6.39 0.00
-1.72 5.54 -1.23 6.41 0.00
-1.70 5.58 -1.21 6.45 0.00
-1.68 5.61 -1.19 6.48 0.00
-1.66 5.64 -1.13 6.49 0.00
-1.64 5.68 -1.09 6.51 0.00
-1.62 5.71 -1.05 6.53 0.00
-1.61 5.75 -1.01 6.55 0.00
-1.58 5.79 -0.98 6.59 0.00
-1.56 5.82 -0.96 6.62 0.00
-1.53 5.85 -0.95 6.66 0.00
-1.51 5.89 -0.90 6.68 0.00
-1.49 5.92 -0.81 6.65 0.00
-1.46 5.95 -0.78 6.68 0.00
-1.44 5.98 -0.74 6.70 0.00
-1.41 6.02 -0.68 6.70 0.00
-1.39 6.05 -0.63 6.70 0.00
-1.36 6.08 -0.58 6.71 0.00
-1.32 6.11 -0.51 6.69 0.00
-1.29 6.14 -0.45 6.68 0.00
-1.25 6.17 -0.38 6.67 0.00
-1.22 6.20 -0.32 6.65 0.00
-1.18 6.23 -0.27 6.63 0.00
-1.14 6.26 -0.21 6.62 0.00
-1.10 6.28 -0.16 6.61 0.00
-1.07 6.29 -0.12 6.61 0.00
-1.02 6.31 -0.08 6.63 0.00
-0.98 6.32 -0.03 6.64 0.00
-0.94 6.34 0.01 6.64 0.00
-0.90 6.35 0.05 6.64 0.00
-0.86 6.36 0.10 6.65 0.00
-0.82 6.38 0.14 6.63 0.00
-0.78 6.39 0.19 6.64 0.00
-0.74 6.40 0.23 6.60 0.00
-0.71 6.41 0.27 6.64 0.00
-0.66 6.42 0.30 6.66 0.00
-0.63 6.42 0.34 6.64 0.00
-0.57 6.41 0.35 6.78 0.00
-0.54 6.43 0.41 6.74 0.00
-0.51 6.43 0.43 6.78 0.00
-0.47 6.45 0.50 6.73 0.00
-0.41 6.44 0.53 6.78 0.00
-0.41 6.45 0.59 6.55 0.00
-0.36 6.45 0.64 6.45 0.00
-0.30 6.50 0.69 6.65 0.00
-0.26 6.52 0.74 6.56 0.00
-0.24 6.54 0.76 6.51 0.00
-0.19 6.54 0.80 6.47 0.00
-0.16 6.55 0.84 6.46 0.00
-0.12 6.55 0.88 6.44 0.00
-0.09 6.55 0.90 6.37 0.00
-0.04 6.54 0.96 6.43 0.00
0.01 6.54 1.00 6.42 0.00
0.06 6.52 1.06 6.45 0.00
0.09 6.52 1.06 6.29 0.00
0.12 6.52 1.03 6.10 0.00
0.16 6.52 1.07 6.11 0.00
0.21 6.46 1.07 5.96 0.00
0.26 6.45 1.14 5.96 0.00
0.33 6.45 1.12 5.83 0.00
0.33 6.45 1.17 5.91 0.00
0.35 6.44 1.12 5.81 0.00
0.39 6.42 1.19 5.82 0.00
0.42 6.40 1.19 5.77 0.00
0.45 6.38 1.22 5.74 0.00
0.48 6.35 1.21 5.67 0.00
0.51 6.33 1.21 5.62 0.00
0.54 6.30 1.21 5.56 0.00
0.57 6.27 1.20 5.50 0.00
0.59 6.24 1.18 5.44 0.00
0.62 6.22 1.17 5.38 0.00
0.65 6.19 1.13 5.31 0.00
0.68 6.16 1.12 5.27 0.00
0.70 6.13 1.10 5.21 0.00
0.72 6.10 1.09 5.16 0.00
0.74 6.06 1.09 5.13 0.00
0.76 6.02 1.08 5.08 0.00
