-3.10 6.10 -3.84 5.43 0.00
-3.13 6.07 -3.85 5.38 0.00
-3.16 6.05 -3.84 5.32 0.00
-3.19 6.01 -3.86 5.27 0.00
-3.22 5.98 -3.86 5.21 0.00
-3.26 5.96 -3.87 5.17 0.00
-3.29 5.93 -3.86 5.11 0.00
-3.32 5.90 -3.86 5.06 0.00
-3.34 5.87 -3.86 5.01 0.00
-3.37 5.84 -3.86 4.97 0.00
-3.39 5.80 -3.87 4.93 0.00
-3.41 5.77 -3.89 4.89 0.00
-3.43 5.73 -3.89 4.85 0.00
-3.45 5.70 -3.89 4.80 0.00
-3.47 5.67 -3.89 4.76 0.00
-3.48 5.63 -3.96 4.75 0.00
-3.51 5.59 -3.89 4.67 0.00
-3.51 5.62 -4.36 5.08 1.00
-3.52 5.64 -4.52 5.77 1.00
-3.56 5.64 -4.56 5.74 0.00
-3.60 5.65 -4.60 5.78 0.00
-3.65 5.65 -4.64 5.79 0.00
-3.69 5.66 -4.68 5.82 0.00
-3.73 5.66 -4.72 5.83 0.00
-3.77 5.67 -4.76 5.83 0.00
-3.81 5.67 -4.79 5.84 0.00
-3.85 5.68 -4.84 5.83 0.00
-3.89 5.69 -4.88 5.83 0.00
-3.92 5.69 -4.91 5.83 0.00
-3.96 5.70 -4.95 5.83 0.00
-3.98 5.71 -4.97 5.83 0.00
-3.99 5.80 -4.89 5.37 0.00
-4.08 5.72 -5.05 5.95 0.00
-4.11 5.73 -5.10 5.83 0.00
-4.15 5.72 -5.15 5.76 0.00
-4.16 5.71 -4.83 6.45 1.00
-4.16 5.70 -4.13 6.70 1.00
-4.18 5.75 -4.09 6.74 0.00
-4.19 5.81 -4.06 6.80 0.00
-4.16 5.83 -3.98 6.81 0.00
-4.19 5.89 -3.93 6.85 0.00
-4.20 5.90 -3.89 6.85 0.00
-4.16 5.95 -3.78 6.88 0.00
-4.17 6.01 -3.78 6.93 0.00
-4.15 6.04 -3.85 7.00 0.00
-4.14 6.08 -3.89 7.05 0.00
-4.09 6.14 -4.10 7.14 0.00
-4.09 6.18 -4.21 7.18 0.00
-4.08 6.18 -3.91 7.17 0.00
-4.07 6.19 -3.70 7.12 0.00
-4.04 6.27 -3.92 7.26 0.00
-4.02 6.28 -3.81 7.26 0.00
-3.96 6.34 -3.36 7.14 0.00
-3.96 6.34 -2.97 6.48 1.00
-3.92 6.34 -2.92 6.45 0.00
-3.88 6.35 -2.88 6.40 0.00
-3.83 6.35 -2.83 6.37 0.00
-3.79 6.36 -2.79 6.30 0.00
-3.75 6.36 -2.75 6.26 0.00
-3.71 6.37 -2.73 6.21 0.00
-3.66 6.37 -2.68 6.19 0.00
-3.62 6.37 -2.64 6.17 0.00
-3.57 6.36 -2.60 6.16 0.00
-3.53 6.35 -2.55 6.16 0.00
-3.49 6.34 -2.51 6.14 0.00
-3.45 6.33 -2.46 6.15 0.00
-3.40 6.33 -2.41 6.19 0.00
-3.37 6.32 -2.38 6.17 0.00
-3.39 6.34 -2.50 5.88 0.00
-3.30 6.26 -2.30 6.38 0.00
-3.28 6.25 -2.29 6.39 0.00
-3.22 6.23 -2.23 6.37 0.00
-3.18 6.28 -2.18 6.28 0.00
-3.08 6.24 -2.08 6.36 0.00
-3.05 6.24 -2.05 6.25 0.00
-3.02 6.24 -2.04 6.05 0.00
-2.96 6.27 -2.00 6.00 0.00
-2.95 6.27 -1.99 6.02 0.00
-2.91 6.30 -1.93 6.12 0.00
-2.87 6.29 -1.89 6.11 0.00
-2.83 6.28 -1.84 6.11 0.00
-2.79 6.28 -1.80 6.14 0.00
-2.74 6.27 -1.76 6.10 0.00
-2.70 6.26 -1.71 6.10 0.00
-2.65 6.25 -1.66 6.11 0.00
-2.61 6.25 -1.62 6.12 0.00
-2.57 6.24 -1.58 6.13 0.00
-2.53 6.23 -1.56 5.99 0.00
-2.48 6.24 -1.52 5.98 0.00
-2.44 6.22 -1.49 5.93 0.00
-2.40 6.22 -1.46 5.88 0.00
-2.36 6.21 -1.44 5.82 0.00
-2.32 6.21 -1.41 5.78 0.00
-2.27 6.20 -1.39 5.74 0.00
-2.23 6.18 -1.35 5.71 0.00
-2.19 6.16 -1.31 5.68 0.00
-2.15 6.14 -1.27 5.67 0.00
-2.11 6.11 -1.22 5.66 0.00
-2.07 6.09 -1.17 5.65 0.00
-2.02 6.07 -1.12 5.65 0.00
-1.98 6.05 -1.07 5.65 0.00
-1.94 6.02 -1.01 5.65 0.00
-1.90 6.01 -0.98 5.62 0.00
-1.86 5.99 -0.94 5.61 0.00
-1.82 5.97 -0.91 5.56 0.00
-1.78 5.96 -0.88 5.52 0.00
-1.74 5.94 -0.85 5.48 0.00
-1.70 5.92 -0.83 5.43 0.00
-1.66 5.91 -0.80 5.39 0.00
-1.61 5.89 -0.77 5.35 0.00
-1.57 5.87 -0.74 5.31 0.00
-1.53 5.84 -0.70 5.29 0.00
-1.49 5.83 -0.73 5.18 0.00
-1.45 5.79 -0.64 5.21 0.00
-1.41 5.76 -0.60 5.18 0.00
-1.37 5.73 -0.55 5.15 0.00
-1.33 5.70 -0.50 5.14 0.00
-1.28 5.68 -0.46 5.10 0.00
-1.25 5.65 -0.42 5.09 0.00
-1.22 5.63 -0.43 5.01 0.00
-1.19 5.61 -0.40 4.99 0.00
-1.15 5.58 -0.39 4.94 0.00
-1.12 5.56 -0.37 4.89 0.00
-1.09 5.54 -0.38 4.82 0.00
-1.05 5.51 -0.37 4.78 0.00
-1.02 5.48 -0.38 4.71 0.00
-0.98 5.45 -0.39 4.65 0.00
-0.95 5.42 -0.38 4.61 0.00
-0.92 5.39 -0.38 4.55 0.00
-0.89 5.35 -0.37 4.50 0.00
-0.86 5.31 -0.37 4.44 0.00
-0.83 5.27 -0.39 4.37 0.00
-0.81 5.23 -0.33 4.36 0.00
-0.78 5.18 -0.33 4.29 0.00
-0.76 5.15 -0.34 4.24 0.00
-0.74 5.11 -0.32 4.20 0.00
-0.72 5.07 -0.30 4.16 0.00
-0.70 5.03 -0.28 4.12 0.00
-0.68 4.99 -0.27 4.08 0.00
-0.66 4.95 -0.24 4.04 0.00
-0.65 4.91 -0.24 3.99 0.00
-0.63 4.86 -0.23 3.94 0.00
-0.61 4.82 -0.23 3.90 0.00
-0.59 4.78 -0.23 3.85 0.00
-0.57 4.74 -0.22 3.80 0.00
-0.55 4.70 -0.21 3.76 0.00
-0.53 4.65 -0.20 3.71 0.00
-0.51 4.61 -0.18 3.67 0.00
-0.50 4.56 -0.14 3.63 0.00
-0.48 4.52 -0.13 3.58 0.00
-0.47 4.47 -0.12 3.54 0.00
-0.46 4.43 -0.08 3.51 0.00
-0.44 4.39 -0.05 3.47 0.00
-0.42 4.35 -0.02 3.43 0.00
-0.41 4.30 0.01 3.39 0.00
-0.39 4.26 0.04 3.36 0.00
-0.37 4.22 0.08 3.33 0.00
-0.36 4.17 0.10 3.28 0.00
-0.34 4.13 0.12 3.24 0.00
-0.32 4.09 0.13 3.20 0.00
-0.30 4.05 0.16 3.16 0.00
-0.27 4.00 0.18 3.11 0.00
-0.25 3.96 0.20 3.07 0.00
-0.23 3.92 0.22 3.02 0.00
-0.20 3.87 0.23 2.97 0.00
-0.18 3.83 0.24 2.92 0.00
-0.18 3.83 -0.52 2.89 1.00
-0.18 3.83 -1.09 3.41 1.00
-0.22 3.81 -1.13 3.41 0.00
-0.25 3.80 -1.18 3.42 0.00
-0.29 3.78 -1.21 3.38 0.00
-0.33 3.76 -1.25 3.37 0.00
-0.37 3.75 -1.28 3.33 0.00
-0.40 3.73 -1.31 3.32 0.00
-0.44 3.71 -1.35 3.30 0.00
-0.48 3.70 -1.38 3.27 0.00
-0.51 3.68 -1.42 3.26 0.00
-0.55 3.67 -1.46 3.24 0.00
-0.59 3.65 -1.49 3.22 0.00
-0.62 3.63 -1.52 3.20 0.00
-0.66 3.61 -1.55 3.15 0.00
-0.69 3.60 -1.55 3.09 0.00
-0.73 3.58 -1.55 3.01 0.00
-0.77 3.56 -1.54 2.93 0.00
-0.80 3.54 -1.48 2.80 0.00
-0.84 3.51 -1.46 2.73 0.00
-0.87 3.48 -1.43 2.65 0.00
-0.91 3.46 -1.39 2.58 0.00
-0.94 3.42 -1.36 2.52 0.00
-0.97 3.39 -1.33 2.46 0.00
-0.99 3.36 -1.34 2.42 0.00
-1.00 3.33 -1.35 2.39 0.00
-1.01 3.29 -1.37 2.36 0.00
-1.02 3.26 -1.36 2.31 0.00
-1.04 3.22 -1.34 2.27 0.00
-1.05 3.19 -1.32 2.23 0.00
-1.06 3.16 -1.31 2.19 0.00
-1.08 3.12 -1.28 2.14 0.00
-1.09 3.09 -1.27 2.10 0.00
-1.10 3.06 -1.25 2.07 0.00
-1.11 3.02 -1.21 2.03 0.00
-1.11 2.98 -1.22 1.98 0.00
-1.12 2.94 -1.20 1.94 0.00
-1.12 2.90 -1.18 1.90 0.00
-1.13 2.86 -1.16 1.86 0.00
-1.13 2.82 -1.14 1.82 0.00
-1.14 2.78 -1.11 1.78 0.00
-1.14 2.75 -1.09 1.75 0.00
-1.14 2.71 -1.07 1.71 0.00
-1.14 2.67 -1.04 1.67 0.00
-1.14 2.63 -0.99 1.64 0.00
-1.14 2.59 -0.93 1.61 0.00
-1.14 2.55 -0.88 1.59 0.00
-1.13 2.51 -0.82 1.57 0.00
-1.13 2.48 -0.76 1.55 0.00
-1.12 2.43 -0.72 1.52 0.00
-1.10 2.40 -0.69 1.48 0.00
-1.07 2.36 -0.69 1.44 0.00
-1.06 2.32 -0.68 1.40 0.00
-1.04 2.28 -0.65 1.36 0.00
-1.02 2.24 -0.64 1.32 0.00
-1.01 2.20 -0.59 1.29 0.00
-0.99 2.15 -0.51 1.28 0.00
-0.97 2.11 -0.42 1.28 0.00
-0.95 2.07 -0.34 1.28 0.00
-0.94 2.03 -0.25 1.30 0.00
-0.92 1.98 -0.18 1.31 0.00
-0.90 1.94 -0.09 1.36 0.00
-0.87 1.91 -0.03 1.36 0.00
-0.84 1.88 0.01 1.35 0.00
-0.80 1.85 0.05 1.34 0.00
-0.77 1.83 0.09 1.32 0.00
-0.77 1.83 -0.52 0.86 1.00
-0.77 1.83 -1.27 0.97 1.00
-0.77 1.83 -1.73 1.58 1.00
-0.80 1.82 -1.78 1.62 0.00
-0.84 1.81 -1.82 1.62 0.00
-0.88 1.81 -1.86 1.61 0.00
-0.92 1.80 -1.90 1.61 0.00
-0.96 1.79 -1.94 1.61 0.00
-0.99 1.78 -1.97 1.56 0.00
-1.03 1.78 -2.01 1.59 0.00
-1.06 1.77 -2.05 1.58 0.00
-1.10 1.76 -2.08 1.59 0.00
-1.13 1.76 -2.11 1.59 0.00
-1.16 1.75 -2.14 1.56 0.00
-1.19 1.75 -2.17 1.56 0.00
-1.22 1.74 -2.20 1.52 0.00
-1.25 1.74 -2.22 1.48 0.00
-1.28 1.73 -2.24 1.43 0.00
-1.31 1.73 -2.25 1.37 0.00
-1.35 1.71 -2.29 1.37 0.00
-1.39 1.70 -2.29 1.26 0.00
-1.42 1.68 -2.30 1.21 0.00
-1.47 1.67 -2.30 1.10 0.00
-1.51 1.66 -2.24 0.98 0.00
-1.55 1.65 -2.22 0.90 0.00
-1.59 1.64 -2.19 0.84 0.00
-1.60 1.63 -2.25 0.87 0.00
-1.63 1.60 -2.28 0.84 0.00
-1.67 1.54 -2.24 0.72 0.00
-1.70 1.49 -2.20 0.63 0.00
-1.72 1.48 -2.19 0.60 0.00
-1.73 1.44 -1.84 0.45 0.00
-1.76 1.40 -1.80 0.41 0.00
-1.74 1.38 -1.69 0.38 0.00
-1.80 1.33 -1.87 0.33 0.00
-1.78 1.33 -2.42 0.56 1.00
-1.78 1.33 -2.78 1.24 1.00
-1.82 1.33 -2.82 1.22 0.00
-1.86 1.33 -2.85 1.19 0.00
-1.90 1.32 -2.89 1.18 0.00
-1.95 1.31 -2.95 1.21 0.00
-1.98 1.32 -2.96 1.11 0.00
-2.03 1.31 -3.01 1.15 0.00
-2.06 1.30 -3.04 1.10 0.00
-2.11 1.27 -3.11 1.18 0.00
-2.12 1.29 -3.09 1.04 0.00
-2.17 1.29 -3.15 1.11 0.00
-2.20 1.26 -3.18 1.04 0.00
-2.21 1.28 -3.18 1.01 0.00
-2.23 1.26 -3.14 0.83 0.00
-2.27 1.23 -3.15 0.75 0.00
-2.41 1.18 -3.40 1.32 0.00
-2.39 1.22 -3.37 1.02 0.00
-2.39 1.22 -3.23 1.76 1.00
-2.39 1.22 -2.60 2.19 1.00
-2.40 1.20 -2.57 2.18 0.00
-2.40 1.30 -2.49 2.29 0.00
-2.42 1.37 -2.40 2.36 0.00
-2.42 1.38 -2.33 2.38 0.00
-2.43 1.42 -2.26 2.40 0.00
-2.44 1.46 -2.15 2.41 0.00
-2.45 1.50 -2.09 2.43 0.00
-2.44 1.53 -2.06 2.46 0.00
-2.43 1.57 -2.16 2.53 0.00
-2.41 1.61 -2.10 2.56 0.00
-2.40 1.65 -2.03 2.58 0.00
-2.39 1.70 -1.96 2.60 0.00
-2.39 1.71 -1.96 2.62 0.00
-2.37 1.75 -1.82 2.58 0.00
-2.30 1.79 -1.64 2.54 0.00
-2.28 1.81 -1.51 2.46 0.00
-2.24 1.84 -1.47 2.48 0.00
-2.20 1.87 -1.44 2.52 0.00
-2.16 1.90 -1.40 2.55 0.00
-2.12 1.94 -1.32 2.54 0.00
-2.08 1.97 -1.25 2.52 0.00
-2.04 2.01 -1.16 2.48 0.00
-2.00 2.04 -1.08 2.44 0.00
-1.96 2.08 -1.01 2.38 0.00
-1.92 2.11 -0.94 2.31 0.00
-1.88 2.15 -0.88 2.25 0.00
-1.84 2.15 -0.84 2.24 0.00
-1.79 2.16 -0.80 2.23 0.00
-1.75 2.16 -0.75 2.23 0.00
-1.71 2.17 -0.71 2.23 0.00
-1.67 2.17 -0.67 2.25 0.00
-1.63 2.17 -0.63 2.24 0.00
-1.58 2.17 -0.58 2.25 0.00
-1.53 2.18 -0.53 2.18 0.00
-1.48 2.18 -0.48 2.17 0.00
-1.42 2.18 -0.42 2.15 0.00
-1.37 2.19 -0.38 2.12 0.00
-1.32 2.19 -0.33 2.10 0.00
-1.27 2.19 -0.28 2.05 0.00
-1.23 2.19 -0.24 2.03 0.00
-1.18 2.18 -0.19 2.02 0.00
-1.14 2.18 -0.15 2.01 0.00
-1.09 2.17 -0.10 2.02 0.00
-1.05 2.16 -0.05 2.04 0.00
-1.00 2.15 -0.00 2.02 0.00
-0.95 2.15 0.04 2.00 0.00
-0.90 2.14 0.09 2.01 0.00
-0.86 2.13 0.14 2.00 0.00
-0.86 2.13 -0.24 1.34 1.00
-0.86 2.13 -0.98 1.14 1.00
-0.86 2.08 -1.01 1.09 0.00
-0.87 2.05 -0.99 1.05 0.00
-0.87 2.01 -0.95 1.02 0.00
-0.87 1.97 -0.92 0.97 0.00
-0.88 1.93 -0.87 0.93 0.00
-0.89 1.89 -0.83 0.89 0.00
-0.89 1.85 -0.78 0.86 0.00
-0.90 1.81 -0.75 0.82 0.00
-0.90 1.77 -0.71 0.79 0.00
-0.89 1.73 -0.70 0.75 0.00
-0.89 1.69 -0.69 0.71 0.00
-0.88 1.65 -0.62 0.69 0.00
-0.88 1.62 -0.51 0.69 0.00
-0.86 1.58 -0.46 0.66 0.00
-0.83 1.53 -0.39 0.63 0.00
-0.85 1.49 -0.19 0.74 0.00
-0.84 1.50 -0.91 0.50 1.00
-0.84 1.50 -1.63 0.87 1.00
-0.85 1.50 -1.84 1.60 1.00
-0.86 1.50 -1.79 1.86 0.00
-0.90 1.51 -1.85 1.81 0.00
-0.94 1.53 -1.88 1.87 0.00
-1.02 1.52 -2.02 1.55 0.00
-1.06 1.53 -2.05 1.63 0.00
-1.08 1.52 -2.02 1.86 0.00
-1.14 1.53 -2.11 1.78 0.00
-1.18 1.54 -2.13 1.87 0.00
-1.20 1.56 -2.07 2.06 0.00
-1.25 1.55 -2.01 2.19 0.00
-1.28 1.62 -2.10 2.20 0.00
-1.35 1.61 -2.29 1.94 0.00
-1.36 1.61 -2.28 2.00 0.00
-1.38 1.61 -2.30 1.99 0.00
-1.40 1.61 -2.34 1.96 0.00
-1.43 1.63 -2.37 1.97 0.00
-1.47 1.64 -2.40 2.00 0.00
-1.51 1.66 -2.45 2.00 0.00
-1.55 1.67 -2.49 2.01 0.00
-1.59 1.69 -2.54 2.02 0.00
-1.63 1.70 -2.58 2.03 0.00
-1.67 1.72 -2.62 2.03 0.00
-1.71 1.73 -2.66 2.04 0.00
-1.74 1.74 -2.69 2.04 0.00
-1.76 1.75 -2.72 2.04 0.00
-1.79 1.76 -2.75 2.04 0.00
-1.81 1.77 -2.75 2.09 0.00
-1.83 1.77 -2.76 2.16 0.00
-1.86 1.78 -2.76 2.23 0.00
-1.88 1.79 -2.71 2.35 0.00
-1.91 1.80 -2.70 2.41 0.00
-1.94 1.81 -2.67 2.49 0.00
-1.97 1.83 -2.66 2.56 0.00
-2.00 1.86 -2.63 2.64 0.00
-2.03 1.89 -2.62 2.70 0.00
-2.07 1.92 -2.62 2.75 0.00
-2.10 1.94 -2.59 2.82 0.00
-2.13 1.97 -2.57 2.87 0.00
-2.15 2.01 -2.57 2.91 0.00
-2.17 2.04 -2.59 2.94 0.00
-2.18 2.07 -2.60 2.98 0.00
-2.19 2.10 -2.63 3.00 0.00
-2.21 2.13 -2.64 3.04 0.00
-2.22 2.17 -2.63 3.08 0.00
-2.24 2.20 -2.61 3.13 0.00
-2.25 2.23 -2.63 3.16 0.00
-2.27 2.25 -2.67 3.16 0.00
-2.25 2.30 -2.93 3.04 0.00
-2.21 2.40 -2.93 3.09 1.00
-2.21 2.40 -2.23 3.40 1.00
-2.21 2.44 -2.15 3.44 0.00
-2.21 2.48 -2.04 3.47 0.00
-2.21 2.53 -1.91 3.48 0.00
-2.21 2.57 -1.79 3.48 0.00
-2.21 2.62 -1.67 3.46 0.00
-2.22 2.66 -1.55 3.41 0.00
-2.21 2.71 -1.48 3.39 0.00
-2.19 2.74 -1.44 3.40 0.00
-2.16 2.77 -1.40 3.43 0.00
-2.12 2.80 -1.37 3.46 0.00
-2.09 2.82 -1.31 3.45 0.00
-2.06 2.85 -1.25 3.43 0.00
-2.03 2.88 -1.19 3.42 0.00
-2.00 2.91 -1.12 3.39 0.00
-1.96 2.94 -1.06 3.37 0.00
-1.93 2.96 -1.01 3.35 0.00
-1.89 2.98 -0.97 3.36 0.00
-1.85 3.00 -0.92 3.37 0.00
-1.81 3.01 -0.87 3.37 0.00
-1.76 3.03 -0.81 3.35 0.00
-1.72 3.05 -0.76 3.33 0.00
-1.67 3.07 -0.70 3.30 0.00
-1.63 3.09 -0.65 3.27 0.00
-1.58 3.11 -0.59 3.24 0.00
-1.54 3.12 -0.54 3.22 0.00
-1.50 3.13 -0.50 3.20 0.00
-1.45 3.13 -0.46 3.20 0.00
-1.41 3.14 -0.41 3.19 0.00
-1.37 3.14 -0.37 3.17 0.00
-1.33 3.14 -0.33 3.14 0.00
-1.28 3.14 -0.28 3.11 0.00
-1.24 3.15 -0.24 3.09 0.00
-1.20 3.15 -0.21 3.05 0.00
-1.16 3.14 -0.17 3.03 0.00
-1.12 3.14 -0.13 2.98 0.00
-1.08 3.14 -0.10 2.93 0.00
-1.04 3.13 -0.07 2.88 0.00
-1.00 3.13 -0.05 2.84 0.00
-0.97 3.13 -0.02 2.80 0.00
-0.93 3.12 0.00 2.75 0.00
-0.88 3.11 0.05 2.74 0.00
-0.85 3.09 0.08 2.72 0.00
-0.81 3.08 0.12 2.71 0.00
-0.79 3.08 0.14 2.70 0.00
-0.77 3.04 0.20 2.77 0.00
-0.69 3.04 0.08 2.41 0.00
-0.66 3.03 0.16 2.45 0.00
-0.60 3.01 0.17 2.37 0.00
-0.60 3.01 -0.50 2.02 1.00
-0.59 2.97 -0.50 1.98 0.00
-0.60 2.94 -0.49 1.94 0.00
-0.61 2.87 -0.56 1.87 0.00
-0.59 2.83 -0.56 1.83 0.00
-0.61 2.82 -0.76 1.83 0.00
-0.61 2.80 -0.73 1.81 0.00
-0.58 2.73 -0.49 1.73 0.00
-0.57 2.69 -0.42 1.70 0.00
-0.58 2.68 -0.68 1.68 0.00
-0.59 2.63 -0.36 1.66 0.00
-0.56 2.53 -0.16 1.62 0.00
-0.54 2.52 -0.09 1.63 0.00
-0.59 2.44 -0.22 1.52 0.00
-0.49 2.37 0.07 1.54 0.00
-0.47 2.32 0.16 1.55 0.00
-0.52 2.35 0.15 1.60 0.00
-0.52 2.35 -0.57 1.35 1.00
-0.53 2.35 -1.40 1.87 1.00
-0.60 2.34 -1.50 1.90 0.00
-0.61 2.30 -1.56 1.99 0.00
-0.64 2.29 -1.37 1.61 0.00
-0.67 2.28 -1.46 1.66 0.00
-0.70 2.26 -1.47 1.62 0.00
-0.73 2.24 -1.41 1.50 0.00
-0.77 2.23 -1.44 1.49 0.00
-0.84 2.22 -1.64 1.63 0.00
-0.82 2.18 -1.47 1.42 0.00
-0.87 2.16 -1.57 1.45 0.00
-0.88 2.12 -1.45 1.31 0.00
-0.88 2.11 -1.44 1.28 0.00
-0.90 2.08 -1.43 1.24 0.00
-0.92 2.06 -1.39 1.18 0.00
-0.94 2.03 -1.35 1.12 0.00
-0.95 2.01 -1.31 1.07 0.00
-0.97 1.97 -1.34 1.04 0.00
-0.98 1.93 -1.27 0.97 0.00
-0.99 1.90 -1.18 0.92 0.00
-1.01 1.86 -1.05 0.86 0.00
-1.03 1.82 -0.95 0.83 0.00
-1.04 1.79 -0.83 0.81 0.00
-1.06 1.75 -0.76 0.79 0.00
-1.07 1.71 -0.69 0.79 0.00
-1.06 1.68 -0.68 0.75 0.00
-1.04 1.64 -0.68 0.71 0.00
-1.02 1.61 -0.64 0.69 0.00
-1.01 1.58 -0.51 0.72 0.00
-0.97 1.53 -0.59 0.61 0.00
-0.99 1.49 -0.45 0.66 0.00
-0.96 1.45 -0.32 0.68 0.00
-0.95 1.42 -0.18 0.79 0.00
-0.98 1.42 -0.84 0.43 1.00
-0.98 1.41 -1.56 0.60 1.00
-0.97 1.42 -1.96 1.29 1.00
-1.01 1.41 -2.00 1.26 0.00
-1.06 1.40 -2.06 1.37 0.00
