4.40 6.30 5.02 7.08 0.00
4.40 6.30 5.40 6.41 1.00
4.45 6.30 5.45 6.28 0.00
4.50 6.31 5.49 6.19 0.00
4.54 6.32 5.53 6.15 0.00
4.59 6.32 5.56 6.07 0.00
4.64 6.33 5.58 6.01 0.00
4.68 6.33 5.60 5.93 0.00
4.72 6.31 5.64 5.92 0.00
4.76 6.30 5.66 5.87 0.00
4.79 6.28 5.70 5.87 0.00
4.82 6.27 5.73 5.84 0.00
4.86 6.25 5.76 5.82 0.00
4.90 6.23 5.78 5.77 0.00
4.93 6.22 5.81 5.73 0.00
4.97 6.20 5.83 5.70 0.00
5.01 6.19 5.87 5.69 0.00
5.04 6.17 5.89 5.64 0.00
5.07 6.15 5.92 5.61 0.00
5.11 6.13 5.90 5.51 0.00
5.15 6.11 5.90 5.45 0.00
5.18 6.09 5.91 5.41 0.00
5.22 6.06 5.89 5.32 0.00
5.26 6.04 5.89 5.26 0.00
5.29 6.02 5.89 5.22 0.00
5.32 5.98 5.91 5.18 0.00
5.34 5.95 5.93 5.14 0.00
5.37 5.92 5.97 5.12 0.00
5.39 5.88 5.97 5.07 0.00
5.42 5.85 5.95 5.01 0.00
5.43 5.82 5.97 4.97 0.00
5.46 5.78 5.95 4.91 0.00
5.49 5.76 5.94 4.86 0.00
5.51 5.72 5.95 4.82 0.00
5.53 5.68 5.90 4.75 0.00
5.55 5.64 5.83 4.68 0.00
5.57 5.61 5.80 4.64 0.00
5.58 5.57 5.73 4.58 0.00
5.60 5.53 5.71 4.54 0.00
5.62 5.49 5.65 4.49 0.00
5.63 5.46 5.58 4.46 0.00
5.62 5.42 5.60 4.42 0.00
5.62 5.37 5.57 4.37 0.00
5.61 5.33 5.59 4.33 0.00
5.61 5.29 5.54 4.29 0.00
5.63 5.24 5.53 4.25 0.00
5.62 5.20 5.51 4.21 0.00
5.62 5.16 5.49 4.17 0.00
5.62 5.12 5.46 4.13 0.00
5.60 5.05 5.51 4.05 0.00
5.60 5.00 5.43 4.02 0.00
5.59 4.97 5.38 3.99 0.00
5.59 4.92 5.33 3.96 0.00
5.59 4.88 5.27 3.93 0.00
5.58 4.84 5.21 3.91 0.00
5.58 4.80 5.17 3.88 0.00
5.57 4.75 5.13 3.86 0.00
5.55 4.72 5.10 3.82 0.00
5.54 4.68 5.07 3.80 0.00
5.51 4.65 5.03 3.77 0.00
5.50 4.60 5.03 3.72 0.00
5.47 4.56 5.02 3.67 0.00
5.45 4.52 4.98 3.64 0.00
5.43 4.48 4.96 3.60 0.00
5.41 4.44 4.94 3.56 0.00
5.40 4.40 4.89 3.54 0.00
5.37 4.36 4.84 3.52 0.00
5.35 4.32 4.82 3.48 0.00
5.32 4.28 4.77 3.44 0.00
5.30 4.23 4.74 3.40 0.00
5.27 4.19 4.69 3.37 0.00
5.24 4.15 4.66 3.33 0.00
5.21 4.10 4.61 3.30 0.00
5.18 4.06 4.57 3.27 0.00
5.15 4.02 4.54 3.24 0.00
5.13 3.98 4.50 3.20 0.00
5.10 3.94 4.48 3.16 0.00
5.07 3.91 4.45 3.12 0.00
5.04 3.87 4.43 3.08 0.00
5.01 3.84 4.40 3.05 0.00
4.98 3.80 4.38 3.01 0.00
4.96 3.77 4.35 2.98 0.00
4.93 3.73 4.32 2.93 0.00
4.90 3.69 4.28 2.90 0.00
4.86 3.64 4.26 2.85 0.00
4.83 3.60 4.23 2.80 0.00
4.80 3.56 4.21 2.75 0.00
4.77 3.52 4.20 2.70 0.00
4.73 3.48 4.14 2.67 0.00
4.70 3.43 4.10 2.63 0.00
4.67 3.39 4.07 2.59 0.00
4.64 3.35 4.03 2.56 0.00
4.62 3.31 4.01 2.52 0.00
4.57 3.27 3.96 2.48 0.00
4.55 3.23 3.93 2.44 0.00
4.52 3.19 3.92 2.39 0.00
4.49 3.15 3.86 2.37 0.00
4.46 3.11 3.83 2.33 0.00
4.43 3.07 3.76 2.32 0.00
4.39 3.04 3.69 2.33 0.00
4.36 2.99 3.65 2.28 0.00
4.33 2.95 3.61 2.25 0.00
4.29 2.91 3.53 2.26 0.00
4.26 2.87 3.49 2.22 0.00
4.22 2.83 3.45 2.19 0.00
4.18 2.80 3.40 2.17 0.00
4.14 2.76 3.37 2.12 0.00
4.09 2.73 3.32 2.09 0.00
4.05 2.69 3.28 2.06 0.00
4.01 2.66 3.23 2.03 0.00
3.97 2.63 3.19 2.01 0.00
3.93 2.59 3.14 1.98 0.00
3.89 2.55 3.08 1.96 0.00
3.85 2.52 3.04 1.93 0.00
3.80 2.49 2.99 1.91 0.00
3.76 2.46 2.95 1.88 0.00
3.72 2.43 2.90 1.85 0.00
3.67 2.39 2.87 1.80 0.00
3.63 2.37 2.81 1.78 0.00
3.58 2.33 2.77 1.75 0.00
3.54 2.30 2.71 1.75 0.00
3.50 2.27 2.68 1.69 0.00
3.45 2.24 2.65 1.65 0.00
3.41 2.21 2.61 1.61 0.00
3.36 2.18 2.57 1.57 0.00
3.33 2.15 2.52 1.56 0.00
3.29 2.12 2.48 1.53 0.00
3.24 2.08 2.45 1.47 0.00
3.19 2.05 2.41 1.43 0.00
3.15 2.02 2.37 1.40 0.00
3.11 1.98 2.34 1.34 0.00
3.06 1.95 2.28 1.31 0.00
3.01 1.91 2.25 1.27 0.00
2.97 1.87 2.20 1.23 0.00
2.92 1.84 2.17 1.18 0.00
2.88 1.80 2.11 1.16 0.00
2.84 1.76 2.11 1.08 0.00
2.79 1.73 2.03 1.08 0.00
2.74 1.69 1.98 1.04 0.00
2.70 1.65 1.95 0.98 0.00
2.66 1.61 1.89 0.98 0.00
2.61 1.57 1.84 0.94 0.00
2.57 1.55 1.78 0.93 0.00
2.52 1.50 1.73 0.90 0.00
2.48 1.46 1.67 0.87 0.00
2.44 1.43 1.62 0.85 0.00
2.39 1.40 1.58 0.82 0.00
2.35 1.36 1.53 0.78 0.00
2.30 1.33 1.49 0.75 0.00
2.26 1.30 1.44 0.72 0.00
2.22 1.28 1.43 0.67 0.00
2.17 1.24 1.36 0.65 0.00
2.15 1.24 1.35 0.64 0.00
2.09 1.20 1.24 0.67 0.00
2.05 1.14 1.21 0.59 0.00
1.99 1.11 1.18 0.52 0.00
1.95 1.09 1.13 0.52 0.00
1.90 1.04 1.11 0.42 0.00
1.86 1.01 1.34 0.16 0.00
1.82 0.97 1.26 0.14 0.00
1.76 0.94 1.05 0.24 0.00
1.72 0.91 0.91 0.32 0.00
1.63 0.96 0.67 0.67 0.00
1.61 0.90 0.80 0.31 0.00
1.58 0.84 0.90 0.11 0.00
1.56 0.82 0.82 0.15 0.00
1.52 0.78 0.79 0.10 0.00
1.48 0.75 0.77 0.05 0.00
1.44 0.71 0.75 -0.01 0.00
1.41 0.68 0.73 -0.06 0.00
1.37 0.65 0.71 -0.11 0.00
1.33 0.61 0.69 -0.16 0.00
1.29 0.57 0.67 -0.21 0.00
1.25 0.53 0.65 -0.27 0.00
1.22 0.49 0.60 -0.30 0.00
1.19 0.44 0.57 -0.35 0.00
1.15 0.41 0.61 -0.44 0.00
1.12 0.36 0.54 -0.45 0.00
1.09 0.33 0.51 -0.49 0.00
1.06 0.29 0.49 -0.53 0.00
1.03 0.25 0.45 -0.56 0.00
1.01 0.21 0.41 -0.59 0.00
0.98 0.18 0.36 -0.61 0.00
0.95 0.14 0.32 -0.63 0.00
0.93 0.10 0.27 -0.65 0.00
0.90 0.07 0.24 -0.68 0.00
0.88 0.03 0.18 -0.69 0.00
0.85 -0.01 0.14 -0.72 0.00
0.81 -0.04 0.11 -0.75 0.00
0.78 -0.07 0.08 -0.78 0.00
0.75 -0.11 0.04 -0.82 0.00
0.72 -0.14 0.01 -0.85 0.00
0.69 -0.18 -0.03 -0.88 0.00
0.66 -0.21 -0.05 -0.91 0.00
0.62 -0.25 -0.16 -0.86 0.00
0.59 -0.28 -0.23 -0.85 0.00
0.55 -0.31 -0.29 -0.84 0.00
0.52 -0.35 -0.36 -0.82 0.00
0.49 -0.35 -0.41 -0.79 0.00
0.45 -0.38 -0.44 -0.85 0.00
0.41 -0.40 -0.48 -0.85 0.00
0.37 -0.42 -0.55 -0.82 0.00
0.34 -0.44 -0.58 -0.82 0.00
0.30 -0.45 -0.62 -0.85 0.00
0.27 -0.46 -0.71 -0.66 0.00
0.26 -0.50 -0.73 -0.66 0.00
0.18 -0.52 -0.72 -0.95 0.00
0.15 -0.53 -0.74 -0.99 0.00
0.10 -0.55 -0.72 -1.12 0.00
0.08 -0.57 -0.76 -1.11 0.00
0.06 -0.61 -0.89 -0.29 1.00
0.02 -0.59 -0.96 -0.36 0.00
-0.02 -0.59 -0.98 -0.30 0.00
-0.03 -0.58 -1.02 -0.40 0.00
-0.10 -0.55 -1.10 -0.58 0.00
-0.13 -0.55 -1.13 -0.55 0.00
-0.17 -0.52 -1.17 -0.55 0.00
-0.21 -0.54 -1.21 -0.49 0.00
-0.28 -0.53 -1.24 -0.80 0.00
-0.29 -0.53 -1.28 -0.71 0.00
-0.33 -0.53 -1.29 -0.79 0.00
-0.37 -0.53 -1.29 -0.92 0.00
-0.41 -0.54 -1.27 -1.05 0.00
-0.45 -0.52 -1.28 -1.07 0.00
-0.48 -0.52 -1.26 -1.16 0.00
-0.52 -0.53 -1.25 -1.22 0.00
-0.55 -0.57 -1.29 -1.25 0.00
-0.56 -0.56 -1.56 -0.60 1.00
-0.58 -0.55 -1.42 -0.01 1.00
-0.61 -0.53 -1.48 -0.04 0.00
-0.65 -0.49 -1.49 0.04 0.00
-0.64 -0.43 -1.28 0.35 0.00
-0.72 -0.42 -1.60 0.06 0.00
-0.76 -0.42 -1.64 0.05 0.00
-0.78 -0.38 -1.65 0.10 0.00
-0.82 -0.38 -1.77 -0.06 0.00
-0.85 -0.38 -1.82 -0.16 0.00
-0.88 -0.36 -1.88 -0.28 0.00
-0.90 -0.35 -1.90 -0.37 0.00
-0.93 -0.32 -1.92 -0.43 0.00
-0.99 -0.29 -1.86 -0.79 0.00
-1.02 -0.30 -1.98 -0.59 0.00
-1.07 -0.30 -1.97 -0.73 0.00
-1.09 -0.32 -1.98 -0.77 0.00
-1.15 -0.33 -2.03 -0.80 0.00
-1.15 -0.34 -2.15 -0.29 1.00
-1.15 -0.34 -1.91 0.32 1.00
-1.16 -0.34 -1.21 0.65 1.00
-1.15 -0.33 -0.48 0.41 1.00
-1.12 -0.30 -0.39 0.39 0.00
-1.09 -0.27 -0.30 0.34 0.00
-1.08 -0.24 -0.14 0.10 0.00
-1.04 -0.22 -0.14 0.23 0.00
-0.99 -0.19 -0.10 0.28 0.00
-0.94 -0.15 -0.05 0.31 0.00
-0.92 -0.11 0.01 0.26 0.00
-0.89 -0.10 -0.01 0.36 0.00
-0.87 -0.08 0.03 0.36 0.00
-0.84 -0.07 0.07 0.37 0.00
-0.80 -0.05 0.13 0.33 0.00
-0.77 -0.03 0.20 0.24 0.00
-0.73 -0.01 0.26 0.15 0.00
-0.70 0.00 0.30 0.04 0.00
-0.66 0.02 0.34 -0.05 0.00
-0.63 0.04 0.35 -0.18 0.00
-0.58 0.02 0.40 -0.14 0.00
-0.54 0.01 0.45 -0.14 0.00
-0.50 0.00 0.49 -0.15 0.00
-0.45 -0.01 0.52 -0.25 0.00
-0.41 -0.01 0.53 -0.36 0.00
-0.36 -0.02 0.52 -0.49 0.00
-0.32 -0.03 0.50 -0.60 0.00
-0.28 -0.03 0.47 -0.70 0.00
-0.23 -0.04 0.43 -0.79 0.00
-0.19 -0.04 0.38 -0.86 0.00
-0.16 -0.08 0.38 -0.91 0.00
-0.14 -0.11 0.40 -0.95 0.00
-0.12 -0.14 0.43 -0.97 0.00
-0.09 -0.18 0.42 -1.05 0.00
-0.07 -0.22 0.39 -1.11 0.00
-0.04 -0.26 0.37 -1.17 0.00
-0.04 -0.25 -0.40 -1.19 1.00
-0.04 -0.25 -0.95 -0.66 1.00
-0.08 -0.28 -1.02 -0.63 0.00
-0.12 -0.30 -1.06 -0.64 0.00
-0.16 -0.32 -1.11 -0.65 0.00
-0.20 -0.34 -1.16 -0.64 0.00
-0.24 -0.35 -1.19 -0.67 0.00
-0.27 -0.35 -1.22 -0.69 0.00
-0.31 -0.37 -1.26 -0.69 0.00
-0.35 -0.38 -1.30 -0.71 0.00
-0.39 -0.38 -1.27 -0.86 0.00
-0.43 -0.39 -1.25 -0.97 0.00
-0.48 -0.38 -1.19 -1.08 0.00
-0.52 -0.41 -1.10 -1.23 0.00
-0.56 -0.44 -1.06 -1.30 0.00
-0.55 -0.45 -1.17 -1.23 0.00
-0.60 -0.43 -1.12 -1.28 0.00
-0.63 -0.51 -1.01 -1.44 0.00
-0.63 -0.51 -1.55 -0.91 1.00
-0.67 -0.53 -1.57 -0.96 0.00
-0.71 -0.54 -1.63 -0.94 0.00
-0.75 -0.57 -1.63 -1.05 0.00
-0.78 -0.59 -1.56 -1.22 0.00
-0.83 -0.60 -1.69 -1.11 0.00
-0.85 -0.62 -1.73 -1.10 0.00
-0.89 -0.63 -1.76 -1.12 0.00
-0.94 -0.65 -1.78 -1.18 0.00
-0.96 -0.67 -1.79 -1.23 0.00
-1.02 -0.69 -1.88 -1.20 0.00
-1.04 -0.71 -1.85 -1.30 0.00
-1.07 -0.73 -1.83 -1.38 0.00
-1.10 -0.74 -1.89 -1.35 0.00
-1.14 -0.76 -1.84 -1.48 0.00
-1.16 -0.80 -1.74 -1.61 0.00
-1.20 -0.80 -1.78 -1.61 0.00
-1.20 -0.80 -2.20 -0.89 1.00
-1.19 -0.81 -1.87 -0.07 1.00
-1.19 -0.81 -1.19 0.19 1.00
-1.19 -0.80 -0.53 -0.05 1.00
-1.15 -0.77 -0.70 0.12 0.00
-1.12 -0.73 -0.40 -0.04 0.00
-1.10 -0.70 -0.32 -0.07 0.00
-1.06 -0.67 -0.24 -0.10 0.00
-1.03 -0.63 -0.20 -0.08 0.00
-1.01 -0.61 -0.17 -0.07 0.00
-0.97 -0.57 -0.07 -0.14 0.00
-0.91 -0.52 0.06 -0.30 0.00
-0.84 -0.51 0.15 -0.60 0.00
-0.83 -0.49 0.16 -0.37 0.00
-0.82 -0.47 0.15 -0.23 0.00
-0.76 -0.45 0.24 -0.44 0.00
-0.76 -0.43 0.22 -0.24 0.00
-0.73 -0.42 0.27 -0.35 0.00
-0.66 -0.41 0.33 -0.53 0.00
-0.66 -0.40 0.34 -0.39 0.00
-0.62 -0.39 0.38 -0.29 0.00
-0.59 -0.39 0.41 -0.31 0.00
-0.55 -0.39 0.44 -0.26 0.00
-0.49 -0.38 0.51 -0.32 0.00
-0.46 -0.38 0.54 -0.48 0.00
-0.41 -0.38 0.56 -0.61 0.00
-0.37 -0.38 0.58 -0.69 0.00
-0.34 -0.39 0.61 -0.72 0.00
-0.29 -0.39 0.63 -0.77 0.00
-0.25 -0.39 0.63 -0.86 0.00
-0.21 -0.39 0.65 -0.91 0.00
-0.17 -0.41 0.67 -0.94 0.00
-0.13 -0.41 0.69 -0.98 0.00
-0.03 -0.40 0.51 -1.24 0.00
-0.06 -0.47 0.77 -1.03 0.00
-0.02 -0.51 0.70 -1.21 0.00
-0.02 -0.50 -0.01 -1.50 1.00
-0.01 -0.50 -0.72 -1.21 1.00
-0.00 -0.50 -1.00 -0.43 1.00
-0.04 -0.49 -1.04 -0.46 0.00
-0.08 -0.50 -1.08 -0.46 0.00
-0.15 -0.42 -1.14 -0.59 0.00
-0.19 -0.42 -1.19 -0.45 0.00
-0.21 -0.48 -1.19 -0.69 0.00
-0.25 -0.49 -1.25 -0.49 0.00
-0.28 -0.49 -1.28 -0.57 0.00
-0.33 -0.49 -1.28 -0.80 0.00
-0.38 -0.49 -1.25 -0.99 0.00
-0.41 -0.49 -1.23 -1.05 0.00
-0.46 -0.49 -1.20 -1.16 0.00
-0.49 -0.49 -1.15 -1.24 0.00
-0.53 -0.49 -1.10 -1.31 0.00
-0.57 -0.51 -1.08 -1.37 0.00
-0.58 -0.56 -1.12 -1.40 0.00
-0.61 -0.60 -1.06 -1.49 0.00
-0.62 -0.58 -1.51 -1.04 1.00
-0.64 -0.56 -1.63 -0.45 1.00
-0.63 -0.57 -1.25 0.22 1.00
-0.63 -0.58 -0.54 0.42 1.00
-0.63 -0.53 -0.57 0.47 0.00
-0.62 -0.49 -0.62 0.51 0.00
-0.62 -0.42 -0.69 0.58 0.00
-0.61 -0.38 -0.73 0.61 0.00
-0.61 -0.37 -0.80 0.62 0.00
-0.60 -0.32 -0.86 0.64 0.00
-0.60 -0.29 -0.92 0.66 0.00
-0.61 -0.25 -0.91 0.70 0.00
-0.63 -0.22 -0.94 0.73 0.00
-0.64 -0.19 -0.91 0.77 0.00
-0.65 -0.15 -0.97 0.79 0.00
-0.66 -0.12 -1.05 0.80 0.00
-0.67 -0.09 -1.12 0.81 0.00
-0.67 -0.05 -1.19 0.81 0.00
-0.69 -0.02 -1.29 0.78 0.00
-0.70 0.02 -1.38 0.75 0.00
-0.70 0.03 -0.65 1.02 1.00
-0.70 0.03 0.04 0.70 1.00
-0.67 0.06 0.10 0.70 0.00
-0.63 0.09 0.16 0.70 0.00
-0.60 0.11 0.23 0.66 0.00
-0.57 0.14 0.31 0.63 0.00
-0.54 0.17 0.36 0.61 0.00
-0.50 0.20 0.42 0.58 0.00
-0.47 0.22 0.48 0.53 0.00
-0.44 0.25 0.52 0.53 0.00
-0.40 0.26 0.57 0.51 0.00
-0.36 0.28 0.61 0.52 0.00
-0.32 0.28 0.65 0.51 0.00
-0.28 0.30 0.69 0.51 0.00
-0.25 0.30 0.74 0.44 0.00
-0.21 0.31 0.79 0.33 0.00
-0.17 0.32 0.82 0.20 0.00
-0.14 0.33 0.83 0.06 0.00
-0.09 0.32 0.88 0.06 0.00
-0.04 0.31 0.92 0.03 0.00
0.01 0.29 0.93 -0.08 0.00
0.05 0.28 0.92 -0.22 0.00
0.10 0.27 0.89 -0.34 0.00
0.15 0.26 0.83 -0.47 0.00
0.20 0.24 0.79 -0.56 0.00
0.24 0.23 0.72 -0.65 0.00
0.28 0.21 0.65 -0.71 0.00
0.30 0.18 0.66 -0.75 0.00
0.31 0.15 0.68 -0.78 0.00
0.33 0.09 0.71 -0.83 0.00
0.35 0.05 0.70 -0.88 0.00
0.36 0.01 0.68 -0.94 0.00
0.38 -0.03 0.63 -1.00 0.00
0.40 -0.07 0.62 -1.04 0.00
0.40 -0.07 -0.13 -0.92 1.00
0.37 -0.11 -0.25 -0.89 0.00
0.35 -0.16 -0.31 -0.91 0.00
0.33 -0.20 -0.38 -0.90 0.00
0.30 -0.25 -0.46 -0.90 0.00
0.28 -0.28 -0.50 -0.90 0.00
0.24 -0.30 -0.54 -0.93 0.00
0.21 -0.33 -0.57 -0.95 0.00
0.18 -0.36 -0.62 -0.96 0.00
0.15 -0.38 -0.58 -1.06 0.00
0.12 -0.40 -0.52 -1.17 0.00
0.09 -0.41 -0.43 -1.27 0.00
0.04 -0.41 -0.21 -1.38 0.00
0.03 -0.44 -0.28 -1.39 0.00
-0.01 -0.51 -0.15 -1.50 0.00
-0.04 -0.52 -0.07 -1.52 0.00
-0.05 -0.56 -0.09 -1.56 0.00
-0.05 -0.56 -0.75 -1.27 1.00
-0.04 -0.56 -1.04 -0.58 1.00
-0.05 -0.56 -0.78 0.13 1.00
-0.05 -0.54 -0.74 0.19 0.00
-0.07 -0.43 -0.90 0.13 0.00
-0.10 -0.41 -0.80 0.30 0.00
-0.17 -0.41 -1.08 0.02 0.00
-0.19 -0.41 -1.11 -0.00 0.00
-0.22 -0.39 -1.13 0.03 0.00
-0.26 -0.37 -1.17 0.05 0.00
-0.30 -0.36 -1.21 0.04 0.00
-0.33 -0.34 -1.29 -0.04 0.00
-0.37 -0.33 -1.36 -0.15 0.00
-0.41 -0.31 -1.41 -0.28 0.00
-0.44 -0.29 -1.44 -0.40 0.00
-0.48 -0.28 -1.45 -0.50 0.00
-0.51 -0.26 -1.46 -0.58 0.00
-0.55 -0.25 -1.47 -0.65 0.00
-0.59 -0.26 -1.50 -0.69 0.00
-0.63 -0.28 -1.50 -0.78 0.00
-0.67 -0.30 -1.47 -0.90 0.00
-0.71 -0.31 -1.42 -1.02 0.00
-0.75 -0.33 -1.37 -1.12 0.00
-0.79 -0.35 -1.30 -1.21 0.00
-0.83 -0.37 -1.24 -1.28 0.00
-0.86 -0.38 -1.14 -1.34 0.00
-0.88 -0.40 -1.14 -1.37 0.00
-0.87 -0.47 -1.32 -1.36 0.00
-0.90 -0.50 -1.22 -1.45 0.00
-0.91 -0.54 -1.24 -1.49 0.00
-0.94 -0.57 -1.15 -1.55 0.00
-0.94 -0.63 -1.13 -1.61 0.00
-0.95 -0.63 -1.29 -1.57 0.00
-0.95 -0.69 -1.22 -1.66 0.00
-0.98 -0.73 -1.28 -1.69 0.00
-0.98 -0.73 -1.87 -1.19 1.00
-0.98 -0.73 -1.93 -0.42 1.00
-0.98 -0.75 -1.42 0.15 1.00
-0.99 -0.74 -0.66 0.20 1.00
-0.97 -0.70 -0.58 0.21 0.00
-0.96 -0.68 -0.57 0.25 0.00
-0.95 -0.60 -0.56 0.32 0.00
-0.93 -0.61 -0.54 0.31 0.00
-0.91 -0.53 -0.45 0.36 0.00
-0.90 -0.52 -0.50 0.40 0.00
-0.89 -0.48 -0.51 0.45 0.00
-0.88 -0.40 -0.55 0.54 0.00
-0.86 -0.38 -0.52 0.56 0.00
-0.84 -0.37 -0.43 0.54 0.00
-0.83 -0.34 -0.37 0.55 0.00
-0.81 -0.31 -0.33 0.58 0.00
-0.80 -0.28 -0.24 0.55 0.00
-0.80 -0.26 -0.14 0.48 0.00
-0.76 -0.22 -0.06 0.49 0.00
-0.75 -0.19 0.06 0.39 0.00
-0.72 -0.16 0.18 0.28 0.00
-0.68 -0.14 0.26 0.20 0.00
-0.64 -0.11 0.34 0.08 0.00
-0.61 -0.09 0.39 -0.04 0.00
-0.57 -0.07 0.42 -0.16 0.00
-0.54 -0.04 0.44 -0.25 0.00
-0.50 -0.02 0.44 -0.35 0.00
-0.46 -0.03 0.48 -0.38 0.00
-0.42 -0.05 0.52 -0.39 0.00
-0.38 -0.06 0.56 -0.40 0.00
-0.34 -0.08 0.59 -0.45 0.00
-0.29 -0.09 0.61 -0.52 0.00
-0.25 -0.11 0.61 -0.61 0.00
-0.21 -0.12 0.62 -0.67 0.00
-0.17 -0.13 0.60 -0.77 0.00
