-0.90 -5.40 -0.27 -6.17 0.00
-0.87 -5.43 -0.19 -6.16 0.00
-0.85 -5.46 -0.10 -6.13 0.00
-0.82 -5.50 -0.02 -6.10 0.00
-0.79 -5.53 0.04 -6.09 0.00
-0.77 -5.57 0.11 -6.05 0.00
-0.74 -5.60 0.16 -6.03 0.00
-0.71 -5.62 0.21 -6.02 0.00
-0.67 -5.64 0.27 -5.98 0.00
-0.64 -5.66 0.30 -6.01 0.00
-0.59 -5.68 0.35 -6.02 0.00
-0.55 -5.69 0.41 -5.97 0.00
-0.51 -5.71 0.45 -5.97 0.00
-0.48 -5.72 0.49 -5.96 0.00
-0.45 -5.74 0.54 -5.90 0.00
-0.40 -5.75 0.58 -5.93 0.00
-0.36 -5.76 0.63 -5.91 0.00
-0.32 -5.77 0.67 -5.90 0.00
-0.28 -5.77 0.72 -5.85 0.00
-0.24 -5.78 0.76 -5.80 0.00
-0.20 -5.79 0.80 -5.81 0.00
-0.16 -5.79 0.83 -5.69 0.00
-0.12 -5.80 0.87 -5.65 0.00
-0.08 -5.80 0.90 -5.60 0.00
-0.04 -5.81 0.93 -5.56 0.00
0.00 -5.80 0.97 -5.55 0.00
0.04 -5.78 1.02 -5.57 0.00
0.08 -5.78 1.05 -5.51 0.00
0.12 -5.76 1.08 -5.49 0.00
0.17 -5.75 1.12 -5.46 0.00
0.21 -5.74 1.15 -5.42 0.00
0.25 -5.73 1.19 -5.39 0.00
0.29 -5.72 1.22 -5.36 0.00
0.33 -5.71 1.20 -5.22 0.00
0.37 -5.71 1.20 -5.15 0.00
0.41 -5.70 1.21 -5.10 0.00
0.44 -5.68 1.17 -5.00 0.00
0.47 -5.65 1.23 -4.99 0.00
0.52 -5.65 1.19 -4.90 0.00
0.56 -5.60 1.31 -4.93 0.00
0.59 -5.57 1.31 -4.87 0.00
0.56 -5.48 0.94 -4.56 0.00
0.51 -5.50 0.31 -4.52 0.00
0.69 -5.47 1.20 -4.62 0.00
0.72 -5.45 1.15 -4.54 0.00
0.75 -5.42 1.10 -4.48 0.00
0.79 -5.39 1.04 -4.42 0.00
0.82 -5.35 0.98 -4.36 0.00
0.82 -5.31 0.99 -4.33 0.00
0.83 -5.27 0.94 -4.28 0.00
0.83 -5.23 0.86 -4.23 0.00
0.84 -5.19 0.80 -4.19 0.00
0.85 -5.15 0.72 -4.15 0.00
0.86 -5.11 0.65 -4.13 0.00
0.86 -5.06 0.58 -4.10 0.00
0.87 -5.02 0.53 -4.08 0.00
0.90 -4.96 0.34 -4.13 0.00
0.82 -4.98 0.86 -3.98 0.00
0.83 -4.90 0.46 -3.97 0.00
0.81 -4.83 0.24 -4.01 0.00
0.79 -4.82 0.37 -3.91 0.00
0.78 -4.77 0.29 -3.90 0.00
0.77 -4.73 0.25 -3.87 0.00
0.73 -4.69 0.10 -3.92 0.00
0.72 -4.64 0.09 -3.87 0.00
0.73 -4.65 0.87 -3.66 1.00
0.74 -4.65 1.65 -4.23 1.00
0.77 -4.64 1.62 -4.11 0.00
0.85 -4.61 1.59 -3.93 0.00
0.87 -4.60 1.60 -3.92 0.00
0.95 -4.63 1.84 -4.17 0.00
0.95 -4.57 1.58 -3.80 0.00
0.97 -4.55 1.58 -3.76 0.00
1.00 -4.51 1.64 -3.74 0.00
1.02 -4.48 1.67 -3.71 0.00
1.05 -4.44 1.67 -3.65 0.00
1.08 -4.41 1.65 -3.59 0.00
1.10 -4.38 1.64 -3.53 0.00
1.13 -4.35 1.62 -3.47 0.00
1.16 -4.31 1.59 -3.41 0.00
1.19 -4.28 1.58 -3.36 0.00
1.21 -4.25 1.56 -3.31 0.00
1.23 -4.21 1.56 -3.27 0.00
1.26 -4.17 1.49 -3.20 0.00
1.29 -4.13 1.41 -3.14 0.00
1.31 -4.09 1.37 -3.09 0.00
1.32 -4.05 1.37 -3.05 0.00
1.32 -4.01 1.37 -3.01 0.00
1.32 -3.97 1.37 -2.97 0.00
1.32 -3.93 1.37 -2.93 0.00
1.33 -3.89 1.37 -2.89 0.00
1.33 -3.85 1.38 -2.85 0.00
1.33 -3.81 1.38 -2.81 0.00
1.33 -3.77 1.38 -2.77 0.00
1.33 -3.73 1.38 -2.73 0.00
1.34 -3.69 1.38 -2.69 0.00
1.34 -3.65 1.38 -2.65 0.00
1.34 -3.61 1.37 -2.61 0.00
1.34 -3.56 1.36 -2.56 0.00
1.34 -3.52 1.34 -2.52 0.00
1.35 -3.48 1.33 -2.48 0.00
1.35 -3.44 1.31 -2.45 0.00
1.35 -3.40 1.29 -2.41 0.00
1.35 -3.36 1.27 -2.37 0.00
1.35 -3.32 1.23 -2.33 0.00
1.34 -3.28 1.20 -2.29 0.00
1.34 -3.24 1.17 -2.26 0.00
1.34 -3.20 1.14 -2.22 0.00
1.33 -3.16 1.12 -2.19 0.00
1.33 -3.12 1.09 -2.15 0.00
1.32 -3.08 1.06 -2.12 0.00
1.31 -3.04 1.05 -2.08 0.00
1.30 -3.00 1.03 -2.04 0.00
1.29 -2.96 1.01 -2.00 0.00
1.28 -2.92 1.00 -1.96 0.00
1.29 -2.88 0.92 -1.95 0.00
1.29 -2.84 0.88 -1.93 0.00
1.27 -2.80 0.86 -1.89 0.00
1.25 -2.76 0.83 -1.85 0.00
1.23 -2.72 0.79 -1.83 0.00
1.22 -2.68 0.73 -1.81 0.00
1.20 -2.64 0.68 -1.79 0.00
1.18 -2.60 0.63 -1.77 0.00
1.16 -2.56 0.58 -1.75 0.00
1.15 -2.52 0.52 -1.74 0.00
1.13 -2.48 0.48 -1.72 0.00
1.10 -2.45 0.46 -1.68 0.00
1.07 -2.41 0.44 -1.64 0.00
1.04 -2.38 0.43 -1.59 0.00
1.02 -2.35 0.43 -1.54 0.00
0.99 -2.31 0.43 -1.48 0.00
0.96 -2.27 0.39 -1.45 0.00
0.93 -2.22 0.35 -1.41 0.00
0.91 -2.18 0.32 -1.37 0.00
0.88 -2.15 0.30 -1.33 0.00
0.85 -2.11 0.28 -1.29 0.00
0.83 -2.08 0.27 -1.25 0.00
0.80 -2.04 0.31 -1.17 0.00
0.78 -2.01 0.36 -1.10 0.00
0.76 -1.98 0.42 -1.03 0.00
0.73 -1.94 0.49 -0.97 0.00
0.71 -1.91 0.54 -0.92 0.00
0.68 -1.87 0.60 -0.87 0.00
0.66 -1.85 0.68 -0.85 0.00
0.65 -1.83 0.70 -0.83 0.00
0.69 -1.80 0.44 -0.83 0.00
0.66 -1.71 0.64 -0.71 0.00
0.66 -1.71 1.35 -0.99 1.00
0.70 -1.68 1.33 -0.91 0.00
0.74 -1.65 1.32 -0.84 0.00
0.76 -1.63 1.38 -0.84 0.00
0.79 -1.58 1.50 -0.88 0.00
0.81 -1.55 1.54 -0.87 0.00
0.85 -1.51 1.32 -0.63 0.00
0.87 -1.47 1.29 -0.56 0.00
0.93 -1.42 1.22 -0.46 0.00
0.95 -1.42 1.32 -0.49 0.00
0.98 -1.37 1.19 -0.39 0.00
0.98 -1.34 1.13 -0.35 0.00
0.99 -1.29 1.06 -0.29 0.00
0.99 -1.26 1.12 -0.27 0.00
1.00 -1.22 1.12 -0.23 0.00
1.00 -1.19 1.13 -0.19 0.00
1.01 -1.14 1.14 -0.15 0.00
1.02 -1.10 1.12 -0.10 0.00
1.02 -1.06 1.13 -0.07 0.00
1.02 -1.02 1.11 -0.03 0.00
1.03 -0.99 1.07 0.01 0.00
1.04 -0.94 1.04 0.06 0.00
1.04 -0.90 1.01 0.10 0.00
1.05 -0.86 0.97 0.13 0.00
1.05 -0.82 0.94 0.17 0.00
1.05 -0.78 0.92 0.21 0.00
1.05 -0.74 0.91 0.25 0.00
1.04 -0.70 0.91 0.29 0.00
1.04 -0.66 0.90 0.33 0.00
1.03 -0.62 0.90 0.37 0.00
1.03 -0.58 0.90 0.41 0.00
1.02 -0.54 0.91 0.45 0.00
1.02 -0.50 0.91 0.49 0.00
1.01 -0.47 0.90 0.53 0.00
1.00 -0.43 0.88 0.57 0.00
1.00 -0.38 0.89 0.61 0.00
1.00 -0.34 0.88 0.65 0.00
0.99 -0.30 0.87 0.69 0.00
0.99 -0.26 0.88 0.73 0.00
0.98 -0.22 0.89 0.77 0.00
0.98 -0.18 0.90 0.82 0.00
0.97 -0.14 0.92 0.86 0.00
0.97 -0.10 0.94 0.90 0.00
0.96 -0.06 0.96 0.94 0.00
0.96 -0.02 0.98 0.98 0.00
0.96 0.02 1.00 1.02 0.00
0.95 0.06 1.02 1.06 0.00
0.95 0.10 1.03 1.09 0.00
0.96 0.14 1.04 1.13 0.00
0.96 0.18 1.01 1.17 0.00
0.96 0.22 0.99 1.22 0.00
0.97 0.26 0.97 1.26 0.00
0.97 0.30 0.94 1.30 0.00
0.97 0.34 0.92 1.34 0.00
0.98 0.38 0.90 1.38 0.00
0.98 0.42 0.88 1.41 0.00
0.97 0.46 0.87 1.46 0.00
0.97 0.50 0.87 1.50 0.00
0.97 0.54 0.87 1.54 0.00
0.96 0.58 0.88 1.58 0.00
0.96 0.62 0.89 1.62 0.00
0.95 0.66 0.92 1.66 0.00
0.95 0.71 0.95 1.71 0.00
0.95 0.74 0.98 1.74 0.00
0.94 0.79 1.01 1.79 0.00
0.94 0.83 0.99 1.82 0.00
0.95 0.87 0.96 1.87 0.00
0.95 0.91 0.94 1.91 0.00
0.95 0.95 0.91 1.94 0.00
0.95 0.99 0.89 1.99 0.00
0.96 1.03 0.87 2.02 0.00
0.96 1.07 0.85 2.06 0.00
0.96 1.11 0.84 2.10 0.00
0.95 1.15 0.83 2.14 0.00
0.95 1.19 0.84 2.18 0.00
0.94 1.23 0.84 2.22 0.00
0.94 1.27 0.85 2.26 0.00
0.93 1.31 0.86 2.31 0.00
0.93 1.35 0.87 2.35 0.00
0.92 1.39 0.89 2.39 0.00
0.92 1.43 0.91 2.43 0.00
0.92 1.47 0.87 2.47 0.00
0.92 1.51 0.85 2.51 0.00
0.92 1.55 0.84 2.55 0.00
0.92 1.59 0.82 2.59 0.00
0.92 1.63 0.80 2.63 0.00
0.92 1.67 0.80 2.67 0.00
0.91 1.71 0.80 2.71 0.00
0.91 1.76 0.80 2.75 0.00
0.90 1.80 0.82 2.80 0.00
0.89 1.84 0.84 2.84 0.00
0.89 1.88 0.87 2.88 0.00
0.88 1.92 0.91 2.92 0.00
0.88 1.96 0.96 2.96 0.00
0.88 2.01 1.01 3.00 0.00
0.87 2.05 1.06 3.03 0.00
0.87 2.09 1.12 3.06 0.00
0.89 2.13 1.10 3.11 0.00
0.90 2.17 1.09 3.15 0.00
0.91 2.21 1.08 3.20 0.00
0.92 2.26 1.08 3.24 0.00
0.93 2.30 1.09 3.29 0.00
0.94 2.34 1.10 3.33 0.00
0.94 2.39 1.12 3.37 0.00
0.95 2.43 1.15 3.41 0.00
0.96 2.47 1.17 3.45 0.00
0.96 2.51 1.20 3.49 0.00
0.97 2.56 1.24 3.52 0.00
0.98 2.60 1.28 3.55 0.00
0.99 2.64 1.33 3.58 0.00
1.00 2.69 1.38 3.61 0.00
1.01 2.73 1.46 3.62 0.00
1.02 2.77 1.54 3.62 0.00
1.05 2.81 1.56 3.66 0.00
1.07 2.85 1.59 3.71 0.00
1.10 2.90 1.61 3.76 0.00
1.12 2.94 1.64 3.80 0.00
1.15 2.99 1.70 3.82 0.00
1.18 3.03 1.78 3.82 0.00
1.20 3.07 1.88 3.81 0.00
1.23 3.12 1.96 3.80 0.00
1.26 3.16 2.05 3.77 0.00
1.28 3.20 2.13 3.72 0.00
1.31 3.24 2.20 3.69 0.00
1.35 3.26 2.26 3.67 0.00
1.38 3.27 2.30 3.67 0.00
1.44 3.29 2.35 3.71 0.00
1.47 3.32 2.40 3.70 0.00
1.50 3.33 2.44 3.68 0.00
1.54 3.35 2.53 3.53 0.00
1.59 3.37 2.59 3.45 0.00
1.64 3.39 2.64 3.38 0.00
1.67 3.41 2.67 3.28 0.00
1.72 3.42 2.70 3.20 0.00
1.76 3.43 2.72 3.14 0.00
1.80 3.42 2.76 3.11 0.00
1.84 3.41 2.80 3.11 0.00
1.88 3.40 2.84 3.11 0.00
1.92 3.38 2.89 3.12 0.00
1.95 3.37 2.89 3.03 0.00
1.99 3.36 2.96 3.11 0.00
2.03 3.35 3.00 3.10 0.00
2.07 3.34 3.04 3.11 0.00
2.11 3.32 3.08 3.11 0.00
2.14 3.31 3.12 3.10 0.00
2.18 3.31 3.15 3.07 0.00
2.23 3.31 3.17 2.97 0.00
2.28 3.30 3.20 2.92 0.00
2.32 3.28 3.22 2.85 0.00
2.36 3.27 3.24 2.79 0.00
2.40 3.26 3.25 2.73 0.00
2.44 3.24 3.26 2.68 0.00
2.48 3.23 3.27 2.62 0.00
2.52 3.21 3.29 2.58 0.00
2.55 3.18 3.32 2.55 0.00
2.58 3.16 3.35 2.52 0.00
2.62 3.13 3.39 2.50 0.00
2.65 3.11 3.42 2.48 0.00
2.68 3.08 3.47 2.46 0.00
2.71 3.05 3.50 2.44 0.00
2.74 3.03 3.54 2.43 0.00
2.77 3.00 3.51 2.33 0.00
2.82 2.98 3.48 2.24 0.00
2.85 2.95 3.47 2.17 0.00
2.89 2.93 3.45 2.10 0.00
2.92 2.90 3.42 2.03 0.00
2.95 2.87 3.40 1.98 0.00
2.97 2.84 3.41 1.94 0.00
2.99 2.80 3.40 1.89 0.00
3.01 2.76 3.43 1.85 0.00
3.03 2.73 3.45 1.82 0.00
3.05 2.69 3.47 1.78 0.00
3.06 2.66 3.49 1.75 0.00
3.08 2.62 3.50 1.71 0.00
3.10 2.58 3.53 1.68 0.00
3.11 2.54 3.56 1.65 0.00
3.13 2.51 3.60 1.62 0.00
3.15 2.47 3.54 1.55 0.00
3.18 2.44 3.51 1.50 0.00
3.20 2.41 3.48 1.45 0.00
3.22 2.37 3.45 1.40 0.00
3.23 2.33 3.41 1.34 0.00
3.24 2.29 3.44 1.31 0.00
3.25 2.25 3.43 1.27 0.00
3.26 2.22 3.45 1.24 0.00
3.27 2.17 3.42 1.18 0.00
3.28 2.13 3.42 1.14 0.00
3.28 2.10 3.43 1.11 0.00
3.29 2.05 3.45 1.07 0.00
3.30 2.01 3.47 1.03 0.00
3.30 1.97 3.48 0.99 0.00
3.31 1.94 3.51 0.96 0.00
3.31 1.90 3.55 0.92 0.00
3.32 1.85 3.53 0.88 0.00
3.33 1.81 3.56 0.84 0.00
3.34 1.77 3.64 0.81 0.00
3.35 1.73 3.67 0.78 0.00
3.35 1.69 3.71 0.76 0.00
3.37 1.65 3.78 0.73 0.00
3.37 1.60 3.84 0.72 0.00
3.38 1.56 3.87 0.69 0.00
3.40 1.54 3.95 0.70 0.00
3.42 1.50 3.92 0.63 0.00
3.43 1.49 3.94 0.63 0.00
3.45 1.45 3.98 0.60 0.00
3.47 1.40 4.19 0.71 0.00
3.49 1.37 4.32 0.80 0.00
3.51 1.34 4.42 0.93 0.00
3.53 1.30 4.49 1.04 0.00
3.57 1.29 4.53 1.03 0.00
3.60 1.29 4.57 1.03 0.00
3.66 1.26 4.64 1.06 0.00
3.69 1.25 4.67 1.06 0.00
3.72 1.25 4.72 1.16 0.00
3.76 1.25 4.76 1.26 0.00
3.80 1.23 4.79 1.35 0.00
3.84 1.23 4.79 1.53 0.00
3.89 1.21 4.83 1.55 0.00
3.93 1.21 4.82 1.67 0.00
4.00 1.20 4.78 1.84 0.00
4.01 1.22 4.82 1.81 0.00
4.05 1.25 4.85 1.85 0.00
4.12 1.27 4.92 1.86 0.00
4.12 1.29 4.93 1.88 0.00
4.15 1.31 4.89 1.99 0.00
4.19 1.34 4.95 1.99 0.00
4.22 1.37 4.97 2.02 0.00
4.25 1.39 5.00 2.05 0.00
4.29 1.43 5.04 2.09 0.00
4.32 1.45 5.03 2.15 0.00
4.34 1.47 5.03 2.20 0.00
4.37 1.50 4.99 2.29 0.00
4.40 1.53 4.94 2.37 0.00
4.43 1.55 4.89 2.44 0.00
4.46 1.58 4.82 2.51 0.00
4.49 1.61 4.78 2.56 0.00
4.51 1.64 4.73 2.61 0.00
4.53 1.68 4.70 2.66 0.00
4.54 1.71 4.65 2.70 0.00
4.55 1.75 4.58 2.75 0.00
4.55 1.78 4.57 2.78 0.00
4.56 1.82 4.60 2.82 0.00
4.55 1.86 4.58 2.86 0.00
4.55 1.90 4.57 2.90 0.00
4.56 1.94 4.57 2.94 0.00
4.56 1.98 4.56 2.98 0.00
4.56 2.02 4.55 3.02 0.00
4.56 2.06 4.53 3.06 0.00
4.56 2.10 4.50 3.10 0.00
4.56 2.15 4.55 3.15 0.00
4.56 2.18 4.47 3.18 0.00
4.56 2.23 4.44 3.22 0.00
4.56 2.26 4.36 3.24 0.00
4.56 2.31 4.31 3.27 0.00
4.55 2.34 4.21 3.28 0.00
4.55 2.38 4.13 3.30 0.00
4.54 2.42 4.06 3.30 0.00
4.53 2.47 4.00 3.32 0.00
4.51 2.50 3.98 3.35 0.00
4.49 2.54 3.92 3.36 0.00
4.47 2.58 3.90 3.40 0.00
4.45 2.62 3.86 3.43 0.00
4.42 2.65 3.83 3.46 0.00
4.40 2.68 3.81 3.50 0.00
4.38 2.72 3.78 3.53 0.00
4.34 2.77 3.75 3.57 0.00
4.32 2.79 3.73 3.59 0.00
4.29 2.82 3.71 3.63 0.00
4.27 2.85 3.71 3.68 0.00
4.25 2.89 3.64 3.69 0.00
4.22 2.93 3.60 3.72 0.00
4.20 2.96 3.57 3.74 0.00
4.17 3.00 3.55 3.78 0.00
4.14 3.04 3.51 3.81 0.00
4.11 3.08 3.46 3.85 0.00
4.07 3.12 3.42 3.88 0.00
4.04 3.16 3.37 3.91 0.00
4.01 3.20 3.34 3.95 0.00
3.97 3.25 3.30 3.99 0.00
3.94 3.29 3.27 4.03 0.00
3.90 3.33 3.24 4.08 0.00
3.86 3.37 3.21 4.13 0.00
3.83 3.40 3.18 4.17 0.00
3.79 3.45 3.17 4.23 0.00
3.76 3.49 3.15 4.28 0.00
3.72 3.52 3.14 4.33 0.00
3.69 3.56 3.11 4.38 0.00
3.66 3.60 3.11 4.44 0.00
3.64 3.64 3.08 4.47 0.00
3.61 3.67 2.98 4.45 0.00
3.60 3.71 2.98 4.50 0.00
3.57 3.75 2.93 4.52 0.00
3.55 3.79 2.92 4.57 0.00
3.52 3.82 2.88 4.59 0.00
3.49 3.85 2.85 4.62 0.00
3.46 3.88 2.83 4.66 0.00
3.43 3.92 2.82 4.71 0.00
3.41 3.95 2.83 4.77 0.00
3.38 3.98 2.85 4.83 0.00
3.35 4.02 2.87 4.89 0.00
3.33 4.05 2.89 4.95 0.00
3.30 4.08 2.92 5.01 0.00
3.28 4.11 2.95 5.06 0.00
3.26 4.15 2.98 5.11 0.00
3.24 4.18 2.97 5.14 0.00
3.23 4.22 2.94 5.17 0.00
3.22 4.26 2.88 5.20 0.00
3.21 4.30 2.83 5.23 0.00
3.20 4.33 2.82 5.26 0.00
3.19 4.37 2.79 5.29 0.00
3.17 4.42 2.74 5.32 0.00
3.16 4.45 2.72 5.35 0.00
3.15 4.48 2.71 5.38 0.00
3.13 4.52 2.68 5.41 0.00
3.11 4.55 2.64 5.43 0.00
3.10 4.58 2.65 5.47 0.00
3.08 4.61 2.63 5.50 0.00
3.07 4.64 2.61 5.53 0.00
3.05 4.68 2.59 5.57 0.00
3.03 4.71 2.56 5.59 0.00
3.02 4.74 2.55 5.62 0.00
3.00 4.77 2.48 5.62 0.00
2.98 4.82 2.52 5.70 0.00
2.96 4.85 2.49 5.73 0.00
2.94 4.89 2.49 5.78 0.00
2.92 4.92 2.47 5.81 0.00
2.91 4.96 2.44 5.85 0.00
2.89 4.99 2.45 5.89 0.00
2.87 5.02 2.44 5.93 0.00
2.85 5.06 2.43 5.96 0.00
2.84 5.09 2.42 6.00 0.00
2.82 5.12 2.41 6.03 0.00
2.80 5.15 2.39 6.06 0.00
2.79 5.19 2.37 6.09 0.00
2.77 5.22 2.35 6.13 0.00
2.76 5.25 2.33 6.15 0.00
2.74 5.29 2.30 6.18 0.00
2.73 5.32 2.27 6.21 0.00
2.71 5.36 2.23 6.24 0.00
2.69 5.39 2.19 6.26 0.00
2.68 5.43 2.13 6.27 0.00
2.66 5.47 2.10 6.30 0.00
2.64 5.50 2.08 6.33 0.00
2.63 5.54 2.01 6.33 0.00
2.60 5.57 1.99 6.37 0.00
2.58 5.61 1.96 6.40 0.00
2.55 5.64 1.94 6.43 0.00
2.53 5.67 1.91 6.45 0.00
2.50 5.70 1.86 6.47 0.00
2.48 5.73 1.83 6.49 0.00
2.45 5.77 1.80 6.53 0.00
2.43 5.80 1.76 6.54 0.00
2.41 5.83 1.73 6.57 0.00
2.38 5.86 1.69 6.58 0.00
2.35 5.89 1.63 6.58 0.00
2.32 5.92 1.59 6.60 0.00
2.30 5.95 1.52 6.58 0.00
2.26 5.98 1.49 6.62 0.00
2.24 6.01 1.45 6.63 0.00
2.21 6.04 1.41 6.64 0.00
2.18 6.06 1.38 6.66 0.00
2.15 6.09 1.34 6.68 0.00
2.11 6.11 1.31 6.70 0.00
2.08 6.14 1.28 6.73 0.00
2.05 6.16 1.25 6.76 0.00
2.01 6.19 1.20 6.76 0.00
1.99 6.21 1.18 6.80 0.00
1.95 6.23 1.13 6.80 0.00
