1.90 3.30 2.79 3.75 0.00
1.94 3.32 2.90 3.61 0.00
1.98 3.34 2.97 3.48 0.00
2.03 3.36 3.02 3.32 0.00
2.07 3.38 3.04 3.16 0.00
2.11 3.40 3.04 3.04 0.00
2.15 3.42 3.00 2.89 0.00
2.19 3.43 2.95 2.79 0.00
2.22 3.41 2.99 2.76 0.00
2.25 3.38 3.01 2.73 0.00
2.29 3.35 3.07 2.72 0.00
2.32 3.32 3.06 2.64 0.00
2.36 3.29 3.09 2.61 0.00
2.39 3.27 3.10 2.56 0.00
2.42 3.24 3.11 2.51 0.00
2.46 3.21 3.12 2.46 0.00
2.49 3.18 3.13 2.41 0.00
2.52 3.15 2.99 2.27 0.00
2.55 3.12 2.94 2.19 0.00
2.58 3.08 2.87 2.13 0.00
2.61 3.05 2.80 2.07 0.00
2.64 3.02 2.74 2.02 0.00
2.65 2.98 2.71 1.98 0.00
2.66 2.94 2.71 1.94 0.00
2.66 2.89 2.71 1.90 0.00
2.66 2.85 2.71 1.85 0.00
2.66 2.81 2.71 1.81 0.00
2.66 2.77 2.70 1.77 0.00
2.67 2.73 2.70 1.73 0.00
2.67 2.69 2.69 1.69 0.00
2.67 2.65 2.68 1.65 0.00
2.67 2.61 2.67 1.61 0.00
2.68 2.56 2.66 1.56 0.00
2.68 2.53 2.63 1.53 0.00
2.68 2.49 2.57 1.49 0.00
2.68 2.45 2.52 1.46 0.00
2.68 2.41 2.48 1.43 0.00
2.67 2.37 2.45 1.39 0.00
2.67 2.33 2.40 1.37 0.00
2.67 2.29 2.35 1.34 0.00
2.66 2.25 2.33 1.31 0.00
2.65 2.21 2.32 1.27 0.00
2.63 2.17 2.30 1.23 0.00
2.62 2.13 2.26 1.20 0.00
2.61 2.09 2.21 1.18 0.00
2.59 2.05 2.16 1.15 0.00
2.58 2.01 2.09 1.14 0.00
2.57 1.97 2.06 1.11 0.00
2.55 1.93 2.01 1.09 0.00
2.54 1.89 1.91 1.11 0.00
2.52 1.86 1.86 1.11 0.00
2.51 1.82 1.79 1.12 0.00
2.49 1.78 1.76 1.10 0.00
2.45 1.74 1.72 1.06 0.00
2.41 1.71 1.68 1.02 0.00
2.37 1.67 1.63 0.99 0.00
2.33 1.63 1.60 0.94 0.00
2.29 1.60 1.56 0.91 0.00
2.25 1.55 1.53 0.86 0.00
2.21 1.52 1.47 0.84 0.00
2.16 1.48 1.44 0.79 0.00
2.13 1.44 1.40 0.75 0.00
2.08 1.41 1.35 0.72 0.00
2.05 1.36 1.32 0.68 0.00
2.02 1.32 1.26 0.66 0.00
1.98 1.29 1.22 0.63 0.00
1.94 1.26 1.20 0.59 0.00
1.90 1.23 1.17 0.54 0.00
1.87 1.21 1.16 0.51 0.00
1.81 1.17 1.02 0.56 0.00
1.79 1.12 1.04 0.45 0.00
1.74 1.09 1.02 0.40 0.00
1.68 1.04 1.09 0.23 0.00
1.63 1.03 0.89 0.36 0.00
1.61 1.00 0.77 0.46 0.00
1.58 0.95 0.79 0.34 0.00
1.56 0.92 0.83 0.24 0.00
1.53 0.88 0.80 0.19 0.00
1.49 0.85 0.77 0.16 0.00
1.46 0.81 0.73 0.12 0.00
1.42 0.78 0.69 0.10 0.00
1.38 0.75 0.67 0.05 0.00
1.34 0.72 0.64 0.01 0.00
1.30 0.68 0.60 -0.04 0.00
1.26 0.64 0.57 -0.09 0.00
1.22 0.60 0.55 -0.15 0.00
1.18 0.56 0.52 -0.20 0.00
1.14 0.52 0.50 -0.26 0.00
1.10 0.48 0.48 -0.31 0.00
1.06 0.44 0.46 -0.36 0.00
1.03 0.40 0.44 -0.41 0.00
1.00 0.36 0.42 -0.45 0.00
0.97 0.32 0.40 -0.50 0.00
0.94 0.28 0.38 -0.55 0.00
0.91 0.24 0.37 -0.60 0.00
0.88 0.21 0.36 -0.64 0.00
0.86 0.17 0.34 -0.69 0.00
0.86 0.13 0.26 -0.67 0.00
0.85 0.09 0.21 -0.67 0.00
0.82 0.06 0.18 -0.71 0.00
0.79 0.02 0.14 -0.75 0.00
0.76 -0.02 0.11 -0.79 0.00
0.72 -0.06 0.09 -0.83 0.00
0.69 -0.09 0.07 -0.88 0.00
0.66 -0.13 0.04 -0.92 0.00
0.63 -0.17 0.02 -0.97 0.00
0.60 -0.21 0.00 -1.01 0.00
0.56 -0.25 -0.02 -1.06 0.00
0.53 -0.29 -0.05 -1.09 0.00
0.50 -0.32 -0.07 -1.14 0.00
0.48 -0.35 -0.06 -1.19 0.00
0.43 -0.38 -0.07 -1.24 0.00
0.43 -0.41 -0.15 -1.21 0.00
0.43 -0.40 -0.55 -0.56 1.00
0.43 -0.39 -0.39 0.19 1.00
0.39 -0.36 -0.42 0.22 0.00
0.36 -0.34 -0.46 0.22 0.00
0.33 -0.32 -0.54 0.17 0.00
0.30 -0.30 -0.62 0.09 0.00
0.26 -0.27 -0.70 -0.00 0.00
0.23 -0.25 -0.76 -0.11 0.00
0.20 -0.23 -0.80 -0.20 0.00
0.17 -0.21 -0.83 -0.28 0.00
0.13 -0.19 -0.85 -0.35 0.00
0.10 -0.19 -0.89 -0.36 0.00
0.05 -0.19 -0.93 -0.38 0.00
0.01 -0.20 -0.98 -0.37 0.00
-0.04 -0.21 -1.01 -0.45 0.00
-0.08 -0.22 -1.02 -0.56 0.00
-0.13 -0.23 -1.02 -0.68 0.00
-0.17 -0.24 -1.00 -0.80 0.00
-0.17 -0.24 -1.15 -0.05 1.00
-0.21 -0.23 -1.18 -0.01 0.00
-0.25 -0.22 -1.22 -0.00 0.00
-0.29 -0.21 -1.26 -0.00 0.00
-0.33 -0.20 -1.30 0.01 0.00
-0.36 -0.19 -1.34 -0.01 0.00
-0.40 -0.19 -1.39 -0.01 0.00
-0.44 -0.18 -1.44 -0.08 0.00
-0.48 -0.17 -1.48 -0.22 0.00
-0.52 -0.16 -1.49 -0.37 0.00
-0.55 -0.16 -1.49 -0.51 0.00
-0.59 -0.15 -1.47 -0.62 0.00
-0.63 -0.14 -1.45 -0.71 0.00
-0.67 -0.14 -1.43 -0.78 0.00
-0.70 -0.15 -1.42 -0.85 0.00
-0.74 -0.18 -1.46 -0.88 0.00
-0.77 -0.21 -1.48 -0.92 0.00
-0.80 -0.25 -1.52 -0.94 0.00
-0.82 -0.27 -1.48 -1.02 0.00
-0.86 -0.30 -1.46 -1.10 0.00
-0.89 -0.33 -1.41 -1.19 0.00
-0.91 -0.35 -1.34 -1.26 0.00
-0.94 -0.39 -1.34 -1.30 0.00
-0.95 -0.41 -1.33 -1.34 0.00
-1.01 -0.44 -1.21 -1.42 0.00
-1.02 -0.49 -1.15 -1.48 0.00
-1.02 -0.53 -1.17 -1.52 0.00
-1.04 -0.57 -1.20 -1.56 0.00
-1.04 -0.61 -1.18 -1.60 0.00
-1.05 -0.63 -1.17 -1.63 0.00
-1.06 -0.68 -1.19 -1.67 0.00
-1.06 -0.76 -1.20 -1.75 0.00
-1.08 -0.76 -1.31 -1.73 0.00
-1.07 -0.73 -1.94 -1.21 1.00
-1.07 -0.73 -2.02 -0.42 1.00
-1.06 -0.72 -1.52 0.17 1.00
-1.07 -0.71 -0.72 0.22 1.00
-1.06 -0.69 -0.63 0.21 0.00
-1.03 -0.63 -0.56 0.25 0.00
-1.02 -0.58 -0.48 0.26 0.00
-1.01 -0.53 -0.39 0.26 0.00
-1.01 -0.47 -0.42 0.33 0.00
-0.95 -0.42 -0.18 0.23 0.00
-0.93 -0.38 -0.04 0.07 0.00
-0.92 -0.38 -0.10 0.20 0.00
-0.89 -0.36 -0.09 0.23 0.00
-0.86 -0.34 -0.04 0.24 0.00
-0.83 -0.31 0.00 0.25 0.00
-0.79 -0.29 0.07 0.21 0.00
-0.76 -0.27 0.13 0.18 0.00
-0.73 -0.25 0.19 0.15 0.00
-0.70 -0.22 0.24 0.13 0.00
-0.67 -0.20 0.29 0.08 0.00
-0.63 -0.19 0.33 0.08 0.00
-0.59 -0.18 0.40 0.00 0.00
-0.55 -0.17 0.45 -0.12 0.00
-0.50 -0.15 0.49 -0.23 0.00
-0.47 -0.14 0.51 -0.34 0.00
-0.43 -0.13 0.52 -0.46 0.00
-0.39 -0.12 0.54 -0.50 0.00
-0.34 -0.11 0.51 -0.63 0.00
-0.31 -0.13 0.55 -0.64 0.00
-0.27 -0.15 0.57 -0.70 0.00
-0.23 -0.17 0.61 -0.70 0.00
-0.19 -0.20 0.65 -0.74 0.00
-0.16 -0.22 0.64 -0.83 0.00
-0.12 -0.24 0.62 -0.92 0.00
-0.08 -0.27 0.57 -1.03 0.00
-0.04 -0.29 0.51 -1.13 0.00
-0.04 -0.29 -0.25 -1.27 1.00
-0.04 -0.29 -0.88 -0.84 1.00
-0.04 -0.29 -1.02 -0.08 1.00
-0.08 -0.29 -1.05 -0.04 0.00
-0.12 -0.28 -1.08 0.00 0.00
-0.16 -0.27 -1.13 -0.03 0.00
-0.20 -0.26 -1.16 0.00 0.00
-0.24 -0.25 -1.20 0.01 0.00
-0.27 -0.24 -1.24 0.00 0.00
-0.31 -0.23 -1.28 0.01 0.00
-0.35 -0.22 -1.33 -0.03 0.00
-0.38 -0.21 -1.38 -0.18 0.00
-0.42 -0.20 -1.40 -0.39 0.00
-0.46 -0.19 -1.43 -0.45 0.00
-0.50 -0.18 -1.42 -0.58 0.00
-0.54 -0.17 -1.40 -0.69 0.00
-0.57 -0.16 -1.37 -0.78 0.00
-0.61 -0.17 -1.37 -0.82 0.00
-0.64 -0.20 -1.40 -0.86 0.00
-0.68 -0.23 -1.35 -0.97 0.00
-0.72 -0.26 -1.30 -1.08 0.00
-0.76 -0.29 -1.25 -1.17 0.00
-0.79 -0.32 -1.21 -1.23 0.00
-0.83 -0.35 -1.14 -1.31 0.00
-0.87 -0.38 -1.08 -1.36 0.00
-0.88 -0.40 -1.05 -1.39 0.00
-0.86 -0.44 -1.19 -1.38 0.00
-0.90 -0.50 -1.09 -1.48 0.00
-0.90 -0.54 -1.13 -1.52 0.00
-0.91 -0.59 -1.18 -1.56 0.00
-0.92 -0.64 -1.32 -1.55 0.00
-0.93 -0.67 -1.23 -1.62 0.00
-0.92 -0.72 -1.20 -1.67 0.00
-0.94 -0.74 -1.25 -1.69 0.00
-0.93 -0.80 -1.27 -1.74 0.00
-0.93 -0.79 -1.82 -1.24 1.00
-0.94 -0.77 -1.85 -0.35 1.00
-0.96 -0.76 -1.24 0.20 1.00
-0.98 -0.73 -1.28 0.22 0.00
-0.96 -0.68 -1.20 0.29 0.00
-0.99 -0.65 -1.28 0.31 0.00
-1.01 -0.62 -1.30 0.34 0.00
-1.02 -0.57 -1.22 0.41 0.00
-1.02 -0.52 -1.36 0.42 0.00
-1.03 -0.50 -1.33 0.45 0.00
-1.04 -0.47 -1.39 0.47 0.00
-1.06 -0.44 -1.46 0.48 0.00
-1.08 -0.39 -1.64 0.44 0.00
-1.08 -0.36 -1.59 0.50 0.00
-1.08 -0.33 -1.72 0.44 0.00
-1.10 -0.29 -1.83 0.39 0.00
-1.11 -0.26 -1.97 0.27 0.00
-1.12 -0.24 -2.06 0.11 0.00
-1.15 -0.21 -2.14 -0.09 0.00
-1.17 -0.20 -1.80 0.57 1.00
-1.17 -0.21 -1.17 0.79 1.00
-1.17 -0.17 -1.06 0.83 0.00
-1.17 -0.13 -1.01 0.86 0.00
-1.17 -0.10 -0.92 0.87 0.00
-1.17 -0.04 -0.87 0.91 0.00
-1.17 -0.01 -0.80 0.93 0.00
-1.17 0.05 -0.72 0.95 0.00
-1.17 0.07 -0.68 0.95 0.00
-1.15 0.11 -0.65 0.97 0.00
-1.13 0.14 -0.58 0.97 0.00
-1.12 0.17 -0.37 0.84 0.00
-1.10 0.18 -0.57 1.04 0.00
-1.07 0.22 -0.47 1.03 0.00
-1.06 0.25 -0.44 1.03 0.00
-1.04 0.28 -0.41 1.06 0.00
-1.02 0.31 -0.28 0.99 0.00
-1.00 0.34 -0.19 0.92 0.00
-0.95 0.36 -0.11 0.91 0.00
-0.91 0.39 -0.06 0.92 0.00
-0.89 0.41 -0.03 0.91 0.00
-0.86 0.43 0.04 0.88 0.00
-0.83 0.46 0.10 0.85 0.00
-0.79 0.48 0.16 0.80 0.00
-0.75 0.51 0.22 0.77 0.00
-0.71 0.53 0.27 0.72 0.00
-0.68 0.54 0.30 0.71 0.00
-0.64 0.54 0.36 0.58 0.00
-0.60 0.54 0.40 0.51 0.00
-0.56 0.54 0.44 0.49 0.00
-0.51 0.57 0.49 0.59 0.00
-0.47 0.54 0.53 0.58 0.00
-0.43 0.54 0.57 0.49 0.00
-0.37 0.54 0.62 0.35 0.00
-0.33 0.53 0.65 0.33 0.00
-0.28 0.52 0.70 0.34 0.00
-0.26 0.52 0.69 0.21 0.00
-0.20 0.51 0.72 0.12 0.00
-0.16 0.49 0.66 -0.08 0.00
-0.12 0.48 0.70 -0.09 0.00
-0.07 0.48 0.63 -0.23 0.00
-0.04 0.48 0.54 -0.33 0.00
0.00 0.47 0.49 -0.41 0.00
0.03 0.44 0.49 -0.45 0.00
0.05 0.40 0.50 -0.49 0.00
0.07 0.36 0.53 -0.53 0.00
0.09 0.32 0.54 -0.57 0.00
0.11 0.28 0.51 -0.63 0.00
0.14 0.25 0.52 -0.68 0.00
0.15 0.20 0.44 -0.75 0.00
0.18 0.17 0.40 -0.80 0.00
0.19 0.13 0.40 -0.84 0.00
0.20 0.09 0.42 -0.88 0.00
0.20 0.06 0.44 -0.92 0.00
0.21 0.02 0.45 -0.95 0.00
0.22 -0.02 0.48 -0.98 0.00
0.23 -0.06 0.48 -1.03 0.00
0.24 -0.10 0.49 -1.07 0.00
0.25 -0.14 0.52 -1.10 0.00
0.26 -0.18 0.52 -1.14 0.00
0.27 -0.22 0.54 -1.18 0.00
0.28 -0.26 0.55 -1.22 0.00
0.29 -0.30 0.58 -1.25 0.00
0.30 -0.34 0.60 -1.29 0.00
0.31 -0.38 0.62 -1.33 0.00
0.32 -0.40 0.61 -1.36 0.00
0.32 -0.40 -0.16 -1.27 1.00
0.32 -0.40 -0.64 -0.68 1.00
0.28 -0.41 -0.70 -0.60 0.00
0.23 -0.45 -0.76 -0.53 0.00
0.22 -0.42 -0.78 -0.43 0.00
0.20 -0.45 -0.80 -0.47 0.00
0.16 -0.42 -0.84 -0.35 0.00
0.10 -0.42 -0.89 -0.59 0.00
0.05 -0.43 -0.92 -0.66 0.00
0.02 -0.43 -0.89 -0.85 0.00
-0.03 -0.46 -0.87 -1.01 0.00
-0.09 -0.43 -0.73 -1.20 0.00
-0.09 -0.41 -0.81 -1.11 0.00
-0.16 -0.42 -0.67 -1.28 0.00
-0.18 -0.44 -0.67 -1.31 0.00
-0.21 -0.52 -0.70 -1.39 0.00
-0.23 -0.57 -0.68 -1.46 0.00
-0.26 -0.61 -0.61 -1.54 0.00
-0.26 -0.61 -1.18 -1.00 1.00
-0.26 -0.61 -1.20 -0.27 1.00
-0.30 -0.60 -1.24 -0.25 0.00
-0.34 -0.59 -1.28 -0.25 0.00
-0.38 -0.58 -1.16 0.05 0.00
-0.40 -0.55 -1.31 -0.12 0.00
-0.46 -0.54 -1.42 -0.26 0.00
-0.49 -0.51 -1.46 -0.27 0.00
-0.51 -0.51 -1.50 -0.33 0.00
-0.55 -0.50 -1.55 -0.46 0.00
-0.59 -0.48 -1.58 -0.62 0.00
-0.64 -0.44 -1.60 -0.70 0.00
-0.63 -0.42 -1.62 -0.56 0.00
-0.71 -0.42 -1.55 -0.96 0.00
-0.74 -0.43 -1.60 -0.94 0.00
-0.78 -0.45 -1.60 -1.02 0.00
-0.81 -0.49 -1.64 -1.04 0.00
-0.85 -0.52 -1.64 -1.12 0.00
-0.85 -0.51 -1.84 -0.37 1.00
-0.85 -0.51 -1.51 0.24 1.00
-0.85 -0.51 -0.80 0.49 1.00
-0.84 -0.42 -0.79 0.58 0.00
-0.85 -0.38 -0.78 0.61 0.00
-0.85 -0.38 -0.70 0.61 0.00
-0.84 -0.33 -0.65 0.65 0.00
-0.84 -0.29 -0.62 0.68 0.00
-0.83 -0.25 -0.59 0.72 0.00
-0.83 -0.21 -0.56 0.75 0.00
-0.82 -0.18 -0.54 0.78 0.00
-0.81 -0.15 -0.51 0.80 0.00
-0.81 -0.11 -0.50 0.84 0.00
-0.79 -0.08 -0.42 0.84 0.00
-0.79 -0.05 -0.37 0.86 0.00
-0.77 -0.02 -0.30 0.86 0.00
-0.77 0.01 -0.25 0.87 0.00
-0.75 0.05 -0.17 0.86 0.00
-0.74 0.08 -0.06 0.81 0.00
-0.71 0.11 0.02 0.79 0.00
-0.67 0.14 0.09 0.79 0.00
-0.64 0.17 0.14 0.79 0.00
-0.61 0.21 0.22 0.76 0.00
-0.58 0.24 0.28 0.76 0.00
-0.55 0.28 0.35 0.72 0.00
-0.52 0.30 0.39 0.73 0.00
-0.48 0.32 0.43 0.73 0.00
-0.45 0.34 0.47 0.73 0.00
-0.41 0.36 0.52 0.72 0.00
-0.37 0.38 0.57 0.70 0.00
-0.33 0.39 0.62 0.68 0.00
-0.30 0.41 0.68 0.63 0.00
-0.26 0.42 0.73 0.57 0.00
-0.23 0.44 0.77 0.48 0.00
-0.19 0.45 0.81 0.46 0.00
-0.15 0.45 0.85 0.48 0.00
-0.10 0.45 0.90 0.49 0.00
-0.07 0.45 0.93 0.40 0.00
-0.02 0.45 0.95 0.20 0.00
0.02 0.46 0.95 0.08 0.00
0.06 0.46 0.93 -0.05 0.00
0.11 0.46 0.88 -0.17 0.00
0.14 0.46 0.84 -0.26 0.00
0.19 0.46 0.79 -0.33 0.00
0.21 0.43 0.81 -0.37 0.00
0.24 0.40 0.83 -0.42 0.00
0.27 0.36 0.85 -0.45 0.00
0.30 0.32 0.86 -0.51 0.00
0.32 0.28 0.85 -0.57 0.00
0.35 0.24 0.82 -0.64 0.00
0.38 0.21 0.78 -0.71 0.00
0.40 0.20 0.76 -0.74 0.00
0.42 0.14 0.77 -0.80 0.00
0.44 0.11 0.78 -0.84 0.00
0.45 0.07 0.76 -0.88 0.00
0.46 0.03 0.78 -0.92 0.00
0.47 -0.01 0.73 -0.98 0.00
0.49 -0.05 0.73 -1.02 0.00
0.50 -0.09 0.70 -1.07 0.00
0.52 -0.12 0.70 -1.10 0.00
0.53 -0.14 0.80 -1.10 0.00
0.55 -0.20 0.62 -1.19 0.00
0.55 -0.24 0.62 -1.23 0.00
0.55 -0.28 0.62 -1.28 0.00
0.56 -0.32 0.63 -1.31 0.00
0.56 -0.35 0.65 -1.35 0.00
0.56 -0.38 0.71 -1.37 0.00
0.56 -0.37 -0.02 -1.18 1.00
0.56 -0.37 -0.42 -0.54 1.00
0.52 -0.36 -0.46 -0.54 0.00
0.48 -0.38 -0.51 -0.47 0.00
0.43 -0.38 -0.57 -0.46 0.00
0.40 -0.40 -0.60 -0.38 0.00
0.37 -0.40 -0.63 -0.32 0.00
0.32 -0.40 -0.68 -0.36 0.00
0.28 -0.40 -0.72 -0.41 0.00
0.25 -0.40 -0.75 -0.49 0.00
0.21 -0.40 -0.76 -0.66 0.00
0.17 -0.39 -0.75 -0.79 0.00
0.12 -0.40 -0.73 -0.92 0.00
0.09 -0.40 -0.68 -1.04 0.00
0.05 -0.40 -0.63 -1.14 0.00
0.01 -0.40 -0.58 -1.21 0.00
-0.05 -0.40 -0.47 -1.31 0.00
-0.02 -0.43 -0.65 -1.20 0.00
-0.01 -0.40 -1.00 -0.49 1.00
-0.04 -0.41 -1.03 -0.35 0.00
-0.08 -0.41 -1.08 -0.37 0.00
-0.13 -0.41 -1.13 -0.41 0.00
-0.17 -0.41 -1.17 -0.47 0.00
-0.21 -0.42 -1.21 -0.47 0.00
-0.23 -0.40 -1.23 -0.42 0.00
-0.29 -0.39 -1.26 -0.64 0.00
-0.32 -0.39 -1.26 -0.73 0.00
-0.36 -0.38 -1.18 -0.95 0.00
-0.39 -0.38 -1.13 -1.05 0.00
-0.41 -0.39 -1.21 -0.98 0.00
-0.49 -0.39 -1.00 -1.25 0.00
-0.52 -0.39 -0.99 -1.27 0.00
-0.56 -0.45 -1.02 -1.34 0.00
-0.57 -0.51 -1.05 -1.39 0.00
-0.59 -0.54 -1.09 -1.41 0.00
-0.59 -0.54 -1.54 -0.84 1.00
-0.64 -0.57 -1.59 -0.87 0.00
-0.66 -0.56 -1.64 -0.78 0.00
-0.71 -0.58 -1.61 -1.02 0.00
-0.75 -0.58 -1.65 -1.01 0.00
-0.79 -0.59 -1.54 -1.25 0.00
-0.83 -0.61 -1.61 -1.23 0.00
-0.86 -0.60 -1.63 -1.25 0.00
-0.88 -0.63 -1.55 -1.37 0.00
-0.94 -0.65 -1.56 -1.43 0.00
-0.97 -0.66 -1.55 -1.48 0.00
-1.01 -0.70 -1.57 -1.53 0.00
-1.02 -0.73 -1.58 -1.56 0.00
-1.05 -0.75 -1.55 -1.61 0.00
-1.07 -0.79 -1.48 -1.71 0.00
-1.08 -0.82 -1.47 -1.74 0.00
-1.08 -0.88 -1.18 -1.87 0.00
-1.11 -0.93 -2.06 -1.24 1.00
-1.05 -0.98 -2.04 -0.81 1.00
-1.05 -0.99 -1.62 -0.17 1.00
-1.05 -0.99 -0.88 -0.01 1.00
-1.04 -1.00 -0.77 -0.04 0.00
-1.03 -0.90 -0.62 0.01 0.00
-1.02 -0.84 -0.61 0.07 0.00
-1.03 -0.82 -0.56 0.07 0.00
-1.02 -0.79 -0.41 -0.00 0.00
-1.01 -0.74 -0.29 -0.04 0.00
-0.99 -0.70 -0.20 -0.09 0.00
-0.95 -0.68 -0.18 -0.05 0.00
-0.93 -0.66 -0.13 -0.06 0.00
-0.91 -0.63 -0.12 -0.02 0.00
-0.88 -0.60 -0.08 0.00 0.00
-0.86 -0.59 -0.09 0.06 0.00
-0.83 -0.59 -0.08 0.08 0.00
-0.77 -0.54 0.19 -0.25 0.00
-0.75 -0.50 0.22 -0.25 0.00
-0.71 -0.49 0.27 -0.25 0.00
-0.66 -0.46 0.34 -0.36 0.00
-0.65 -0.42 0.26 0.02 0.00
-0.58 -0.42 0.41 -0.25 0.00
-0.56 -0.40 0.30 0.12 0.00
-0.52 -0.40 0.47 -0.26 0.00
-0.45 -0.40 0.55 -0.47 0.00
-0.42 -0.38 0.58 -0.47 0.00
-0.39 -0.39 0.61 -0.49 0.00
-0.35 -0.39 0.62 -0.63 0.00
-0.32 -0.38 0.66 -0.60 0.00
-0.27 -0.37 0.68 -0.67 0.00
-0.23 -0.38 0.72 -0.69 0.00
-0.19 -0.40 0.77 -0.69 0.00
-0.14 -0.40 0.80 -0.75 0.00
-0.10 -0.41 0.83 -0.78 0.00
-0.06 -0.41 0.84 -0.85 0.00
-0.06 -0.40 0.27 -1.35 1.00
