3.70 -6.10 2.70 -6.11 0.00
3.66 -6.10 2.66 -6.11 0.00
3.62 -6.10 2.62 -6.11 0.00
3.57 -6.10 2.57 -6.11 0.00
3.53 -6.10 2.53 -6.10 0.00
3.48 -6.10 2.48 -6.10 0.00
3.44 -6.10 2.44 -6.10 0.00
3.40 -6.10 2.40 -6.09 0.00
3.35 -6.10 2.35 -6.09 0.00
3.31 -6.10 2.31 -6.09 0.00
3.26 -6.10 2.26 -6.09 0.00
3.22 -6.10 2.22 -6.09 0.00
3.18 -6.10 2.18 -6.08 0.00
3.13 -6.10 2.13 -6.09 0.00
3.09 -6.10 2.09 -6.08 0.00
3.04 -6.10 2.04 -6.08 0.00
3.00 -6.10 2.00 -6.06 0.00
2.95 -6.10 1.95 -6.06 0.00
2.91 -6.10 1.91 -6.06 0.00
2.86 -6.10 1.86 -6.04 0.00
2.81 -6.09 1.81 -6.03 0.00
2.76 -6.09 1.77 -5.98 0.00
2.72 -6.09 1.72 -6.05 0.00
2.67 -6.09 1.67 -6.04 0.00
2.63 -6.08 1.63 -6.05 0.00
2.58 -6.08 1.58 -6.08 0.00
2.54 -6.08 1.54 -6.08 0.00
2.49 -6.07 1.49 -6.09 0.00
2.45 -6.07 1.45 -6.10 0.00
2.40 -6.07 1.41 -6.11 0.00
2.36 -6.07 1.36 -6.12 0.00
2.32 -6.07 1.32 -6.12 0.00
2.28 -6.07 1.28 -6.12 0.00
2.24 -6.08 1.24 -6.11 0.00
2.20 -6.08 1.20 -6.10 0.00
2.17 -6.08 1.17 -6.06 0.00
2.12 -6.08 1.12 -6.10 0.00
2.09 -6.07 1.09 -6.01 0.00
2.06 -6.06 1.06 -5.93 0.00
1.98 -6.07 0.99 -6.00 0.00
1.94 -6.07 0.94 -6.06 0.00
1.90 -6.08 0.90 -6.03 0.00
1.86 -6.08 0.87 -6.02 0.00
1.82 -6.08 0.83 -6.00 0.00
1.78 -6.08 0.79 -5.97 0.00
1.74 -6.08 0.75 -5.95 0.00
1.70 -6.08 0.70 -5.94 0.00
1.65 -6.07 0.67 -5.92 0.00
1.61 -6.07 0.63 -5.89 0.00
1.57 -6.06 0.59 -5.90 0.00
1.53 -6.05 0.55 -5.88 0.00
1.49 -6.05 0.51 -5.87 0.00
1.45 -6.04 0.47 -5.85 0.00
1.41 -6.03 0.43 -5.82 0.00
1.37 -6.03 0.40 -5.77 0.00
1.33 -6.02 0.37 -5.73 0.00
1.28 -6.01 0.34 -5.69 0.00
1.24 -6.01 0.32 -5.63 0.00
1.20 -6.00 0.29 -5.58 0.00
1.16 -5.99 0.27 -5.54 0.00
1.12 -5.97 0.24 -5.51 0.00
1.08 -5.95 0.20 -5.48 0.00
1.04 -5.93 0.17 -5.45 0.00
1.00 -5.91 0.16 -5.38 0.00
0.97 -5.89 0.17 -5.29 0.00
0.94 -5.86 0.13 -5.28 0.00
0.92 -5.78 0.05 -5.29 0.00
0.82 -5.80 0.04 -5.18 0.00
0.79 -5.77 0.02 -5.14 0.00
0.76 -5.75 0.00 -5.09 0.00
0.72 -5.71 -0.01 -5.02 0.00
0.69 -5.67 0.00 -4.95 0.00
0.65 -5.66 -0.01 -4.91 0.00
0.60 -5.60 0.08 -4.75 0.00
0.58 -5.58 0.03 -4.75 0.00
0.54 -5.54 0.03 -4.68 0.00
0.52 -5.52 0.10 -4.61 0.00
0.50 -5.49 0.20 -4.54 0.00
0.47 -5.46 0.26 -4.48 0.00
0.45 -5.43 0.29 -4.44 0.00
0.44 -5.39 0.28 -4.40 0.00
0.44 -5.39 1.03 -4.57 1.00
0.47 -5.35 0.97 -4.48 0.00
0.51 -5.30 0.94 -4.40 0.00
0.54 -5.27 0.91 -4.34 0.00
0.57 -5.22 0.86 -4.27 0.00
0.61 -5.18 0.82 -4.21 0.00
0.62 -5.14 0.81 -4.16 0.00
0.65 -5.14 0.69 -4.14 0.00
0.65 -5.08 0.80 -4.09 0.00
0.64 -5.03 0.76 -4.04 0.00
0.65 -4.99 0.76 -4.00 0.00
0.66 -4.93 0.61 -3.93 0.00
0.67 -4.90 0.68 -3.90 0.00
0.68 -4.87 0.65 -3.87 0.00
0.67 -4.82 0.72 -3.82 0.00
0.69 -4.77 0.72 -3.77 0.00
0.69 -4.73 0.79 -3.74 0.00
0.69 -4.73 1.49 -4.13 1.00
0.74 -4.71 1.52 -4.08 0.00
0.78 -4.69 1.51 -4.01 0.00
0.80 -4.65 1.49 -3.93 0.00
0.86 -4.63 1.37 -3.78 0.00
0.95 -4.61 1.67 -3.93 0.00
0.98 -4.55 1.43 -3.66 0.00
0.95 -4.52 1.41 -3.63 0.00
0.95 -4.50 1.47 -3.64 0.00
0.97 -4.46 1.45 -3.58 0.00
0.99 -4.43 1.41 -3.52 0.00
1.02 -4.39 1.36 -3.45 0.00
1.04 -4.35 1.32 -3.39 0.00
1.06 -4.31 1.24 -3.33 0.00
1.09 -4.28 1.18 -3.28 0.00
1.11 -4.24 1.12 -3.24 0.00
1.11 -4.20 1.11 -3.20 0.00
1.12 -4.16 1.04 -3.16 0.00
1.12 -4.12 1.01 -3.12 0.00
1.12 -4.08 0.97 -3.09 0.00
1.12 -4.04 0.94 -3.05 0.00
1.12 -4.00 0.91 -3.02 0.00
1.11 -3.96 0.90 -2.98 0.00
1.10 -3.92 0.89 -2.94 0.00
1.10 -3.88 0.85 -2.91 0.00
1.09 -3.84 0.78 -2.89 0.00
1.08 -3.80 0.70 -2.87 0.00
1.07 -3.75 0.62 -2.86 0.00
1.06 -3.71 0.55 -2.85 0.00
1.05 -3.67 0.49 -2.85 0.00
1.04 -3.63 0.45 -2.83 0.00
1.03 -3.59 0.39 -2.82 0.00
1.00 -3.55 0.37 -2.78 0.00
1.00 -3.55 1.10 -2.56 1.00
1.00 -3.52 1.08 -2.52 0.00
1.01 -3.48 1.07 -2.48 0.00
1.01 -3.44 1.07 -2.44 0.00
1.01 -3.40 1.05 -2.40 0.00
1.02 -3.36 1.05 -2.36 0.00
1.02 -3.32 1.02 -2.32 0.00
1.03 -3.28 1.02 -2.28 0.00
1.03 -3.24 1.02 -2.24 0.00
1.02 -3.20 1.02 -2.20 0.00
1.02 -3.16 1.02 -2.16 0.00
1.02 -3.12 1.02 -2.12 0.00
1.02 -3.08 1.01 -2.08 0.00
1.02 -3.04 1.01 -2.04 0.00
1.02 -3.00 0.98 -2.00 0.00
1.02 -2.96 0.97 -1.96 0.00
1.02 -2.91 0.97 -1.92 0.00
1.02 -2.87 0.93 -1.88 0.00
1.02 -2.83 0.92 -1.84 0.00
1.01 -2.79 0.92 -1.80 0.00
1.01 -2.75 0.90 -1.76 0.00
1.01 -2.71 0.89 -1.72 0.00
1.00 -2.67 0.88 -1.68 0.00
1.00 -2.63 0.86 -1.64 0.00
1.00 -2.59 0.80 -1.61 0.00
0.99 -2.55 0.74 -1.58 0.00
0.99 -2.51 0.68 -1.56 0.00
0.98 -2.47 0.61 -1.54 0.00
0.98 -2.43 0.55 -1.53 0.00
0.97 -2.39 0.51 -1.50 0.00
0.96 -2.35 0.47 -1.48 0.00
0.94 -2.32 0.45 -1.44 0.00
0.92 -2.28 0.43 -1.41 0.00
0.91 -2.23 0.34 -1.41 0.00
0.89 -2.19 0.28 -1.40 0.00
0.88 -2.14 0.21 -1.39 0.00
0.85 -2.10 0.18 -1.36 0.00
0.82 -2.07 0.15 -1.33 0.00
0.79 -2.04 0.12 -1.30 0.00
0.76 -2.01 0.09 -1.27 0.00
0.74 -1.98 0.12 -1.18 0.00
0.71 -1.94 0.16 -1.10 0.00
0.68 -1.91 0.21 -1.03 0.00
0.65 -1.88 0.25 -0.96 0.00
0.62 -1.86 0.34 -0.90 0.00
0.59 -1.83 0.35 -0.86 0.00
0.56 -1.79 0.37 -0.81 0.00
0.56 -1.74 0.36 -0.76 0.00
0.55 -1.70 0.37 -0.72 0.00
0.56 -1.69 1.12 -0.86 1.00
0.56 -1.69 1.54 -1.52 1.00
0.60 -1.69 1.58 -1.51 0.00
0.64 -1.68 1.62 -1.47 0.00
0.67 -1.69 1.66 -1.57 0.00
0.72 -1.66 1.69 -1.44 0.00
0.75 -1.67 1.73 -1.50 0.00
0.79 -1.65 1.72 -1.29 0.00
0.84 -1.64 1.66 -1.07 0.00
0.87 -1.63 1.56 -0.91 0.00
0.97 -1.63 1.64 -0.89 0.00
0.97 -1.64 1.54 -0.82 0.00
0.98 -1.62 1.53 -0.79 0.00
1.02 -1.61 1.49 -0.73 0.00
1.04 -1.58 1.50 -0.69 0.00
1.06 -1.54 1.53 -0.66 0.00
1.09 -1.51 1.53 -0.61 0.00
1.10 -1.46 1.52 -0.56 0.00
1.13 -1.43 1.45 -0.48 0.00
1.16 -1.39 1.40 -0.42 0.00
1.18 -1.35 1.36 -0.37 0.00
1.19 -1.31 1.35 -0.32 0.00
1.20 -1.27 1.34 -0.28 0.00
1.21 -1.23 1.34 -0.24 0.00
1.22 -1.19 1.32 -0.20 0.00
1.22 -1.15 1.30 -0.16 0.00
1.23 -1.16 1.30 -0.16 0.00
1.23 -1.07 1.26 -0.07 0.00
1.24 -1.03 1.24 -0.03 0.00
1.24 -0.99 1.22 0.01 0.00
1.25 -0.95 1.20 0.05 0.00
1.25 -0.91 1.19 0.09 0.00
1.24 -0.87 1.17 0.13 0.00
1.24 -0.83 1.19 0.17 0.00
1.24 -0.79 1.15 0.21 0.00
1.24 -0.76 1.21 0.24 0.00
1.23 -0.70 1.13 0.29 0.00
1.23 -0.67 1.18 0.33 0.00
1.23 -0.63 1.17 0.37 0.00
1.23 -0.59 1.16 0.41 0.00
1.22 -0.55 1.15 0.45 0.00
1.22 -0.51 1.12 0.49 0.00
1.22 -0.47 1.08 0.52 0.00
1.22 -0.43 1.01 0.55 0.00
1.21 -0.39 0.94 0.57 0.00
1.21 -0.35 0.88 0.59 0.00
1.21 -0.31 0.82 0.61 0.00
1.21 -0.27 0.76 0.62 0.00
1.20 -0.23 0.73 0.65 0.00
1.18 -0.19 0.71 0.69 0.00
1.14 -0.16 0.61 0.69 0.00
1.13 -0.10 0.54 0.70 0.00
1.10 -0.06 0.47 0.72 0.00
1.08 -0.01 0.42 0.74 0.00
1.06 0.03 0.34 0.74 0.00
1.03 0.08 0.27 0.73 0.00
1.00 0.12 0.22 0.74 0.00
0.97 0.15 0.19 0.77 0.00
0.93 0.17 0.16 0.80 0.00
0.90 0.20 0.12 0.83 0.00
0.87 0.23 0.08 0.85 0.00
0.83 0.25 0.04 0.86 0.00
0.80 0.28 -0.00 0.88 0.00
0.77 0.31 -0.04 0.90 0.00
0.73 0.34 -0.09 0.90 0.00
0.70 0.36 -0.12 0.93 0.00
0.66 0.38 -0.15 0.96 0.00
0.63 0.41 -0.18 1.00 0.00
0.59 0.43 -0.19 1.06 0.00
0.55 0.46 -0.16 1.16 0.00
0.51 0.48 -0.10 1.27 0.00
0.48 0.51 -0.09 1.33 0.00
0.45 0.54 -0.03 1.42 0.00
0.41 0.56 0.03 1.49 0.00
0.38 0.58 0.11 1.54 0.00
0.38 0.61 0.09 1.57 0.00
0.41 0.67 -0.13 1.51 0.00
0.34 0.70 0.07 1.67 0.00
0.33 0.74 0.11 1.72 0.00
0.32 0.78 0.10 1.75 0.00
0.30 0.82 0.07 1.79 0.00
0.29 0.85 0.06 1.83 0.00
0.28 0.89 0.04 1.85 0.00
0.27 0.93 -0.05 1.88 0.00
0.24 0.99 -0.15 1.91 0.00
0.24 1.02 -0.19 1.93 0.00
0.25 1.05 0.06 2.04 0.00
0.23 1.09 0.02 2.07 0.00
0.23 1.14 0.02 2.12 0.00
0.22 1.17 0.18 2.17 0.00
0.21 1.21 0.00 2.19 0.00
0.21 1.26 -0.01 2.24 0.00
0.20 1.30 0.11 2.29 0.00
0.18 1.35 0.02 2.34 0.00
0.17 1.38 0.06 2.38 0.00
0.17 1.41 -0.01 2.40 0.00
0.15 1.46 0.06 2.46 0.00
0.14 1.54 0.39 2.51 0.00
0.15 1.61 0.60 2.50 0.00
0.19 1.63 0.35 2.61 0.00
0.18 1.68 0.37 2.66 0.00
0.21 1.73 0.40 2.72 0.00
0.20 1.75 0.38 2.74 0.00
0.22 1.80 0.60 2.73 0.00
0.22 1.84 0.38 2.83 0.00
0.23 1.89 0.50 2.85 0.00
0.27 1.93 0.69 2.84 0.00
0.25 1.97 0.59 2.92 0.00
0.24 2.02 0.52 2.98 0.00
0.24 2.05 0.61 2.98 0.00
0.26 2.10 0.81 2.93 0.00
0.27 2.14 0.71 3.04 0.00
0.27 2.20 0.74 3.08 0.00
0.26 2.22 0.81 3.06 0.00
0.28 2.26 0.82 3.10 0.00
0.31 2.30 0.92 3.10 0.00
0.33 2.32 0.98 3.08 0.00
0.41 2.38 0.88 3.26 0.00
0.44 2.44 0.79 3.38 0.00
0.45 2.47 0.78 3.41 0.00
0.45 2.48 0.98 3.33 0.00
0.46 2.50 1.13 3.24 0.00
0.49 2.52 1.22 3.20 0.00
0.50 2.56 1.21 3.26 0.00
0.52 2.59 1.26 3.26 0.00
0.54 2.62 1.31 3.26 0.00
0.57 2.65 1.37 3.25 0.00
0.60 2.68 1.41 3.25 0.00
0.62 2.70 1.46 3.24 0.00
0.65 2.72 1.50 3.25 0.00
0.68 2.74 1.52 3.29 0.00
0.72 2.76 1.55 3.32 0.00
0.75 2.78 1.59 3.33 0.00
0.79 2.81 1.62 3.37 0.00
0.82 2.83 1.65 3.38 0.00
0.86 2.85 1.70 3.39 0.00
0.89 2.87 1.74 3.40 0.00
0.92 2.90 1.78 3.40 0.00
0.95 2.92 1.82 3.41 0.00
0.98 2.94 1.87 3.41 0.00
1.02 2.96 1.91 3.41 0.00
1.05 2.98 1.96 3.39 0.00
1.08 3.00 2.01 3.36 0.00
1.11 3.01 2.06 3.35 0.00
1.15 3.03 2.10 3.32 0.00
1.18 3.04 2.14 3.30 0.00
1.22 3.05 2.20 3.25 0.00
1.26 3.07 2.24 3.25 0.00
1.30 3.08 2.29 3.19 0.00
1.34 3.09 2.34 3.10 0.00
1.38 3.10 2.38 3.03 0.00
1.42 3.11 2.41 2.95 0.00
1.46 3.12 2.43 2.87 0.00
1.50 3.12 2.45 2.81 0.00
1.54 3.12 2.48 2.76 0.00
1.58 3.11 2.51 2.75 0.00
1.61 3.08 2.55 2.74 0.00
1.66 3.08 2.58 2.70 0.00
1.69 3.06 2.62 2.69 0.00
1.72 3.05 2.64 2.66 0.00
1.76 3.04 2.67 2.61 0.00
1.80 3.02 2.69 2.57 0.00
1.83 3.01 2.71 2.52 0.00
1.87 3.00 2.74 2.49 0.00
1.89 2.97 2.73 2.42 0.00
1.94 2.95 2.73 2.34 0.00
1.97 2.93 2.71 2.26 0.00
2.00 2.91 2.68 2.18 0.00
2.03 2.89 2.63 2.09 0.00
2.07 2.87 2.58 2.01 0.00
2.10 2.85 2.54 1.95 0.00
2.13 2.82 2.51 1.90 0.00
2.15 2.79 2.49 1.86 0.00
2.16 2.76 2.49 1.81 0.00
2.18 2.72 2.50 1.78 0.00
2.19 2.69 2.53 1.75 0.00
2.20 2.65 2.56 1.72 0.00
2.21 2.62 2.58 1.69 0.00
2.23 2.63 2.51 1.67 0.00
2.24 2.55 2.55 1.60 0.00
2.26 2.51 2.51 1.55 0.00
2.27 2.48 2.45 1.49 0.00
2.29 2.44 2.39 1.45 0.00
2.30 2.41 2.33 1.41 0.00
2.31 2.37 2.27 1.37 0.00
2.32 2.33 2.22 1.34 0.00
2.32 2.30 2.19 1.31 0.00
2.32 2.26 2.17 1.28 0.00
2.32 2.22 2.11 1.24 0.00
2.31 2.18 2.05 1.22 0.00
2.31 2.15 2.00 1.20 0.00
2.30 2.11 1.93 1.18 0.00
2.30 2.07 1.89 1.16 0.00
2.29 2.04 1.81 1.16 0.00
2.28 1.99 1.74 1.15 0.00
2.26 1.95 1.70 1.12 0.00
2.24 1.90 1.65 1.09 0.00
2.21 1.86 1.61 1.06 0.00
2.18 1.82 1.57 1.03 0.00
2.15 1.78 1.52 1.00 0.00
2.12 1.73 1.48 0.97 0.00
2.09 1.69 1.44 0.93 0.00
2.05 1.65 1.39 0.90 0.00
2.02 1.61 1.32 0.90 0.00
1.99 1.57 1.27 0.87 0.00
1.96 1.54 1.21 0.88 0.00
1.93 1.50 1.15 0.86 0.00
1.89 1.46 1.10 0.85 0.00
1.86 1.43 1.04 0.85 0.00
1.83 1.39 0.99 0.85 0.00
1.79 1.38 0.97 0.80 0.00
1.75 1.35 0.93 0.78 0.00
1.72 1.33 0.90 0.77 0.00
1.68 1.30 0.86 0.74 0.00
1.65 1.28 0.79 0.76 0.00
1.61 1.25 0.72 0.81 0.00
1.57 1.23 0.64 0.87 0.00
1.54 1.21 0.58 0.93 0.00
1.50 1.18 0.52 1.01 0.00
1.47 1.16 0.47 1.07 0.00
1.43 1.13 0.43 1.15 0.00
1.40 1.12 0.40 1.17 0.00
1.35 1.12 0.35 1.18 0.00
1.32 1.13 0.32 1.15 0.00
1.27 1.13 0.28 1.28 0.00
1.23 1.13 0.27 1.42 0.00
1.19 1.14 0.23 1.44 0.00
1.15 1.16 0.19 1.45 0.00
1.11 1.17 0.16 1.49 0.00
1.07 1.18 0.13 1.54 0.00
1.03 1.19 0.11 1.59 0.00
0.99 1.21 0.09 1.64 0.00
0.95 1.22 0.08 1.71 0.00
0.91 1.23 0.06 1.77 0.00
0.87 1.24 0.05 1.82 0.00
0.83 1.26 0.03 1.86 0.00
0.80 1.29 -0.01 1.88 0.00
0.76 1.31 -0.02 1.93 0.00
0.73 1.34 -0.06 1.95 0.00
0.70 1.36 -0.05 2.02 0.00
0.66 1.39 -0.03 2.11 0.00
0.63 1.41 0.02 2.20 0.00
0.60 1.45 0.01 2.25 0.00
0.57 1.48 -0.00 2.30 0.00
0.55 1.51 0.00 2.35 0.00
0.52 1.55 0.01 2.41 0.00
0.52 1.56 0.13 2.48 0.00
0.51 1.60 0.11 2.51 0.00
0.46 1.64 0.09 2.57 0.00
0.45 1.65 0.41 2.65 0.00
0.40 1.72 0.12 2.67 0.00
0.39 1.74 0.08 2.69 0.00
0.38 1.79 0.13 2.75 0.00
0.37 1.84 0.03 2.78 0.00
0.36 1.87 0.05 2.82 0.00
0.36 1.92 0.06 2.87 0.00
0.31 1.95 0.11 2.93 0.00
0.31 1.99 0.13 2.98 0.00
0.27 2.03 0.06 3.01 0.00
0.28 2.07 0.06 3.05 0.00
0.26 2.11 -0.11 3.04 0.00
0.26 2.14 -0.09 3.08 0.00
0.26 2.18 0.17 3.17 0.00
0.19 2.22 0.17 3.22 0.00
0.25 2.28 0.25 3.28 0.00
0.25 2.31 0.28 3.31 0.00
0.25 2.38 0.40 3.37 0.00
0.24 2.38 0.29 3.38 0.00
0.28 2.44 0.35 3.44 0.00
0.25 2.49 0.41 3.47 0.00
0.27 2.52 0.42 3.51 0.00
0.25 2.57 0.40 3.56 0.00
0.25 2.61 0.46 3.58 0.00
0.24 2.65 0.51 3.61 0.00
0.25 2.69 0.54 3.65 0.00
0.26 2.74 0.58 3.68 0.00
0.28 2.78 0.64 3.72 0.00
0.29 2.83 0.66 3.76 0.00
0.30 2.87 0.71 3.78 0.00
0.34 2.93 0.55 3.91 0.00
0.35 2.95 0.67 3.90 0.00
0.37 3.02 0.62 3.99 0.00
0.38 3.04 0.87 3.91 0.00
0.43 3.08 1.05 3.87 0.00
0.44 3.12 1.03 3.93 0.00
0.44 3.16 1.19 3.82 0.00
0.45 3.19 1.28 3.74 0.00
0.46 3.23 1.34 3.72 0.00
0.49 3.26 1.38 3.70 0.00
0.52 3.28 1.43 3.70 0.00
0.56 3.30 1.49 3.65 0.00
0.60 3.31 1.55 3.62 0.00
0.64 3.33 1.60 3.61 0.00
0.68 3.35 1.65 3.58 0.00
0.72 3.37 1.70 3.55 0.00
0.76 3.38 1.75 3.51 0.00
0.79 3.39 1.78 3.52 0.00
0.83 3.40 1.82 3.52 0.00
0.87 3.40 1.86 3.50 0.00
0.90 3.41 1.90 3.47 0.00
0.94 3.41 1.94 3.43 0.00
0.97 3.41 1.97 3.39 0.00
1.01 3.42 2.01 3.34 0.00
1.02 3.42 2.02 3.37 0.00
1.07 3.44 2.01 3.09 0.00
1.12 3.43 2.10 3.23 0.00
1.16 3.41 2.15 3.23 0.00
1.20 3.41 2.17 3.17 0.00
1.25 3.39 2.20 3.10 0.00
1.30 3.39 2.25 3.07 0.00
1.32 3.38 2.13 2.79 0.00
1.37 3.38 2.10 2.69 0.00
1.47 3.35 2.18 2.65 0.00
1.49 3.35 2.08 2.54 0.00
1.49 3.33 1.95 2.44 0.00
1.51 3.31 1.94 2.41 0.00
1.53 3.27 1.96 2.37 0.00
1.54 3.23 1.97 2.32 0.00
1.56 3.19 1.99 2.29 0.00
1.58 3.15 1.96 2.23 0.00
1.60 3.11 1.95 2.18 0.00
1.62 3.08 1.95 2.13 0.00
1.63 3.04 1.89 2.07 0.00
1.65 3.01 1.85 2.03 0.00
1.66 2.97 1.81 1.98 0.00
1.68 2.93 1.78 1.94 0.00
1.69 2.89 1.74 1.90 0.00
1.70 2.85 1.72 1.85 0.00
1.70 2.82 1.68 1.82 0.00
1.70 2.78 1.66 1.78 0.00
1.70 2.74 1.70 1.74 0.00
