-2.30 -5.20 -1.70 -6.00 0.00
-2.32 -5.24 -1.58 -5.92 0.00
-2.29 -5.28 -1.54 -5.93 0.00
-2.26 -5.31 -1.50 -5.96 0.00
-2.23 -5.34 -1.47 -5.99 0.00
-2.19 -5.36 -1.43 -6.02 0.00
-2.16 -5.39 -1.38 -6.01 0.00
-2.13 -5.42 -1.32 -6.00 0.00
-2.09 -5.45 -1.26 -5.99 0.00
-2.06 -5.48 -1.19 -5.97 0.00
-2.03 -5.51 -1.14 -5.96 0.00
-2.00 -5.53 -1.08 -5.94 0.00
-1.96 -5.56 -1.03 -5.93 0.00
-1.93 -5.57 -0.99 -5.93 0.00
-1.89 -5.59 -0.95 -5.93 0.00
-1.85 -5.61 -0.90 -5.94 0.00
-1.81 -5.62 -0.86 -5.94 0.00
-1.77 -5.63 -0.82 -5.94 0.00
-1.74 -5.65 -0.78 -5.95 0.00
-1.70 -5.66 -0.74 -5.96 0.00
-1.66 -5.67 -0.70 -5.96 0.00
-1.62 -5.68 -0.66 -5.95 0.00
-1.58 -5.70 -0.61 -5.92 0.00
-1.54 -5.71 -0.56 -5.88 0.00
-1.51 -5.72 -0.51 -5.85 0.00
-1.47 -5.73 -0.47 -5.81 0.00
-1.43 -5.74 -0.43 -5.77 0.00
-1.39 -5.75 -0.39 -5.73 0.00
-1.35 -5.76 -0.35 -5.71 0.00
-1.31 -5.76 -0.31 -5.70 0.00
-1.27 -5.76 -0.27 -5.68 0.00
-1.23 -5.76 -0.23 -5.66 0.00
-1.19 -5.75 -0.19 -5.64 0.00
-1.15 -5.75 -0.16 -5.61 0.00
-1.11 -5.75 -0.12 -5.60 0.00
-1.07 -5.74 -0.08 -5.58 0.00
-1.03 -5.74 -0.04 -5.57 0.00
-0.99 -5.73 -0.00 -5.56 0.00
-0.95 -5.72 0.03 -5.54 0.00
-0.91 -5.72 0.07 -5.53 0.00
-0.87 -5.71 0.11 -5.52 0.00
-0.83 -5.70 0.15 -5.50 0.00
-0.79 -5.69 0.19 -5.50 0.00
-0.75 -5.69 0.23 -5.48 0.00
-0.71 -5.68 0.26 -5.45 0.00
-0.67 -5.67 0.30 -5.43 0.00
-0.63 -5.66 0.34 -5.42 0.00
-0.59 -5.65 0.38 -5.41 0.00
-0.55 -5.65 0.42 -5.39 0.00
-0.51 -5.64 0.41 -5.25 0.00
-0.47 -5.64 0.42 -5.19 0.00
-0.43 -5.64 0.44 -5.14 0.00
-0.39 -5.64 0.43 -5.07 0.00
-0.35 -5.61 0.48 -5.05 0.00
-0.31 -5.58 0.53 -5.04 0.00
-0.28 -5.55 0.59 -5.05 0.00
-0.24 -5.53 0.60 -4.98 0.00
-0.19 -5.50 0.62 -4.92 0.00
-0.16 -5.48 0.68 -4.93 0.00
-0.12 -5.45 0.72 -4.91 0.00
-0.08 -5.43 0.77 -4.90 0.00
-0.04 -5.40 0.78 -4.84 0.00
-0.00 -5.38 0.83 -4.83 0.00
0.03 -5.36 0.86 -4.80 0.00
0.06 -5.33 0.90 -4.78 0.00
0.06 -5.33 1.04 -5.53 1.00
0.10 -5.34 1.08 -5.53 0.00
0.14 -5.35 1.12 -5.53 0.00
0.18 -5.36 1.16 -5.54 0.00
0.22 -5.36 1.20 -5.54 0.00
0.26 -5.37 1.24 -5.54 0.00
0.30 -5.38 1.28 -5.54 0.00
0.34 -5.39 1.32 -5.55 0.00
0.37 -5.39 1.36 -5.55 0.00
0.41 -5.40 1.40 -5.56 0.00
0.45 -5.41 1.44 -5.57 0.00
0.49 -5.41 1.48 -5.56 0.00
0.53 -5.42 1.52 -5.54 0.00
0.57 -5.43 1.57 -5.50 0.00
0.61 -5.43 1.61 -5.47 0.00
0.65 -5.44 1.65 -5.44 0.00
0.69 -5.44 1.69 -5.42 0.00
0.73 -5.45 1.72 -5.28 0.00
0.77 -5.45 1.74 -5.21 0.00
0.81 -5.45 1.76 -5.14 0.00
0.85 -5.46 1.78 -5.07 0.00
0.90 -5.46 1.79 -5.02 0.00
0.94 -5.44 1.83 -5.00 0.00
0.97 -5.42 1.87 -4.98 0.00
1.01 -5.40 1.91 -4.96 0.00
1.05 -5.38 1.94 -4.92 0.00
1.09 -5.36 1.95 -4.85 0.00
1.13 -5.34 1.95 -4.77 0.00
1.17 -5.32 1.94 -4.69 0.00
1.21 -5.31 1.93 -4.61 0.00
1.26 -5.29 1.91 -4.53 0.00
1.29 -5.27 1.89 -4.47 0.00
1.32 -5.24 1.90 -4.42 0.00
1.36 -5.21 1.83 -4.33 0.00
1.40 -5.17 1.78 -4.25 0.00
1.44 -5.14 1.74 -4.18 0.00
1.46 -5.10 1.74 -4.14 0.00
1.47 -5.06 1.75 -4.10 0.00
1.48 -5.02 1.76 -4.06 0.00
1.49 -4.98 1.73 -4.01 0.00
1.50 -4.94 1.70 -3.96 0.00
1.52 -4.90 1.67 -3.91 0.00
1.53 -4.86 1.65 -3.87 0.00
1.54 -4.82 1.62 -3.82 0.00
1.54 -4.79 1.58 -3.79 0.00
1.56 -4.74 1.54 -3.74 0.00
1.56 -4.71 1.60 -3.71 0.00
1.56 -4.66 1.55 -3.66 0.00
1.56 -4.62 1.57 -3.62 0.00
1.57 -4.59 1.62 -3.59 0.00
1.58 -4.54 1.52 -3.54 0.00
1.57 -4.50 1.52 -3.51 0.00
1.57 -4.46 1.53 -3.46 0.00
1.57 -4.42 1.54 -3.42 0.00
1.57 -4.37 1.45 -3.38 0.00
1.57 -4.34 1.34 -3.36 0.00
1.56 -4.30 1.23 -3.35 0.00
1.56 -4.26 1.14 -3.35 0.00
1.56 -4.22 1.06 -3.35 0.00
1.56 -4.18 0.99 -3.35 0.00
1.56 -4.14 0.93 -3.36 0.00
1.53 -4.10 0.91 -3.31 0.00
1.50 -4.06 0.88 -3.27 0.00
1.47 -4.02 0.84 -3.24 0.00
1.44 -3.98 0.80 -3.20 0.00
1.40 -3.93 0.74 -3.18 0.00
1.36 -3.89 0.71 -3.13 0.00
1.33 -3.85 0.64 -3.12 0.00
1.29 -3.80 0.57 -3.11 0.00
1.26 -3.76 0.51 -3.10 0.00
1.22 -3.72 0.43 -3.10 0.00
1.18 -3.67 0.36 -3.09 0.00
1.14 -3.63 0.29 -3.10 0.00
1.11 -3.59 0.23 -3.11 0.00
1.07 -3.57 0.19 -3.09 0.00
1.03 -3.55 0.15 -3.07 0.00
0.99 -3.53 0.11 -3.06 0.00
0.98 -3.51 0.10 -3.03 0.00
0.93 -3.48 0.04 -3.01 0.00
0.89 -3.47 0.07 -2.89 0.00
0.84 -3.45 0.04 -2.85 0.00
0.84 -3.45 0.69 -2.47 1.00
0.86 -3.43 1.30 -2.53 1.00
0.91 -3.38 1.21 -2.42 0.00
0.95 -3.26 0.79 -2.28 0.00
0.96 -3.31 1.17 -2.33 0.00
0.95 -3.26 1.01 -2.26 0.00
0.96 -3.24 1.04 -2.24 0.00
0.97 -3.20 1.02 -2.20 0.00
0.98 -3.16 1.02 -2.16 0.00
0.99 -3.12 1.01 -2.12 0.00
0.99 -3.08 1.00 -2.08 0.00
0.99 -3.04 0.98 -2.04 0.00
0.99 -3.00 0.96 -2.00 0.00
0.99 -2.95 0.94 -1.96 0.00
0.99 -2.92 0.94 -1.92 0.00
0.99 -2.87 0.91 -1.87 0.00
1.00 -2.83 0.86 -1.84 0.00
1.00 -2.79 0.85 -1.80 0.00
0.99 -2.75 0.87 -1.76 0.00
0.99 -2.71 0.87 -1.71 0.00
0.98 -2.67 0.82 -1.68 0.00
0.97 -2.63 0.81 -1.64 0.00
0.96 -2.59 0.77 -1.61 0.00
0.96 -2.54 0.75 -1.57 0.00
0.95 -2.51 0.71 -1.53 0.00
0.94 -2.46 0.65 -1.51 0.00
0.93 -2.42 0.66 -1.46 0.00
0.93 -2.39 0.64 -1.43 0.00
0.92 -2.34 0.59 -1.40 0.00
0.91 -2.30 0.58 -1.36 0.00
0.90 -2.26 0.56 -1.32 0.00
0.88 -2.22 0.56 -1.28 0.00
0.87 -2.18 0.55 -1.24 0.00
0.86 -2.14 0.55 -1.19 0.00
0.85 -2.10 0.52 -1.16 0.00
0.84 -2.06 0.55 -1.10 0.00
0.82 -2.03 0.53 -1.07 0.00
0.81 -1.99 0.60 -1.01 0.00
0.79 -1.95 0.53 -0.99 0.00
0.78 -1.91 0.55 -0.94 0.00
0.77 -1.87 0.58 -0.89 0.00
0.76 -1.84 0.61 -0.85 0.00
0.78 -1.81 0.50 -0.86 0.00
0.75 -1.75 0.59 -0.77 0.00
0.73 -1.71 0.62 -0.72 0.00
0.74 -1.68 0.67 -0.68 0.00
0.73 -1.64 0.63 -0.65 0.00
0.72 -1.59 0.61 -0.60 0.00
0.72 -1.54 0.60 -0.55 0.00
0.72 -1.51 0.61 -0.52 0.00
0.71 -1.47 0.60 -0.48 0.00
0.70 -1.43 0.64 -0.44 0.00
0.70 -1.39 0.67 -0.39 0.00
0.68 -1.33 0.78 -0.34 0.00
0.69 -1.30 0.65 -0.31 0.00
0.68 -1.24 0.89 -0.26 0.00
0.70 -1.22 0.75 -0.22 0.00
0.69 -1.20 0.70 -0.20 0.00
0.68 -1.15 0.70 -0.15 0.00
0.67 -1.09 0.86 -0.11 0.00
0.67 -1.07 0.76 -0.07 0.00
0.67 -1.02 0.82 -0.03 0.00
0.67 -0.99 0.75 0.01 0.00
0.67 -0.96 0.70 0.04 0.00
0.67 -0.91 0.75 0.09 0.00
0.67 -0.87 0.71 0.13 0.00
0.66 -0.82 0.85 0.16 0.00
0.67 -0.79 0.74 0.21 0.00
0.67 -0.76 0.75 0.24 0.00
0.67 -0.71 0.71 0.29 0.00
0.69 -0.67 0.74 0.33 0.00
0.68 -0.63 0.72 0.37 0.00
0.68 -0.59 0.74 0.41 0.00
0.69 -0.55 0.78 0.45 0.00
0.71 -0.50 0.99 0.46 0.00
0.68 -0.44 0.57 0.55 0.00
0.68 -0.40 0.70 0.60 0.00
0.68 -0.37 0.66 0.63 0.00
0.69 -0.35 0.73 0.65 0.00
0.69 -0.31 0.72 0.69 0.00
0.70 -0.28 0.70 0.72 0.00
0.70 -0.23 0.72 0.77 0.00
0.70 -0.19 0.72 0.81 0.00
0.70 -0.15 0.71 0.85 0.00
0.70 -0.11 0.70 0.89 0.00
0.70 -0.07 0.67 0.93 0.00
0.71 -0.03 0.68 0.97 0.00
0.71 0.01 0.66 1.00 0.00
0.71 0.05 0.67 1.05 0.00
0.71 0.09 0.66 1.09 0.00
0.70 0.13 0.65 1.13 0.00
0.70 0.17 0.64 1.17 0.00
0.70 0.21 0.64 1.21 0.00
0.70 0.25 0.61 1.24 0.00
0.70 0.29 0.59 1.28 0.00
0.70 0.33 0.57 1.32 0.00
0.69 0.37 0.55 1.36 0.00
0.69 0.41 0.53 1.40 0.00
0.68 0.45 0.54 1.44 0.00
0.68 0.49 0.52 1.47 0.00
0.67 0.53 0.52 1.52 0.00
0.66 0.57 0.51 1.55 0.00
0.66 0.61 0.50 1.59 0.00
0.65 0.65 0.52 1.64 0.00
0.65 0.69 0.50 1.68 0.00
0.64 0.73 0.49 1.72 0.00
0.63 0.77 0.49 1.76 0.00
0.63 0.80 0.48 1.79 0.00
0.63 0.84 0.52 1.83 0.00
0.62 0.90 0.43 1.88 0.00
0.61 0.93 0.46 1.92 0.00
0.60 0.97 0.47 1.96 0.00
0.60 1.01 0.47 2.00 0.00
0.59 1.05 0.48 2.05 0.00
0.59 1.09 0.47 2.09 0.00
0.58 1.13 0.47 2.12 0.00
0.58 1.17 0.46 2.16 0.00
0.57 1.21 0.46 2.21 0.00
0.57 1.25 0.46 2.25 0.00
0.56 1.29 0.46 2.29 0.00
0.56 1.33 0.46 2.33 0.00
0.56 1.37 0.43 2.36 0.00
0.55 1.41 0.45 2.41 0.00
0.55 1.45 0.44 2.45 0.00
0.54 1.49 0.45 2.49 0.00
0.54 1.53 0.45 2.53 0.00
0.53 1.57 0.44 2.57 0.00
0.53 1.61 0.46 2.61 0.00
0.53 1.65 0.46 2.65 0.00
0.54 1.68 0.48 2.68 0.00
0.55 1.71 0.50 2.71 0.00
0.55 1.76 0.50 2.75 0.00
0.55 1.82 0.41 2.81 0.00
0.55 1.84 0.50 2.84 0.00
0.54 1.87 0.51 2.87 0.00
0.54 1.92 0.49 2.92 0.00
0.53 1.96 0.50 2.95 0.00
0.53 1.99 0.52 2.99 0.00
0.52 2.02 0.64 3.02 0.00
0.51 2.08 0.51 3.08 0.00
0.51 2.12 0.53 3.12 0.00
0.51 2.16 0.56 3.16 0.00
0.51 2.20 0.57 3.20 0.00
0.50 2.24 0.60 3.24 0.00
0.51 2.28 0.62 3.27 0.00
0.51 2.31 0.64 3.31 0.00
0.52 2.35 0.54 3.35 0.00
0.52 2.40 0.52 3.40 0.00
0.53 2.43 0.50 3.43 0.00
0.53 2.47 0.48 3.47 0.00
0.54 2.51 0.44 3.51 0.00
0.54 2.55 0.41 3.55 0.00
0.53 2.59 0.41 3.58 0.00
0.53 2.63 0.40 3.62 0.00
0.52 2.67 0.39 3.66 0.00
0.52 2.71 0.38 3.70 0.00
0.51 2.75 0.38 3.74 0.00
0.51 2.79 0.35 3.77 0.00
0.51 2.82 0.35 3.81 0.00
0.50 2.86 0.35 3.85 0.00
0.50 2.90 0.33 3.88 0.00
0.49 2.93 0.31 3.91 0.00
0.49 2.97 0.26 3.94 0.00
0.49 3.02 0.19 3.98 0.00
0.48 3.05 0.19 4.01 0.00
0.49 3.08 0.21 4.04 0.00
0.46 3.12 0.20 4.09 0.00
0.45 3.17 0.18 4.13 0.00
0.45 3.21 0.12 4.16 0.00
0.44 3.25 0.08 4.18 0.00
0.44 3.28 0.14 4.23 0.00
0.44 3.33 0.09 4.27 0.00
0.43 3.36 0.07 4.30 0.00
0.40 3.41 -0.15 4.25 0.00
0.37 3.46 -0.14 4.32 0.00
0.35 3.48 -0.14 4.35 0.00
0.34 3.51 -0.21 4.35 0.00
0.31 3.55 -0.26 4.37 0.00
0.29 3.59 -0.38 4.34 0.00
0.26 3.64 -0.48 4.31 0.00
0.22 3.70 -0.67 4.16 0.00
0.21 3.70 -0.58 4.31 0.00
0.22 3.80 -0.45 4.55 0.00
0.16 3.80 -0.74 4.25 0.00
0.16 3.81 -0.64 4.41 0.00
0.10 3.81 -0.79 4.27 0.00
0.07 3.82 -0.82 4.29 0.00
0.03 3.84 -0.86 4.29 0.00
-0.00 3.86 -0.92 4.26 0.00
-0.04 3.88 -0.97 4.23 0.00
-0.07 3.90 -1.02 4.21 0.00
-0.11 3.92 -1.07 4.17 0.00
-0.14 3.93 -1.12 4.14 0.00
-0.18 3.95 -1.16 4.10 0.00
-0.22 3.96 -1.22 3.97 0.00
-0.26 3.97 -1.26 3.91 0.00
-0.30 3.98 -1.29 3.85 0.00
-0.34 3.98 -1.32 3.79 0.00
-0.38 3.99 -1.35 3.74 0.00
-0.42 3.99 -1.38 3.71 0.00
-0.46 3.98 -1.42 3.69 0.00
-0.50 3.96 -1.46 3.67 0.00
-0.54 3.95 -1.48 3.61 0.00
-0.58 3.94 -1.48 3.52 0.00
-0.62 3.93 -1.47 3.42 0.00
-0.65 3.92 -1.45 3.32 0.00
-0.69 3.91 -1.42 3.22 0.00
-0.73 3.90 -1.38 3.13 0.00
-0.77 3.88 -1.34 3.06 0.00
-0.80 3.86 -1.32 3.01 0.00
-0.83 3.83 -1.20 2.90 0.00
-0.85 3.79 -1.19 2.85 0.00
-0.88 3.76 -1.05 2.77 0.00
-0.91 3.72 -1.02 2.73 0.00
-0.92 3.69 -0.99 2.69 0.00
-0.93 3.64 -0.99 2.65 0.00
-0.93 3.60 -1.00 2.61 0.00
-0.93 3.56 -1.06 2.57 0.00
-0.94 3.52 -1.03 2.52 0.00
-0.94 3.48 -1.04 2.48 0.00
-0.94 3.44 -1.05 2.44 0.00
-0.94 3.39 -1.05 2.40 0.00
-0.95 3.35 -1.04 2.36 0.00
-0.95 3.31 -1.04 2.32 0.00
-0.96 3.27 -1.05 2.28 0.00
-0.96 3.23 -1.02 2.24 0.00
-0.96 3.19 -1.02 2.20 0.00
-0.96 3.16 -0.98 2.16 0.00
-0.97 3.11 -1.01 2.12 0.00
-0.97 3.08 -1.01 2.08 0.00
-0.97 3.04 -1.00 2.04 0.00
-0.97 2.99 -1.00 1.99 0.00
-0.98 2.95 -1.00 1.95 0.00
-0.98 2.91 -0.97 1.91 0.00
-0.98 2.87 -0.96 1.87 0.00
-0.98 2.83 -0.93 1.83 0.00
-0.98 2.79 -0.90 1.79 0.00
-0.98 2.75 -0.85 1.76 0.00
-0.98 2.71 -0.80 1.72 0.00
-0.98 2.67 -0.73 1.70 0.00
-0.98 2.63 -0.66 1.68 0.00
-0.97 2.59 -0.57 1.67 0.00
-0.95 2.54 -0.54 1.63 0.00
-0.93 2.49 -0.52 1.58 0.00
-0.91 2.44 -0.49 1.53 0.00
-0.89 2.39 -0.45 1.50 0.00
-0.87 2.35 -0.38 1.47 0.00
-0.86 2.30 -0.27 1.49 0.00
-0.83 2.23 -0.14 1.50 0.00
-0.82 2.16 -0.02 1.55 0.00
-0.79 2.15 -0.08 1.45 0.00
-0.76 2.12 -0.06 1.40 0.00
-0.71 2.06 0.08 1.45 0.00
-0.69 2.03 0.10 1.41 0.00
-0.66 2.02 0.10 1.37 0.00
-0.65 1.99 0.13 1.36 0.00
-0.60 1.94 0.29 1.49 0.00
-0.57 1.94 0.28 1.41 0.00
-0.58 1.94 -0.39 0.96 1.00
-0.61 1.92 -1.03 1.01 1.00
-0.65 1.85 -0.91 0.88 0.00
-0.65 1.82 -0.93 0.86 0.00
-0.66 1.81 -0.91 0.84 0.00
-0.68 1.77 -0.82 0.78 0.00
-0.69 1.73 -0.75 0.73 0.00
-0.71 1.69 -0.66 0.70 0.00
-0.73 1.66 -0.59 0.67 0.00
-0.74 1.63 -0.51 0.65 0.00
-0.73 1.59 -0.54 0.61 0.00
-0.73 1.54 -0.49 0.57 0.00
-0.72 1.52 -0.53 0.54 0.00
-0.70 1.46 -0.47 0.49 0.00
-0.70 1.44 -0.38 0.50 0.00
-0.68 1.39 -0.28 0.48 0.00
-0.68 1.32 -0.21 0.44 0.00
-0.67 1.30 -0.08 0.49 0.00
-0.64 1.26 -0.60 0.26 1.00
-0.58 1.23 -0.96 0.31 1.00
-0.66 1.22 -1.65 1.31 1.00
-0.70 1.22 -1.69 1.34 0.00
-0.73 1.22 -1.72 1.37 0.00
-0.77 1.22 -1.75 1.44 0.00
-0.81 1.22 -1.78 1.47 0.00
-0.85 1.22 -1.80 1.54 0.00
-0.88 1.21 -1.80 1.60 0.00
-0.93 1.19 -1.77 1.73 0.00
-0.97 1.23 -1.85 1.70 0.00
-1.04 1.25 -1.87 1.80 0.00
-1.03 1.28 -1.96 1.66 0.00
-1.07 1.31 -1.91 1.85 0.00
-1.10 1.32 -1.88 1.94 0.00
-1.13 1.34 -1.84 2.04 0.00
-1.16 1.36 -1.83 2.10 0.00
-1.19 1.37 -1.75 2.20 0.00
-1.23 1.40 -1.68 2.29 0.00
-1.24 1.43 -1.65 2.35 0.00
-1.25 1.48 -1.53 2.44 0.00
-1.27 1.52 -1.42 2.51 0.00
-1.30 1.56 -1.44 2.55 0.00
-1.32 1.62 -1.27 2.62 0.00
-1.34 1.62 -1.25 2.62 0.00
-1.36 1.66 -1.16 2.64 0.00
-1.38 1.70 -1.07 2.65 0.00
-1.38 1.73 -1.00 2.66 0.00
-1.36 1.77 -1.03 2.71 0.00
-1.35 1.80 -1.02 2.75 0.00
-1.33 1.84 -0.94 2.76 0.00
-1.32 1.87 -0.86 2.76 0.00
-1.31 1.91 -0.79 2.77 0.00
-1.29 1.95 -0.71 2.76 0.00
-1.28 1.98 -0.64 2.75 0.00
-1.25 2.02 -0.61 2.78 0.00
-1.22 2.06 -0.52 2.77 0.00
-1.18 2.10 -0.43 2.76 0.00
-1.15 2.14 -0.34 2.73 0.00
-1.12 2.18 -0.26 2.69 0.00
-1.09 2.22 -0.18 2.64 0.00
-1.05 2.26 -0.10 2.57 0.00
-1.02 2.29 -0.04 2.52 0.00
-0.98 2.31 0.00 2.52 0.00
-0.94 2.31 0.04 2.53 0.00
-0.90 2.32 0.08 2.54 0.00
-0.87 2.34 0.11 2.52 0.00
-0.82 2.34 0.17 2.52 0.00
-0.78 2.38 0.22 2.36 0.00
-0.74 2.35 0.25 2.49 0.00
-0.72 2.36 0.24 2.65 0.00
-0.73 2.36 0.16 1.90 1.00
-0.73 2.36 -0.44 1.40 1.00
-0.72 2.37 -1.22 1.50 1.00
-0.74 2.33 -1.17 1.43 0.00
-0.77 2.29 -1.06 1.33 0.00
-0.78 2.27 -1.14 1.34 0.00
-0.81 2.20 -0.90 1.21 0.00
-0.83 2.19 -0.92 1.19 0.00
-0.85 2.14 -0.85 1.14 0.00
-0.87 2.11 -0.82 1.11 0.00
-0.87 2.05 -0.76 1.05 0.00
-0.86 2.04 -0.83 1.04 0.00
-0.86 2.00 -0.84 1.00 0.00
-0.86 1.96 -0.82 0.96 0.00
-0.86 1.92 -0.78 0.93 0.00
-0.86 1.88 -0.74 0.89 0.00
-0.86 1.85 -0.69 0.86 0.00
-0.86 1.81 -0.64 0.83 0.00
-0.86 1.77 -0.59 0.80 0.00
-0.86 1.77 -1.34 0.89 1.00
-0.86 1.77 -1.82 1.49 1.00
-0.89 1.76 -1.84 1.43 0.00
-0.93 1.75 -1.87 1.40 0.00
-0.97 1.74 -1.89 1.35 0.00
-1.01 1.73 -1.92 1.31 0.00
-1.05 1.71 -1.94 1.27 0.00
-1.09 1.70 -1.97 1.23 0.00
-1.12 1.69 -2.00 1.21 0.00
-1.14 1.67 -2.04 1.23 0.00
-1.17 1.65 -2.07 1.22 0.00
-1.19 1.65 -2.08 1.20 0.00
-1.20 1.65 -2.14 1.28 0.00
-1.26 1.61 -2.12 1.10 0.00
-1.26 1.61 -2.20 1.27 0.00
-1.30 1.58 -2.19 1.12 0.00
-1.34 1.58 -2.22 1.11 0.00
-1.36 1.55 -2.23 1.06 0.00
-1.39 1.52 -2.28 1.07 0.00
-1.43 1.51 -2.31 1.04 0.00
-1.46 1.50 -2.32 0.99 0.00
-1.51 1.49 -2.39 1.00 0.00
-1.55 1.45 -2.42 0.96 0.00
