4.50 5.90 3.50 5.91 0.00
4.46 5.90 3.46 5.90 0.00
4.42 5.90 3.42 5.91 0.00
4.38 5.90 3.38 5.91 0.00
4.34 5.90 3.34 5.88 0.00
4.30 5.90 3.30 5.84 0.00
4.26 5.90 3.27 5.77 0.00
4.26 5.91 3.27 5.76 0.00
4.18 5.90 3.22 5.63 0.00
4.14 5.90 3.19 5.58 0.00
4.10 5.90 3.18 5.50 0.00
4.06 5.89 3.18 5.42 0.00
4.02 5.88 3.15 5.38 0.00
3.98 5.86 3.13 5.34 0.00
3.94 5.84 3.11 5.29 0.00
3.90 5.82 3.08 5.25 0.00
3.86 5.80 3.05 5.21 0.00
3.81 5.78 3.02 5.17 0.00
3.77 5.75 2.98 5.14 0.00
3.73 5.72 2.95 5.10 0.00
3.69 5.70 2.91 5.08 0.00
3.66 5.67 2.86 5.07 0.00
3.63 5.64 2.83 5.05 0.00
3.59 5.61 2.78 5.02 0.00
3.56 5.59 2.77 4.97 0.00
3.52 5.56 2.71 4.97 0.00
3.49 5.53 2.68 4.95 0.00
3.45 5.51 2.65 4.91 0.00
3.42 5.48 2.61 4.89 0.00
3.40 5.46 2.63 4.82 0.00
3.35 5.43 2.55 4.83 0.00
3.32 5.41 2.53 4.80 0.00
3.29 5.38 2.49 4.78 0.00
3.24 5.35 2.47 4.72 0.00
3.20 5.33 2.42 4.70 0.00
3.16 5.30 2.40 4.65 0.00
3.12 5.27 2.36 4.62 0.00
3.09 5.24 2.34 4.58 0.00
3.05 5.21 2.33 4.51 0.00
3.02 5.18 2.29 4.50 0.00
2.98 5.15 2.28 4.44 0.00
2.96 5.13 2.27 4.42 0.00
2.92 5.09 2.18 4.42 0.00
2.89 5.06 2.16 4.37 0.00
2.85 5.03 2.17 4.30 0.00
2.82 5.00 2.10 4.31 0.00
2.79 4.98 2.07 4.28 0.00
2.76 4.95 2.04 4.25 0.00
2.73 4.91 2.01 4.23 0.00
2.69 4.88 1.98 4.18 0.00
2.65 4.85 1.96 4.12 0.00
2.61 4.82 1.94 4.07 0.00
2.57 4.78 1.92 4.02 0.00
2.54 4.75 1.92 3.96 0.00
2.51 4.71 1.86 3.95 0.00
2.48 4.67 1.82 3.92 0.00
2.45 4.64 1.80 3.88 0.00
2.42 4.61 1.75 3.87 0.00
2.39 4.57 1.75 3.81 0.00
2.36 4.54 1.73 3.77 0.00
2.33 4.51 1.71 3.73 0.00
2.30 4.47 1.68 3.69 0.00
2.27 4.44 1.67 3.64 0.00
2.25 4.41 1.63 3.62 0.00
2.22 4.37 1.61 3.58 0.00
2.18 4.34 1.64 3.50 0.00
2.14 4.30 1.67 3.42 0.00
2.11 4.28 1.67 3.38 0.00
2.10 4.24 1.65 3.35 0.00
2.08 4.21 1.64 3.31 0.00
2.06 4.17 1.60 3.28 0.00
2.04 4.14 1.56 3.26 0.00
2.03 4.10 1.50 3.25 0.00
2.01 4.06 1.46 3.23 0.00
1.99 4.02 1.41 3.21 0.00
1.97 3.99 1.37 3.19 0.00
1.95 3.95 1.30 3.19 0.00
1.93 3.91 1.28 3.16 0.00
1.90 3.88 1.25 3.13 0.00
1.88 3.85 1.23 3.09 0.00
1.85 3.82 1.20 3.06 0.00
1.82 3.78 1.20 3.00 0.00
1.78 3.74 1.19 2.93 0.00
1.75 3.71 1.17 2.89 0.00
1.72 3.67 1.16 2.84 0.00
1.68 3.64 1.19 2.76 0.00
1.66 3.60 1.16 2.73 0.00
1.63 3.57 1.18 2.68 0.00
1.62 3.53 1.18 2.63 0.00
1.59 3.48 1.14 2.59 0.00
1.57 3.45 1.15 2.55 0.00
1.55 3.41 1.16 2.49 0.00
1.52 3.37 1.11 2.46 0.00
1.51 3.34 1.10 2.42 0.00
1.49 3.30 1.07 2.39 0.00
1.48 3.26 1.05 2.36 0.00
1.46 3.23 1.02 2.33 0.00
1.44 3.19 0.97 2.31 0.00
1.42 3.15 0.97 2.26 0.00
1.41 3.12 0.97 2.22 0.00
1.39 3.08 0.96 2.17 0.00
1.37 3.04 0.94 2.14 0.00
1.35 3.00 0.89 2.11 0.00
1.33 2.96 0.85 2.09 0.00
1.31 2.93 0.80 2.07 0.00
1.29 2.89 0.79 2.03 0.00
1.27 2.85 0.74 2.00 0.00
1.26 2.81 0.69 1.99 0.00
1.24 2.77 0.67 1.95 0.00
1.21 2.74 0.65 1.91 0.00
1.19 2.70 0.62 1.88 0.00
1.16 2.66 0.61 1.83 0.00
1.13 2.62 0.59 1.78 0.00
1.10 2.60 0.63 1.71 0.00
1.06 2.57 0.66 1.65 0.00
1.05 2.53 0.63 1.62 0.00
1.03 2.49 0.62 1.58 0.00
1.01 2.45 0.61 1.53 0.00
0.99 2.41 0.60 1.49 0.00
0.98 2.37 0.58 1.46 0.00
0.96 2.34 0.56 1.42 0.00
0.94 2.30 0.54 1.38 0.00
0.92 2.26 0.52 1.34 0.00
0.91 2.22 0.51 1.30 0.00
0.89 2.18 0.49 1.27 0.00
0.87 2.14 0.47 1.23 0.00
0.86 2.10 0.46 1.18 0.00
0.84 2.07 0.48 1.13 0.00
0.82 2.03 0.50 1.08 0.00
0.79 2.00 0.55 1.03 0.00
0.77 1.96 0.56 0.98 0.00
0.77 1.92 0.55 0.94 0.00
0.76 1.88 0.55 0.90 0.00
0.75 1.84 0.54 0.86 0.00
0.74 1.80 0.54 0.82 0.00
0.73 1.76 0.50 0.79 0.00
0.72 1.72 0.54 0.74 0.00
0.71 1.68 0.54 0.70 0.00
0.71 1.65 0.53 0.66 0.00
0.70 1.60 0.54 0.61 0.00
0.69 1.56 0.53 0.58 0.00
0.68 1.52 0.52 0.54 0.00
0.68 1.48 0.52 0.50 0.00
0.67 1.44 0.51 0.46 0.00
0.66 1.40 0.51 0.42 0.00
0.65 1.36 0.51 0.38 0.00
0.65 1.33 0.50 0.34 0.00
0.64 1.29 0.49 0.30 0.00
0.64 1.25 0.49 0.26 0.00
0.63 1.21 0.48 0.22 0.00
0.63 1.17 0.47 0.18 0.00
0.62 1.13 0.47 0.14 0.00
0.61 1.09 0.46 0.10 0.00
0.61 1.05 0.46 0.06 0.00
0.60 1.01 0.45 0.02 0.00
0.60 0.97 0.45 -0.02 0.00
0.59 0.95 0.47 -0.05 0.00
0.59 0.89 0.42 -0.10 0.00
0.58 0.85 0.43 -0.14 0.00
0.57 0.81 0.43 -0.18 0.00
0.57 0.77 0.42 -0.21 0.00
0.56 0.74 0.41 -0.25 0.00
0.55 0.69 0.40 -0.30 0.00
0.55 0.66 0.40 -0.33 0.00
0.54 0.62 0.40 -0.37 0.00
0.54 0.58 0.41 -0.41 0.00
0.53 0.54 0.39 -0.45 0.00
0.53 0.50 0.39 -0.49 0.00
0.52 0.46 0.38 -0.53 0.00
0.51 0.42 0.34 -0.56 0.00
0.51 0.38 0.37 -0.61 0.00
0.50 0.34 0.38 -0.65 0.00
0.50 0.30 0.35 -0.69 0.00
0.49 0.26 0.35 -0.73 0.00
0.49 0.22 0.34 -0.76 0.00
0.48 0.19 0.33 -0.80 0.00
0.52 0.17 0.20 -0.78 0.00
0.51 0.13 0.18 -0.81 0.00
0.49 0.09 0.18 -0.86 0.00
0.48 0.05 0.13 -0.88 0.00
0.47 0.02 0.12 -0.92 0.00
0.46 -0.02 0.10 -0.96 0.00
0.45 -0.07 0.07 -0.99 0.00
0.43 -0.10 0.06 -1.03 0.00
0.40 -0.13 0.01 -1.05 0.00
0.40 -0.18 0.06 -1.12 0.00
0.38 -0.21 0.06 -1.16 0.00
0.37 -0.25 0.09 -1.21 0.00
0.35 -0.29 0.11 -1.26 0.00
0.34 -0.32 0.15 -1.30 0.00
0.32 -0.37 0.16 -1.35 0.00
0.30 -0.40 0.19 -1.39 0.00
0.28 -0.41 0.18 -1.40 0.00
0.28 -0.41 -0.49 -1.04 1.00
0.28 -0.41 -0.71 -0.30 1.00
0.24 -0.40 -0.75 -0.30 0.00
0.21 -0.39 -0.79 -0.28 0.00
0.16 -0.39 -0.83 -0.28 0.00
0.13 -0.39 -0.87 -0.28 0.00
0.08 -0.38 -0.91 -0.29 0.00
0.05 -0.37 -0.95 -0.32 0.00
0.01 -0.37 -0.99 -0.29 0.00
-0.03 -0.37 -1.03 -0.31 0.00
-0.07 -0.37 -1.07 -0.45 0.00
-0.11 -0.36 -1.07 -0.62 0.00
-0.15 -0.36 -1.05 -0.78 0.00
-0.18 -0.34 -0.98 -0.95 0.00
-0.23 -0.35 -0.95 -1.05 0.00
-0.26 -0.35 -0.88 -1.14 0.00
-0.30 -0.35 -0.83 -1.19 0.00
-0.33 -0.38 -0.86 -1.23 0.00
-0.33 -0.38 -1.30 -0.60 1.00
-0.37 -0.39 -1.36 -0.56 0.00
-0.37 -0.39 -1.36 -0.24 0.00
-0.44 -0.39 -1.43 -0.48 0.00
-0.46 -0.39 -1.46 -0.29 0.00
-0.51 -0.39 -1.51 -0.42 0.00
-0.56 -0.41 -1.54 -0.56 0.00
-0.59 -0.41 -1.58 -0.54 0.00
-0.63 -0.41 -1.62 -0.57 0.00
-0.66 -0.41 -1.64 -0.64 0.00
-0.68 -0.40 -1.68 -0.48 0.00
-0.74 -0.41 -1.72 -0.64 0.00
-0.77 -0.43 -1.77 -0.48 0.00
-0.82 -0.45 -1.81 -0.58 0.00
-0.86 -0.45 -1.85 -0.63 0.00
-0.88 -0.46 -1.88 -0.53 0.00
-0.88 -0.43 -1.88 -0.36 0.00
-0.88 -0.40 -1.55 0.34 1.00
-0.88 -0.39 -0.84 0.60 1.00
-0.88 -0.35 -0.72 0.64 0.00
-0.88 -0.31 -0.62 0.66 0.00
-0.88 -0.26 -0.56 0.69 0.00
-0.87 -0.22 -0.47 0.69 0.00
-0.87 -0.17 -0.39 0.71 0.00
-0.87 -0.13 -0.32 0.70 0.00
-0.85 -0.10 -0.30 0.74 0.00
-0.83 -0.06 -0.27 0.76 0.00
-0.80 -0.03 -0.20 0.77 0.00
-0.79 -0.00 -0.12 0.74 0.00
-0.76 0.04 -0.02 0.70 0.00
-0.73 0.07 0.08 0.66 0.00
-0.71 0.11 0.15 0.60 0.00
-0.69 0.14 0.22 0.54 0.00
-0.67 0.17 0.29 0.47 0.00
-0.64 0.19 0.34 0.43 0.00
-0.60 0.21 0.38 0.40 0.00
-0.56 0.22 0.44 0.29 0.00
-0.52 0.22 0.48 0.14 0.00
-0.48 0.23 0.49 0.00 0.00
-0.44 0.24 0.49 -0.13 0.00
-0.40 0.25 0.47 -0.25 0.00
-0.36 0.26 0.46 -0.32 0.00
-0.32 0.27 0.41 -0.42 0.00
-0.29 0.23 0.45 -0.44 0.00
-0.25 0.20 0.47 -0.49 0.00
-0.22 0.17 0.51 -0.51 0.00
-0.18 0.14 0.53 -0.57 0.00
-0.15 0.11 0.54 -0.61 0.00
-0.11 0.07 0.57 -0.66 0.00
-0.08 0.04 0.57 -0.72 0.00
-0.05 0.01 0.58 -0.77 0.00
-0.02 -0.02 0.61 -0.79 0.00
0.01 -0.05 0.65 -0.82 0.00
0.03 -0.08 0.71 -0.82 0.00
0.06 -0.12 0.77 -0.82 0.00
0.08 -0.15 0.87 -0.77 0.00
0.11 -0.18 0.93 -0.75 0.00
0.14 -0.22 1.00 -0.72 0.00
0.16 -0.25 1.06 -0.68 0.00
0.19 -0.27 1.11 -0.65 0.00
0.22 -0.29 1.16 -0.65 0.00
0.26 -0.30 1.18 -0.67 0.00
0.29 -0.31 1.22 -0.70 0.00
0.32 -0.33 1.24 -0.74 0.00
0.36 -0.34 1.25 -0.79 0.00
0.39 -0.35 1.25 -0.87 0.00
0.42 -0.36 1.23 -0.95 0.00
0.44 -0.35 1.27 -0.92 0.00
0.49 -0.37 1.19 -1.08 0.00
0.52 -0.42 1.20 -1.15 0.00
0.55 -0.45 1.26 -1.15 0.00
0.58 -0.47 1.24 -1.23 0.00
0.61 -0.49 1.27 -1.25 0.00
0.64 -0.53 1.25 -1.32 0.00
0.68 -0.55 1.23 -1.38 0.00
0.70 -0.59 1.23 -1.44 0.00
0.72 -0.62 1.33 -1.42 0.00
0.75 -0.65 1.32 -1.47 0.00
0.77 -0.69 1.33 -1.52 0.00
0.78 -0.73 1.44 -1.49 0.00
0.80 -0.76 1.46 -1.52 0.00
0.83 -0.78 1.65 -1.35 0.00
0.86 -0.81 1.55 -1.54 0.00
0.95 -0.83 1.28 -1.77 0.00
0.97 -0.89 1.36 -1.81 0.00
0.98 -0.90 1.28 -1.85 0.00
0.99 -0.93 1.23 -1.90 0.00
1.01 -0.96 1.19 -1.95 0.00
1.04 -0.99 1.13 -1.99 0.00
1.04 -1.03 1.14 -2.03 0.00
1.05 -1.07 1.15 -2.07 0.00
1.05 -1.11 1.16 -2.11 0.00
1.05 -1.15 1.18 -2.14 0.00
1.06 -1.19 1.20 -2.18 0.00
1.06 -1.23 1.22 -2.22 0.00
1.07 -1.27 1.23 -2.25 0.00
1.07 -1.31 1.27 -2.29 0.00
1.07 -1.35 1.29 -2.32 0.00
1.08 -1.38 1.30 -2.36 0.00
1.09 -1.42 1.30 -2.40 0.00
1.10 -1.46 1.29 -2.44 0.00
1.11 -1.49 1.30 -2.47 0.00
1.11 -1.54 1.36 -2.51 0.00
1.12 -1.58 1.30 -2.56 0.00
1.13 -1.62 1.30 -2.60 0.00
1.14 -1.66 1.30 -2.64 0.00
1.15 -1.70 1.31 -2.68 0.00
1.16 -1.73 1.31 -2.72 0.00
1.16 -1.77 1.31 -2.76 0.00
1.17 -1.81 1.31 -2.80 0.00
1.18 -1.85 1.32 -2.84 0.00
1.18 -1.89 1.32 -2.88 0.00
1.19 -1.92 1.32 -2.91 0.00
1.19 -1.96 1.33 -2.95 0.00
1.20 -2.00 1.30 -2.99 0.00
1.20 -2.04 1.30 -3.03 0.00
1.21 -2.08 1.29 -3.07 0.00
1.21 -2.12 1.26 -3.11 0.00
1.21 -2.16 1.27 -3.16 0.00
1.22 -2.20 1.21 -3.20 0.00
1.22 -2.24 1.14 -3.23 0.00
1.22 -2.28 1.09 -3.27 0.00
1.23 -2.32 1.00 -3.29 0.00
1.23 -2.36 0.93 -3.31 0.00
1.23 -2.40 0.85 -3.33 0.00
1.23 -2.44 0.79 -3.34 0.00
1.22 -2.48 0.75 -3.36 0.00
1.20 -2.52 0.72 -3.39 0.00
1.18 -2.55 0.68 -3.42 0.00
1.16 -2.59 0.63 -3.44 0.00
1.14 -2.63 0.57 -3.45 0.00
1.14 -2.63 0.16 -2.80 1.00
1.10 -2.64 0.11 -2.78 0.00
1.06 -2.64 0.07 -2.76 0.00
1.03 -2.65 0.03 -2.72 0.00
0.99 -2.66 -0.01 -2.67 0.00
0.97 -2.67 -0.03 -2.57 0.00
0.95 -2.68 -0.05 -2.56 0.00
0.87 -2.67 -0.12 -2.54 0.00
0.82 -2.69 -0.16 -2.50 0.00
0.78 -2.69 -0.18 -2.42 0.00
0.75 -2.67 -0.19 -2.33 0.00
0.70 -2.66 -0.20 -2.22 0.00
0.66 -2.65 -0.19 -2.12 0.00
0.62 -2.64 -0.14 -2.00 0.00
0.59 -2.63 -0.10 -1.91 0.00
0.54 -2.59 -0.03 -1.78 0.00
0.51 -2.60 0.00 -1.74 0.00
0.50 -2.55 -0.07 -1.73 0.00
0.48 -2.51 -0.06 -1.67 0.00
0.45 -2.47 -0.13 -1.65 0.00
0.45 -2.37 0.13 -1.43 0.00
0.45 -2.37 -0.00 -1.47 0.00
0.37 -2.36 -0.28 -1.61 0.00
0.34 -2.33 -0.30 -1.56 0.00
0.32 -2.29 -0.32 -1.52 0.00
0.29 -2.27 -0.32 -1.47 0.00
0.26 -2.23 -0.35 -1.43 0.00
0.23 -2.20 -0.35 -1.39 0.00
0.20 -2.16 -0.41 -1.37 0.00
0.18 -2.14 -0.39 -1.31 0.00
0.15 -2.10 -0.41 -1.27 0.00
0.13 -2.07 -0.41 -1.23 0.00
0.11 -2.04 -0.43 -1.20 0.00
0.11 -2.04 0.32 -1.06 1.00
0.11 -2.04 0.95 -1.50 1.00
0.14 -2.01 0.99 -1.49 0.00
0.17 -1.99 1.03 -1.48 0.00
0.21 -1.97 1.06 -1.45 0.00
0.24 -1.95 1.09 -1.43 0.00
0.27 -1.93 1.13 -1.41 0.00
0.31 -1.91 1.16 -1.39 0.00
0.34 -1.90 1.19 -1.37 0.00
0.37 -1.87 1.22 -1.35 0.00
0.40 -1.86 1.25 -1.32 0.00
0.46 -1.86 1.20 -1.19 0.00
0.47 -1.82 1.30 -1.27 0.00
0.50 -1.82 1.29 -1.20 0.00
0.53 -1.78 1.37 -1.25 0.00
0.59 -1.78 1.28 -1.06 0.00
0.59 -1.74 1.43 -1.20 0.00
0.61 -1.71 1.50 -1.26 0.00
0.64 -1.68 1.58 -1.34 0.00
0.67 -1.65 1.62 -1.33 0.00
0.72 -1.64 1.68 -1.38 0.00
0.75 -1.63 1.71 -1.36 0.00
0.78 -1.62 1.74 -1.34 0.00
0.82 -1.58 1.77 -1.27 0.00
0.89 -1.68 1.82 -2.05 0.00
0.96 -1.61 1.96 -1.55 0.00
0.95 -1.57 1.91 -1.32 0.00
0.99 -1.57 1.94 -1.27 0.00
1.00 -1.56 1.97 -1.30 0.00
1.04 -1.55 2.00 -1.28 0.00
1.08 -1.54 2.04 -1.27 0.00
1.11 -1.53 2.07 -1.25 0.00
1.15 -1.52 2.11 -1.23 0.00
1.18 -1.51 2.14 -1.22 0.00
1.22 -1.50 2.19 -1.25 0.00
1.26 -1.49 2.23 -1.26 0.00
1.30 -1.48 2.27 -1.26 0.00
1.33 -1.46 2.32 -1.28 0.00
1.37 -1.45 2.35 -1.27 0.00
1.41 -1.45 2.39 -1.27 0.00
1.45 -1.44 2.44 -1.27 0.00
1.49 -1.43 2.47 -1.27 0.00
1.52 -1.42 2.51 -1.27 0.00
1.56 -1.42 2.55 -1.27 0.00
1.60 -1.41 2.59 -1.26 0.00
1.64 -1.41 2.63 -1.25 0.00
1.63 -1.40 2.63 -1.38 0.00
1.69 -1.44 2.68 -1.29 0.00
1.81 -1.43 2.59 -0.81 0.00
1.81 -1.43 2.75 -1.10 0.00
1.87 -1.43 2.76 -0.97 0.00
1.91 -1.42 2.80 -0.97 0.00
1.93 -1.39 2.91 -1.19 0.00
1.97 -1.38 2.95 -1.18 0.00
2.04 -1.40 3.01 -1.17 0.00
2.07 -1.37 3.07 -1.29 0.00
2.10 -1.34 3.10 -1.23 0.00
2.12 -1.34 3.12 -1.25 0.00
2.15 -1.33 3.15 -1.24 0.00
2.19 -1.32 3.18 -1.23 0.00
2.22 -1.32 3.22 -1.23 0.00
2.26 -1.32 3.25 -1.23 0.00
2.29 -1.32 3.29 -1.22 0.00
2.33 -1.31 3.32 -1.23 0.00
2.36 -1.31 3.36 -1.24 0.00
2.41 -1.31 3.41 -1.26 0.00
2.45 -1.30 3.45 -1.29 0.00
2.50 -1.30 3.50 -1.35 0.00
2.54 -1.30 3.53 -1.41 0.00
2.58 -1.30 3.56 -1.48 0.00
2.62 -1.29 3.59 -1.54 0.00
2.67 -1.29 3.61 -1.61 0.00
2.71 -1.30 3.63 -1.67 0.00
2.75 -1.29 3.65 -1.74 0.00
2.78 -1.31 3.70 -1.72 0.00
2.81 -1.33 3.73 -1.73 0.00
2.84 -1.35 3.76 -1.74 0.00
2.88 -1.36 3.78 -1.80 0.00
2.91 -1.38 3.79 -1.86 0.00
2.94 -1.39 3.78 -1.93 0.00
2.97 -1.40 3.79 -1.99 0.00
3.00 -1.42 3.77 -2.05 0.00
3.03 -1.44 3.80 -2.09 0.00
3.07 -1.47 3.73 -2.21 0.00
3.10 -1.49 3.65 -2.33 0.00
3.13 -1.52 3.56 -2.42 0.00
3.16 -1.55 3.46 -2.50 0.00
3.19 -1.57 3.36 -2.56 0.00
3.22 -1.60 3.27 -2.60 0.00
3.25 -1.63 3.19 -2.63 0.00
3.25 -1.67 3.19 -2.67 0.00
3.25 -1.71 3.19 -2.71 0.00
3.24 -1.76 3.19 -2.76 0.00
3.24 -1.80 3.17 -2.80 0.00
3.24 -1.84 3.15 -2.84 0.00
3.24 -1.88 3.10 -2.88 0.00
3.24 -1.89 3.06 -2.87 0.00
3.23 -1.95 3.04 -2.93 0.00
3.23 -1.97 2.90 -2.92 0.00
3.19 -2.03 2.81 -2.96 0.00
3.20 -2.06 2.80 -2.98 0.00
3.19 -2.12 2.70 -2.99 0.00
3.20 -2.13 2.56 -2.90 0.00
3.18 -2.21 2.45 -2.89 0.00
3.17 -2.25 2.35 -2.83 0.00
3.15 -2.28 2.30 -2.81 0.00
3.12 -2.29 2.26 -2.79 0.00
3.04 -2.30 2.24 -2.90 0.00
3.00 -2.34 2.20 -2.93 0.00
3.00 -2.36 2.13 -2.86 0.00
2.97 -2.39 2.03 -2.73 0.00
2.87 -2.49 1.89 -2.26 0.00
2.87 -2.44 1.87 -2.49 0.00
2.86 -2.50 1.86 -2.57 0.00
2.82 -2.51 1.82 -2.54 0.00
2.78 -2.50 1.78 -2.58 0.00
2.74 -2.51 1.74 -2.58 0.00
2.70 -2.51 1.70 -2.62 0.00
2.67 -2.53 1.67 -2.64 0.00
2.65 -2.56 1.68 -2.78 0.00
2.61 -2.56 1.61 -2.53 0.00
2.52 -2.53 1.52 -2.61 0.00
2.46 -2.56 1.46 -2.64 0.00
2.44 -2.55 1.44 -2.51 0.00
2.38 -2.55 1.44 -2.20 0.00
2.36 -2.55 1.39 -2.33 0.00
2.37 -2.55 1.37 -2.61 0.00
2.31 -2.57 1.33 -2.40 0.00
2.24 -2.59 1.33 -2.17 0.00
2.19 -2.57 1.42 -1.94 0.00
2.19 -2.57 2.10 -1.58 1.00
2.21 -2.61 2.68 -1.73 1.00
2.21 -2.62 3.16 -2.32 1.00
2.26 -2.62 3.12 -2.10 0.00
2.31 -2.62 3.10 -2.01 0.00
2.35 -2.61 3.05 -1.89 0.00
2.38 -2.60 3.08 -1.89 0.00
2.43 -2.58 3.04 -1.79 0.00
2.46 -2.55 2.95 -1.67 0.00
2.48 -2.52 3.14 -1.78 0.00
2.50 -2.47 2.91 -1.56 0.00
