4.90 0.30 4.03 -0.19 0.00
4.85 0.27 3.98 -0.21 0.00
4.81 0.25 3.92 -0.22 0.00
4.77 0.23 3.87 -0.22 0.00
4.72 0.19 3.81 -0.23 0.00
4.67 0.17 3.75 -0.22 0.00
4.62 0.14 3.69 -0.21 0.00
4.59 0.12 3.64 -0.18 0.00
4.53 0.11 3.59 -0.23 0.00
4.48 0.08 3.51 -0.18 0.00
4.45 0.06 3.47 -0.12 0.00
4.39 0.04 3.41 -0.17 0.00
4.35 0.03 3.37 -0.18 0.00
4.30 0.02 3.33 -0.19 0.00
4.26 0.02 3.29 -0.20 0.00
4.21 0.00 3.24 -0.23 0.00
4.17 -0.01 3.20 -0.26 0.00
4.12 -0.02 3.15 -0.25 0.00
4.08 -0.03 3.11 -0.26 0.00
4.04 -0.03 3.06 -0.26 0.00
3.99 -0.05 3.01 -0.26 0.00
3.94 -0.06 2.96 -0.25 0.00
3.90 -0.07 2.92 -0.26 0.00
3.87 -0.08 2.87 -0.19 0.00
3.81 -0.09 2.82 -0.23 0.00
3.77 -0.10 2.78 -0.24 0.00
3.72 -0.11 2.73 -0.21 0.00
3.67 -0.12 2.68 -0.22 0.00
3.63 -0.12 2.63 -0.21 0.00
3.59 -0.13 2.59 -0.21 0.00
3.55 -0.14 2.55 -0.21 0.00
3.50 -0.14 2.51 -0.22 0.00
3.46 -0.14 2.46 -0.22 0.00
3.42 -0.15 2.42 -0.20 0.00
3.39 -0.15 2.39 -0.18 0.00
3.33 -0.16 2.33 -0.18 0.00
3.29 -0.16 2.29 -0.19 0.00
3.24 -0.16 2.24 -0.19 0.00
3.20 -0.17 2.20 -0.18 0.00
3.16 -0.17 2.16 -0.18 0.00
3.11 -0.16 2.11 -0.18 0.00
3.07 -0.16 2.07 -0.15 0.00
3.03 -0.17 2.03 -0.17 0.00
2.98 -0.17 1.98 -0.17 0.00
2.94 -0.17 1.94 -0.15 0.00
2.90 -0.17 1.90 -0.13 0.00
2.85 -0.17 1.86 -0.09 0.00
2.83 -0.17 1.84 -0.04 0.00
2.82 -0.18 1.88 0.15 0.00
2.83 -0.17 2.38 0.72 1.00
2.83 -0.17 3.15 0.78 1.00
2.86 -0.13 3.06 0.85 0.00
2.89 -0.09 2.99 0.91 0.00
2.92 -0.05 2.91 0.95 0.00
2.92 -0.01 2.90 0.99 0.00
2.92 0.03 2.90 1.03 0.00
2.92 0.07 2.90 1.07 0.00
2.92 0.12 2.86 1.12 0.00
2.92 0.15 2.90 1.15 0.00
2.92 0.19 2.89 1.19 0.00
2.91 0.23 2.89 1.23 0.00
2.91 0.27 2.90 1.27 0.00
2.91 0.31 2.91 1.31 0.00
2.91 0.35 2.90 1.35 0.00
2.91 0.39 2.89 1.39 0.00
2.91 0.43 2.91 1.43 0.00
2.91 0.47 2.89 1.47 0.00
2.91 0.51 2.90 1.51 0.00
2.91 0.55 2.88 1.55 0.00
2.91 0.59 2.88 1.59 0.00
2.91 0.63 2.86 1.63 0.00
2.91 0.64 2.81 1.64 0.00
2.91 0.68 2.86 1.67 0.00
2.91 0.75 2.85 1.75 0.00
2.91 0.79 2.86 1.78 0.00
2.91 0.84 2.83 1.84 0.00
2.89 0.86 2.83 1.86 0.00
2.91 0.91 2.90 1.91 0.00
2.92 0.93 2.85 1.93 0.00
2.91 1.00 2.88 2.00 0.00
2.89 1.02 2.87 2.02 0.00
2.88 1.07 2.85 2.07 0.00
2.90 1.14 3.02 2.13 0.00
2.91 1.20 3.03 2.19 0.00
2.91 1.23 3.02 2.22 0.00
2.92 1.26 3.03 2.26 0.00
2.92 1.30 3.02 2.29 0.00
2.93 1.34 3.03 2.33 0.00
2.93 1.38 3.03 2.37 0.00
2.93 1.42 3.04 2.41 0.00
2.94 1.45 3.00 2.45 0.00
2.94 1.49 3.04 2.49 0.00
2.95 1.53 3.04 2.53 0.00
2.95 1.57 3.05 2.56 0.00
2.96 1.60 3.06 2.60 0.00
2.96 1.65 3.02 2.64 0.00
2.96 1.68 3.02 2.68 0.00
2.96 1.73 2.99 2.72 0.00
2.97 1.76 2.98 2.76 0.00
2.97 1.80 2.98 2.80 0.00
2.97 1.85 2.96 2.85 0.00
2.97 1.88 2.98 2.88 0.00
2.97 1.92 3.00 2.92 0.00
2.97 1.96 2.97 2.96 0.00
2.97 2.00 2.98 3.00 0.00
2.97 2.04 2.96 3.04 0.00
2.97 2.08 2.99 3.08 0.00
2.97 2.12 2.98 3.12 0.00
2.97 2.15 2.97 3.15 0.00
2.97 2.20 2.96 3.20 0.00
2.97 2.24 2.96 3.24 0.00
2.97 2.28 2.94 3.28 0.00
2.97 2.31 2.94 3.31 0.00
2.97 2.35 2.91 3.35 0.00
2.97 2.39 2.91 3.39 0.00
2.97 2.43 2.92 3.43 0.00
2.97 2.47 2.90 3.47 0.00
2.96 2.51 2.95 3.51 0.00
2.96 2.55 2.91 3.55 0.00
2.96 2.59 2.92 3.59 0.00
2.96 2.62 3.10 3.61 0.00
2.95 2.66 3.02 3.66 0.00
2.95 2.71 2.99 3.71 0.00
2.95 2.75 3.02 3.75 0.00
2.94 2.79 3.05 3.78 0.00
2.95 2.83 3.07 3.82 0.00
2.95 2.87 3.09 3.86 0.00
2.96 2.91 3.11 3.89 0.00
2.96 2.94 3.14 3.92 0.00
2.97 2.98 3.14 3.97 0.00
2.97 3.02 3.17 4.00 0.00
2.98 3.06 3.16 4.04 0.00
2.99 3.10 3.16 4.08 0.00
3.00 3.14 3.16 4.12 0.00
3.01 3.17 3.17 4.16 0.00
3.01 3.22 3.17 4.20 0.00
3.02 3.26 3.17 4.24 0.00
3.03 3.29 3.19 4.28 0.00
3.04 3.33 3.17 4.32 0.00
3.04 3.37 3.21 4.36 0.00
3.04 3.41 3.22 4.40 0.00
3.05 3.45 3.24 4.44 0.00
3.06 3.49 3.26 4.47 0.00
3.06 3.53 3.28 4.51 0.00
3.07 3.57 3.30 4.54 0.00
3.08 3.61 3.32 4.58 0.00
3.08 3.65 3.33 4.62 0.00
3.10 3.69 3.34 4.66 0.00
3.11 3.73 3.33 4.70 0.00
3.12 3.77 3.33 4.74 0.00
3.13 3.81 3.32 4.79 0.00
3.14 3.84 3.33 4.83 0.00
3.15 3.88 3.34 4.86 0.00
3.15 3.93 3.31 4.92 0.00
3.16 3.97 3.35 4.95 0.00
3.17 4.01 3.34 4.99 0.00
3.18 4.04 3.35 5.03 0.00
3.18 4.08 3.38 5.06 0.00
3.19 4.13 3.39 5.10 0.00
3.20 4.16 3.43 5.13 0.00
3.21 4.20 3.45 5.18 0.00
3.21 4.24 3.47 5.21 0.00
3.22 4.28 3.49 5.24 0.00
3.23 4.32 3.45 5.30 0.00
3.25 4.36 3.46 5.34 0.00
3.26 4.40 3.47 5.37 0.00
3.27 4.44 3.50 5.41 0.00
3.28 4.47 3.45 5.46 0.00
3.29 4.52 3.50 5.49 0.00
3.29 4.56 3.48 5.54 0.00
3.30 4.60 3.48 5.58 0.00
3.31 4.64 3.52 5.61 0.00
3.32 4.67 3.54 5.65 0.00
3.33 4.72 3.56 5.69 0.00
3.34 4.76 3.59 5.72 0.00
3.34 4.79 3.62 5.75 0.00
3.35 4.83 3.62 5.79 0.00
3.36 4.87 3.70 5.81 0.00
3.37 4.91 3.73 5.84 0.00
3.38 4.95 3.75 5.88 0.00
3.40 5.00 3.77 5.92 0.00
3.41 5.04 3.79 5.96 0.00
3.43 5.08 3.81 6.01 0.00
3.45 5.12 3.83 6.04 0.00
3.46 5.16 3.85 6.08 0.00
3.48 5.20 3.85 6.12 0.00
3.49 5.24 3.92 6.15 0.00
3.52 5.28 3.91 6.20 0.00
3.53 5.31 3.93 6.23 0.00
3.55 5.36 3.98 6.26 0.00
3.56 5.39 4.01 6.28 0.00
3.58 5.43 4.06 6.30 0.00
3.59 5.47 4.15 6.29 0.00
3.61 5.50 4.20 6.31 0.00
3.63 5.54 4.31 6.27 0.00
3.66 5.57 4.34 6.31 0.00
3.70 5.61 4.37 6.36 0.00
3.74 5.65 4.41 6.39 0.00
3.77 5.69 4.45 6.42 0.00
3.80 5.72 4.49 6.45 0.00
3.83 5.76 4.53 6.48 0.00
3.86 5.80 4.55 6.52 0.00
3.90 5.83 4.58 6.56 0.00
3.93 5.87 4.66 6.55 0.00
3.96 5.90 4.72 6.55 0.00
4.00 5.93 4.80 6.54 0.00
4.03 5.97 4.86 6.53 0.00
4.06 6.01 4.93 6.51 0.00
4.09 6.04 4.98 6.50 0.00
4.13 6.07 5.04 6.49 0.00
4.16 6.09 5.09 6.47 0.00
4.20 6.11 5.14 6.47 0.00
4.25 6.13 5.20 6.42 0.00
4.29 6.15 5.26 6.38 0.00
4.33 6.16 5.30 6.37 0.00
4.37 6.18 5.36 6.30 0.00
4.41 6.19 5.40 6.29 0.00
4.45 6.21 5.45 6.22 0.00
4.49 6.22 5.49 6.21 0.00
4.53 6.22 5.53 6.22 0.00
4.57 6.22 5.57 6.21 0.00
4.60 6.22 5.60 6.15 0.00
4.64 6.22 5.64 6.12 0.00
4.68 6.22 5.67 6.09 0.00
4.72 6.22 5.70 6.02 0.00
4.76 6.22 5.73 5.97 0.00
4.79 6.22 5.75 5.92 0.00
4.84 6.21 5.79 5.90 0.00
4.88 6.19 5.79 5.79 0.00
4.92 6.18 5.80 5.71 0.00
4.96 6.17 5.79 5.61 0.00
5.00 6.16 5.78 5.53 0.00
5.04 6.15 5.75 5.44 0.00
5.08 6.13 5.73 5.38 0.00
5.11 6.12 5.72 5.33 0.00
5.14 6.08 5.75 5.29 0.00
5.16 6.05 5.74 5.24 0.00
5.19 6.02 5.73 5.18 0.00
5.21 5.99 5.74 5.14 0.00
5.24 5.95 5.71 5.07 0.00
5.26 5.92 5.71 5.02 0.00
5.29 5.89 5.68 4.97 0.00
5.31 5.86 5.67 4.92 0.00
5.33 5.82 5.58 4.85 0.00
5.34 5.78 5.48 4.79 0.00
5.36 5.74 5.45 4.75 0.00
5.37 5.71 5.38 4.71 0.00
5.39 5.67 5.33 4.67 0.00
5.40 5.63 5.28 4.64 0.00
5.40 5.60 5.24 4.61 0.00
5.39 5.55 5.25 4.56 0.00
5.39 5.51 5.24 4.52 0.00
5.38 5.48 5.21 4.49 0.00
5.38 5.43 5.21 4.44 0.00
5.37 5.38 5.18 4.40 0.00
5.37 5.35 5.16 4.37 0.00
5.36 5.30 5.15 4.32 0.00
5.35 5.26 5.12 4.29 0.00
5.35 5.22 5.10 4.25 0.00
5.34 5.18 4.97 4.26 0.00
5.33 5.14 4.90 4.23 0.00
5.33 5.10 4.83 4.23 0.00
5.32 5.06 4.76 4.23 0.00
5.31 5.02 4.71 4.22 0.00
5.29 4.98 4.68 4.18 0.00
5.26 4.94 4.65 4.15 0.00
5.23 4.91 4.64 4.10 0.00
5.21 4.87 4.67 4.03 0.00
5.18 4.84 4.69 3.97 0.00
5.15 4.80 4.68 3.91 0.00
5.12 4.76 4.71 3.85 0.00
5.09 4.73 4.74 3.79 0.00
5.07 4.69 4.78 3.73 0.00
5.04 4.65 4.80 3.68 0.00
5.03 4.61 4.80 3.64 0.00
5.02 4.58 4.74 3.62 0.00
5.02 4.54 4.69 3.59 0.00
5.01 4.49 4.64 3.56 0.00
5.00 4.45 4.57 3.55 0.00
4.99 4.41 4.54 3.52 0.00
4.97 4.37 4.52 3.48 0.00
4.96 4.33 4.50 3.44 0.00
4.94 4.29 4.49 3.40 0.00
4.92 4.25 4.49 3.35 0.00
4.90 4.21 4.49 3.30 0.00
4.88 4.18 4.49 3.25 0.00
4.86 4.14 4.49 3.21 0.00
4.84 4.10 4.50 3.16 0.00
4.82 4.06 4.50 3.12 0.00
4.80 4.02 4.48 3.08 0.00
4.79 3.98 4.47 3.03 0.00
4.78 3.95 4.42 3.01 0.00
4.77 3.90 4.38 2.98 0.00
4.76 3.86 4.33 2.96 0.00
4.75 3.82 4.32 2.91 0.00
4.73 3.78 4.28 2.89 0.00
4.71 3.74 4.26 2.85 0.00
4.69 3.70 4.27 2.79 0.00
4.67 3.66 4.24 2.76 0.00
4.66 3.63 4.24 2.71 0.00
4.63 3.59 4.21 2.68 0.00
4.62 3.55 4.19 2.64 0.00
4.60 3.51 4.17 2.60 0.00
4.58 3.47 4.15 2.56 0.00
4.56 3.43 4.14 2.53 0.00
4.54 3.39 4.09 2.50 0.00
4.52 3.35 4.05 2.47 0.00
4.50 3.30 4.01 2.43 0.00
4.48 3.26 3.98 2.40 0.00
4.46 3.22 3.97 2.35 0.00
4.44 3.18 3.91 2.33 0.00
4.41 3.14 3.87 2.31 0.00
4.39 3.11 3.82 2.29 0.00
4.37 3.07 3.76 2.27 0.00
4.35 3.03 3.72 2.26 0.00
4.33 2.99 3.69 2.23 0.00
4.31 2.96 3.64 2.22 0.00
4.28 2.92 3.59 2.19 0.00
4.24 2.88 3.57 2.14 0.00
4.21 2.85 3.53 2.11 0.00
4.18 2.82 3.51 2.07 0.00
4.14 2.79 3.47 2.05 0.00
4.11 2.74 3.44 2.00 0.00
4.08 2.71 3.38 2.00 0.00
4.05 2.67 3.32 1.99 0.00
4.02 2.63 3.26 1.98 0.00
3.99 2.60 3.19 1.99 0.00
3.95 2.56 3.13 1.99 0.00
3.92 2.53 3.07 2.01 0.00
3.89 2.51 3.02 2.02 0.00
3.88 2.48 2.98 2.06 0.00
3.81 2.46 2.92 2.02 0.00
3.78 2.43 2.89 1.97 0.00
3.74 2.42 2.85 1.96 0.00
3.70 2.39 2.80 1.96 0.00
3.66 2.37 2.76 1.95 0.00
3.63 2.36 2.73 1.91 0.00
3.59 2.33 2.68 1.92 0.00
3.55 2.32 2.64 1.90 0.00
3.50 2.30 2.59 1.90 0.00
3.47 2.28 2.56 1.86 0.00
3.43 2.26 2.52 1.85 0.00
3.39 2.24 2.47 1.85 0.00
3.35 2.23 2.42 1.86 0.00
3.31 2.21 2.36 1.88 0.00
3.27 2.19 2.32 1.89 0.00
3.23 2.17 2.26 1.94 0.00
3.20 2.15 2.22 1.92 0.00
3.15 2.14 2.17 1.96 0.00
3.12 2.13 2.13 1.94 0.00
3.08 2.12 2.10 1.93 0.00
3.06 2.12 2.08 1.90 0.00
3.00 2.10 2.01 1.95 0.00
2.96 2.10 1.97 1.97 0.00
2.92 2.09 1.93 1.99 0.00
2.88 2.08 1.90 1.87 0.00
2.84 2.08 1.87 1.83 0.00
2.79 2.07 1.84 1.79 0.00
2.75 2.07 1.81 1.74 0.00
2.71 2.06 1.78 1.70 0.00
2.67 2.05 1.75 1.66 0.00
2.62 2.04 1.71 1.63 0.00
2.58 2.02 1.67 1.62 0.00
2.54 2.00 1.62 1.62 0.00
2.51 1.99 1.58 1.60 0.00
2.47 1.97 1.52 1.64 0.00
2.43 1.95 1.46 1.70 0.00
2.39 1.93 1.41 1.76 0.00
2.35 1.92 1.35 1.86 0.00
2.32 1.90 1.32 1.89 0.00
2.28 1.89 1.28 1.97 0.00
2.24 1.90 1.25 1.97 0.00
2.20 1.90 1.20 1.93 0.00
2.15 1.91 1.15 1.92 0.00
2.11 1.91 1.11 1.93 0.00
2.07 1.91 1.07 1.93 0.00
2.03 1.91 1.03 1.96 0.00
1.99 1.91 0.99 1.96 0.00
1.94 1.91 0.94 1.97 0.00
1.90 1.91 0.90 1.97 0.00
1.86 1.91 0.86 1.99 0.00
1.82 1.92 0.82 1.99 0.00
1.78 1.92 0.78 1.97 0.00
1.73 1.92 0.74 2.03 0.00
1.69 1.92 0.71 2.10 0.00
1.65 1.93 0.69 2.22 0.00
1.61 1.93 0.65 2.20 0.00
1.57 1.94 0.60 2.20 0.00
1.53 1.95 0.56 2.22 0.00
1.48 1.96 0.52 2.23 0.00
1.44 1.98 0.48 2.24 0.00
1.40 1.99 0.45 2.30 0.00
1.36 2.00 0.44 2.39 0.00
1.32 2.01 0.42 2.45 0.00
1.28 2.02 0.42 2.53 0.00
1.24 2.03 0.42 2.60 0.00
1.19 2.04 0.42 2.68 0.00
1.15 2.05 0.43 2.74 0.00
1.12 2.08 0.41 2.78 0.00
1.09 2.11 0.39 2.82 0.00
1.06 2.13 0.36 2.85 0.00
1.03 2.16 0.33 2.87 0.00
1.00 2.19 0.30 2.90 0.00
0.98 2.22 0.25 2.91 0.00
0.95 2.25 0.23 2.94 0.00
0.92 2.28 0.22 3.00 0.00
0.89 2.31 0.24 3.07 0.00
0.85 2.34 0.27 3.15 0.00
0.82 2.37 0.30 3.22 0.00
0.80 2.40 0.34 3.28 0.00
0.76 2.42 0.40 3.35 0.00
0.74 2.45 0.44 3.41 0.00
0.71 2.49 0.48 3.46 0.00
0.70 2.52 0.49 3.50 0.00
0.69 2.56 0.50 3.54 0.00
0.69 2.59 0.49 3.57 0.00
0.68 2.63 0.49 3.61 0.00
0.67 2.67 0.49 3.65 0.00
0.66 2.70 0.51 3.69 0.00
0.66 2.75 0.48 3.73 0.00
0.65 2.78 0.49 3.77 0.00
0.64 2.83 0.51 3.82 0.00
0.63 2.87 0.53 3.87 0.00
0.62 2.91 0.59 3.91 0.00
0.62 2.96 0.65 3.96 0.00
0.61 3.00 0.68 3.99 0.00
0.60 3.04 0.74 4.03 0.00
0.60 3.08 0.81 4.06 0.00
0.60 3.13 0.80 4.11 0.00
0.61 3.17 0.85 4.14 0.00
0.61 3.21 0.87 4.18 0.00
0.62 3.25 0.91 4.21 0.00
0.63 3.29 0.95 4.24 0.00
0.64 3.33 1.01 4.26 0.00
0.66 3.37 1.09 4.27 0.00
0.69 3.40 1.11 4.30 0.00
0.70 3.45 1.10 4.36 0.00
0.72 3.49 1.12 4.40 0.00
0.74 3.53 1.15 4.45 0.00
0.76 3.58 1.19 4.48 0.00
0.78 3.62 1.29 4.48 0.00
0.80 3.67 1.38 4.48 0.00
0.82 3.71 1.49 4.45 0.00
0.83 3.76 1.60 4.40 0.00
0.86 3.81 1.68 4.38 0.00
0.88 3.85 1.75 4.34 0.00
0.91 3.89 1.82 4.31 0.00
0.95 3.91 1.86 4.32 0.00
0.98 3.92 1.90 4.33 0.00
1.00 3.94 1.93 4.31 0.00
0.97 3.98 1.96 4.13 0.00
1.00 3.98 2.00 4.00 0.00
0.97 3.95 1.95 4.16 0.00
1.12 3.99 2.12 3.90 0.00
1.14 4.00 2.10 3.74 0.00
1.21 4.01 2.14 3.66 0.00
1.23 4.01 2.13 3.56 0.00
1.28 3.99 2.14 3.48 0.00
1.31 3.99 2.20 3.55 0.00
1.35 3.96 2.32 3.72 0.00
1.37 3.96 2.27 3.51 0.00
1.41 3.93 2.36 3.62 0.00
1.48 3.91 2.35 3.43 0.00
1.54 3.92 2.50 3.62 0.00
1.54 3.88 2.43 3.43 0.00
1.55 3.86 2.45 3.42 0.00
1.60 3.85 2.50 3.42 0.00
1.64 3.83 2.54 3.40 0.00
1.69 3.81 2.55 3.30 0.00
1.73 3.78 2.54 3.19 0.00
1.78 3.77 2.53 3.11 0.00
1.82 3.74 2.53 3.03 0.00
1.87 3.72 2.50 2.95 0.00
1.92 3.70 2.49 2.87 0.00
1.96 3.67 2.45 2.80 0.00
1.98 3.63 2.46 2.75 0.00
2.00 3.59 2.53 2.74 0.00
2.03 3.55 2.50 2.67 0.00
2.05 3.51 2.52 2.63 0.00
2.07 3.47 2.53 2.58 0.00
2.09 3.43 2.53 2.53 0.00
2.12 3.39 2.55 2.49 0.00
2.14 3.35 2.55 2.44 0.00
2.15 3.31 2.57 2.40 0.00
2.17 3.28 2.59 2.37 0.00
2.19 3.24 2.60 2.33 0.00
2.20 3.20 2.62 2.29 0.00
2.22 3.16 2.64 2.26 0.00
2.24 3.13 2.64 2.21 0.00
2.26 3.09 2.66 2.17 0.00
2.27 3.05 2.68 2.14 0.00
2.29 3.01 2.69 2.10 0.00
2.30 2.97 2.67 2.04 0.00
2.32 2.95 2.71 2.02 0.00
2.34 2.90 2.78 2.01 0.00
2.36 2.87 2.82 1.98 0.00
2.37 2.83 2.87 1.96 0.00
2.39 2.79 2.91 1.94 0.00
2.41 2.75 2.96 1.92 0.00
2.43 2.72 2.99 1.89 0.00
2.45 2.69 3.01 1.86 0.00
2.47 2.65 3.04 1.83 0.00
2.49 2.62 3.06 1.80 0.00
2.52 2.59 3.08 1.76 0.00
2.54 2.55 3.11 1.73 0.00
2.56 2.52 3.13 1.70 0.00
2.59 2.49 3.15 1.66 0.00
2.61 2.46 3.18 1.64 0.00
2.63 2.42 3.22 1.62 0.00
2.65 2.39 3.25 1.60 0.00
2.67 2.36 3.30 1.58 0.00
2.69 2.33 3.33 1.56 0.00
2.72 2.30 3.34 1.52 0.00
2.74 2.27 3.41 1.52 0.00
2.76 2.24 3.46 1.52 0.00
2.79 2.21 3.48 1.49 0.00
2.82 2.18 3.52 1.47 0.00
2.84 2.15 3.54 1.44 0.00
