2.80 -0.50 2.58 0.47 0.00
2.80 -0.50 3.31 0.36 1.00
2.84 -0.46 3.36 0.39 0.00
2.84 -0.43 3.43 0.38 0.00
2.87 -0.39 3.50 0.39 0.00
2.89 -0.35 3.58 0.37 0.00
2.91 -0.32 3.63 0.37 0.00
2.93 -0.28 3.70 0.36 0.00
2.95 -0.25 3.77 0.32 0.00
2.97 -0.23 3.81 0.32 0.00
3.00 -0.21 3.84 0.33 0.00
3.03 -0.19 3.88 0.34 0.00
3.06 -0.17 3.91 0.36 0.00
3.08 -0.15 3.91 0.41 0.00
3.11 -0.14 3.94 0.42 0.00
3.14 -0.11 3.98 0.43 0.00
3.16 -0.10 3.97 0.49 0.00
3.19 -0.08 3.99 0.52 0.00
3.24 -0.06 4.10 0.45 0.00
3.27 -0.03 4.17 0.40 0.00
3.30 -0.00 4.27 0.26 0.00
3.34 0.02 4.33 0.15 0.00
3.37 0.05 4.37 0.03 0.00
3.42 0.08 4.40 -0.10 0.00
3.45 0.10 4.40 -0.19 0.00
3.48 0.09 4.44 -0.22 0.00
3.53 0.08 4.47 -0.24 0.00
3.56 0.07 4.51 -0.25 0.00
3.60 0.05 4.55 -0.28 0.00
3.64 0.04 4.58 -0.29 0.00
3.69 0.03 4.61 -0.36 0.00
3.72 0.02 4.63 -0.39 0.00
3.76 0.00 4.67 -0.41 0.00
3.79 -0.01 4.69 -0.46 0.00
3.83 -0.03 4.65 -0.60 0.00
3.87 -0.05 4.58 -0.75 0.00
3.91 -0.07 4.47 -0.90 0.00
3.95 -0.09 4.36 -1.00 0.00
3.99 -0.10 4.24 -1.07 0.00
4.02 -0.13 4.12 -1.12 0.00
4.06 -0.14 4.05 -1.14 0.00
4.06 -0.19 4.04 -1.19 0.00
4.06 -0.24 4.03 -1.24 0.00
4.06 -0.29 4.03 -1.29 0.00
4.06 -0.34 4.03 -1.34 0.00
4.06 -0.39 4.00 -1.39 0.00
4.06 -0.44 3.99 -1.43 0.00
4.06 -0.48 3.97 -1.48 0.00
4.05 -0.53 3.95 -1.53 0.00
4.05 -0.58 3.93 -1.57 0.00
4.05 -0.62 3.78 -1.59 0.00
4.04 -0.66 3.65 -1.58 0.00
4.04 -0.71 3.54 -1.57 0.00
4.03 -0.74 3.44 -1.54 0.00
4.03 -0.78 3.36 -1.52 0.00
4.02 -0.82 3.29 -1.50 0.00
4.01 -0.86 3.23 -1.48 0.00
3.97 -0.90 3.19 -1.51 0.00
3.93 -0.93 3.13 -1.53 0.00
3.88 -0.97 3.09 -1.58 0.00
3.84 -1.00 3.05 -1.62 0.00
3.79 -1.04 3.00 -1.65 0.00
3.75 -1.07 2.96 -1.68 0.00
3.70 -1.11 2.91 -1.71 0.00
3.66 -1.14 2.86 -1.74 0.00
3.61 -1.18 2.81 -1.78 0.00
3.56 -1.21 2.76 -1.80 0.00
3.52 -1.25 2.70 -1.82 0.00
3.48 -1.28 2.66 -1.85 0.00
3.43 -1.31 2.60 -1.88 0.00
3.38 -1.35 2.55 -1.91 0.00
3.34 -1.38 2.52 -1.94 0.00
3.29 -1.41 2.45 -1.95 0.00
3.24 -1.45 2.39 -1.97 0.00
3.19 -1.48 2.34 -2.00 0.00
3.15 -1.51 2.29 -2.03 0.00
3.10 -1.54 2.23 -2.04 0.00
3.05 -1.57 2.18 -2.07 0.00
3.00 -1.60 2.13 -2.09 0.00
2.95 -1.63 2.07 -2.10 0.00
2.91 -1.65 2.01 -2.09 0.00
2.86 -1.68 1.93 -2.06 0.00
2.81 -1.70 1.89 -2.09 0.00
2.75 -1.71 1.84 -2.13 0.00
2.71 -1.74 1.78 -2.13 0.00
2.66 -1.75 1.74 -2.15 0.00
2.60 -1.78 1.68 -2.17 0.00
2.55 -1.79 1.64 -2.20 0.00
2.50 -1.81 1.61 -2.25 0.00
2.48 -1.83 1.51 -2.06 0.00
2.42 -1.84 1.43 -1.97 0.00
2.37 -1.90 1.43 -2.24 0.00
2.31 -1.92 1.37 -2.28 0.00
2.25 -1.94 1.34 -2.34 0.00
2.20 -1.99 1.34 -2.50 0.00
2.16 -1.99 1.42 -2.66 0.00
2.11 -1.99 1.18 -2.35 0.00
2.06 -2.01 1.08 -2.21 0.00
2.02 -2.03 1.03 -2.16 0.00
1.99 -2.02 1.00 -2.18 0.00
1.95 -2.04 0.95 -2.13 0.00
1.91 -2.05 0.91 -2.16 0.00
1.87 -2.05 0.87 -2.06 0.00
1.87 -2.06 0.91 -1.78 0.00
1.84 -2.07 1.06 -1.44 0.00
1.75 -2.07 0.76 -2.24 0.00
1.70 -2.07 0.72 -2.27 0.00
1.60 -2.08 0.66 -2.43 0.00
1.60 -2.08 0.67 -2.45 0.00
1.59 -2.09 0.68 -2.50 0.00
1.55 -2.09 0.65 -2.54 0.00
1.51 -2.11 0.61 -2.56 0.00
1.47 -2.13 0.57 -2.57 0.00
1.43 -2.15 0.54 -2.60 0.00
1.39 -2.17 0.49 -2.60 0.00
1.36 -2.19 0.44 -2.60 0.00
1.32 -2.21 0.39 -2.59 0.00
1.28 -2.23 0.34 -2.58 0.00
1.24 -2.25 0.30 -2.58 0.00
1.20 -2.27 0.26 -2.60 0.00
1.16 -2.28 0.23 -2.64 0.00
1.12 -2.30 0.19 -2.67 0.00
1.08 -2.31 0.16 -2.71 0.00
1.04 -2.33 0.13 -2.74 0.00
1.00 -2.34 0.10 -2.78 0.00
0.96 -2.35 0.07 -2.80 0.00
0.92 -2.37 0.03 -2.82 0.00
0.88 -2.39 -0.01 -2.84 0.00
0.85 -2.40 0.01 -2.95 0.00
0.83 -2.39 0.31 -3.24 0.00
0.83 -2.39 -0.14 -2.62 1.00
0.81 -2.38 -0.16 -2.61 0.00
0.76 -2.37 -0.22 -2.59 0.00
0.72 -2.37 -0.26 -2.54 0.00
0.66 -2.39 -0.32 -2.61 0.00
0.67 -2.38 -0.33 -2.34 0.00
0.58 -2.42 -0.36 -2.75 0.00
0.54 -2.41 -0.41 -2.71 0.00
0.53 -2.45 -0.45 -2.66 0.00
0.50 -2.46 -0.48 -2.65 0.00
0.45 -2.47 -0.43 -2.93 0.00
0.41 -2.49 -0.45 -2.99 0.00
0.38 -2.48 -0.33 -3.18 0.00
0.34 -2.48 -0.30 -3.24 0.00
0.31 -2.49 -0.25 -3.32 0.00
0.27 -2.51 -0.21 -3.39 0.00
0.26 -2.53 -0.27 -3.38 0.00
0.25 -2.54 -0.67 -2.92 1.00
0.26 -2.54 -0.66 -2.15 1.00
0.22 -2.54 -0.67 -2.08 0.00
0.18 -2.53 -0.71 -2.08 0.00
0.15 -2.50 -0.78 -2.13 0.00
0.10 -2.49 -0.84 -2.15 0.00
0.06 -2.48 -0.92 -2.67 0.00
0.09 -2.46 -0.84 -2.84 0.00
0.05 -2.47 -0.68 -3.15 0.00
0.00 -2.44 -0.87 -2.94 0.00
-0.06 -2.41 -1.04 -2.61 0.00
-0.13 -2.41 -1.03 -2.86 0.00
-0.14 -2.38 -0.99 -2.91 0.00
-0.21 -2.35 -1.11 -2.79 0.00
-0.26 -2.47 -1.02 -3.12 0.00
-0.28 -2.45 -1.24 -2.72 0.00
-0.29 -2.49 -1.08 -3.10 0.00
-0.32 -2.49 -1.12 -3.10 0.00
-0.32 -2.49 -1.31 -2.36 1.00
-0.32 -2.50 -0.91 -1.69 1.00
-0.34 -2.48 -0.93 -1.67 0.00
-0.38 -2.42 -0.85 -1.54 0.00
-0.39 -2.41 -0.99 -1.61 0.00
-0.40 -2.38 -1.03 -1.61 0.00
-0.42 -2.34 -1.01 -1.53 0.00
-0.46 -2.31 -1.14 -1.57 0.00
-0.46 -2.18 -0.76 -1.23 0.00
-0.48 -2.23 -1.35 -1.73 0.00
-0.51 -2.20 -1.41 -1.77 0.00
-0.54 -2.17 -1.48 -1.83 0.00
-0.56 -2.14 -1.53 -1.90 0.00
-0.58 -2.11 -1.57 -1.96 0.00
-0.62 -2.10 -1.61 -1.97 0.00
-0.66 -2.10 -1.65 -1.96 0.00
-0.70 -2.09 -1.69 -1.99 0.00
-0.74 -2.09 -1.74 -2.04 0.00
-0.78 -2.09 -1.78 -2.03 0.00
-0.82 -2.08 -1.82 -2.03 0.00
-0.86 -2.08 -1.86 -2.05 0.00
-0.90 -2.08 -1.89 -2.16 0.00
-0.93 -2.08 -1.91 -2.29 0.00
-0.97 -2.07 -1.91 -2.43 0.00
-1.01 -2.07 -1.89 -2.55 0.00
-1.05 -2.07 -1.87 -2.65 0.00
-1.09 -2.07 -1.83 -2.74 0.00
-1.12 -2.07 -1.80 -2.81 0.00
-1.15 -2.10 -1.82 -2.84 0.00
-1.17 -2.13 -1.84 -2.87 0.00
-1.20 -2.16 -1.86 -2.90 0.00
-1.23 -2.18 -1.85 -2.96 0.00
-1.25 -2.21 -1.81 -3.04 0.00
-1.28 -2.24 -1.77 -3.11 0.00
-1.28 -2.24 -2.24 -2.52 1.00
-1.28 -2.24 -2.16 -1.76 1.00
-1.31 -2.23 -2.16 -1.69 0.00
-1.35 -2.21 -2.18 -1.66 0.00
-1.38 -2.18 -2.26 -1.70 0.00
-1.41 -2.16 -2.34 -1.78 0.00
-1.44 -2.14 -2.41 -1.87 0.00
-1.47 -2.12 -2.46 -1.99 0.00
-1.50 -2.10 -2.50 -2.08 0.00
-1.54 -2.08 -2.53 -2.17 0.00
-1.56 -2.07 -2.55 -2.24 0.00
-1.59 -2.06 -2.57 -2.28 0.00
-1.62 -2.07 -2.56 -2.39 0.00
-1.64 -2.07 -2.56 -2.47 0.00
-1.67 -2.08 -2.56 -2.52 0.00
-1.71 -1.91 -1.77 -2.91 0.00
-1.75 -2.08 -2.55 -2.68 0.00
-1.77 -2.09 -2.52 -2.75 0.00
-1.79 -2.05 -2.79 -2.07 1.00
-1.79 -2.03 -2.49 -1.31 1.00
-1.79 -2.03 -1.77 -1.03 1.00
-1.80 -2.03 -1.05 -1.36 1.00
-1.76 -2.00 -0.95 -1.42 0.00
-1.72 -1.97 -0.87 -1.45 0.00
-1.69 -1.93 -0.77 -1.52 0.00
-1.65 -1.90 -0.69 -1.60 0.00
-1.61 -1.86 -0.63 -1.68 0.00
-1.57 -1.83 -0.57 -1.76 0.00
-1.53 -1.81 -0.53 -1.82 0.00
-1.49 -1.81 -0.49 -1.82 0.00
-1.45 -1.81 -0.45 -1.82 0.00
-1.41 -1.81 -0.41 -1.82 0.00
-1.37 -1.81 -0.37 -1.86 0.00
-1.33 -1.81 -0.33 -1.89 0.00
-1.28 -1.81 -0.29 -1.91 0.00
-1.24 -1.81 -0.25 -1.93 0.00
-1.20 -1.81 -0.21 -1.96 0.00
-1.16 -1.81 -0.18 -1.99 0.00
-1.12 -1.82 -0.15 -2.09 0.00
-1.08 -1.82 -0.15 -2.20 0.00
-1.03 -1.83 -0.16 -2.31 0.00
-0.99 -1.84 -0.17 -2.41 0.00
-0.95 -1.85 -0.20 -2.50 0.00
-0.91 -1.85 -0.22 -2.58 0.00
-0.87 -1.86 -0.24 -2.64 0.00
-0.84 -1.90 -0.22 -2.68 0.00
-0.81 -1.93 -0.19 -2.72 0.00
-0.78 -1.97 -0.16 -2.76 0.00
-0.75 -2.01 -0.14 -2.80 0.00
-0.72 -2.04 -0.13 -2.85 0.00
-0.70 -2.08 -0.12 -2.90 0.00
-0.67 -2.11 -0.12 -2.95 0.00
-0.64 -2.15 -0.12 -3.00 0.00
-0.61 -2.19 -0.12 -3.06 0.00
-0.61 -2.19 -0.88 -3.15 1.00
-0.61 -2.19 -1.48 -2.67 1.00
-0.61 -2.19 -1.57 -1.91 1.00
-0.65 -2.17 -1.61 -1.90 0.00
-0.69 -2.16 -1.64 -1.88 0.00
-0.72 -2.15 -1.69 -1.91 0.00
-0.76 -2.14 -1.75 -2.04 0.00
-0.80 -2.13 -1.79 -2.19 0.00
-0.83 -2.12 -1.81 -2.33 0.00
-0.87 -2.11 -1.80 -2.46 0.00
-0.91 -2.10 -1.78 -2.58 0.00
-0.94 -2.09 -1.76 -2.67 0.00
-0.98 -2.09 -1.76 -2.71 0.00
-1.01 -2.11 -1.80 -2.73 0.00
-1.04 -2.14 -1.83 -2.76 0.00
-1.07 -2.17 -1.84 -2.80 0.00
-1.10 -2.19 -1.81 -2.90 0.00
-1.14 -2.22 -1.77 -2.99 0.00
-1.17 -2.24 -1.72 -3.07 0.00
-1.17 -2.24 -2.15 -2.44 1.00
-1.17 -2.24 -2.00 -1.68 1.00
-1.20 -2.22 -2.01 -1.64 0.00
-1.23 -2.19 -2.05 -1.62 0.00
-1.26 -2.17 -2.14 -1.69 0.00
-1.29 -2.15 -2.22 -1.78 0.00
-1.32 -2.12 -2.30 -1.89 0.00
-1.35 -2.10 -2.35 -2.02 0.00
-1.38 -2.08 -2.38 -2.13 0.00
-1.42 -2.06 -2.40 -2.24 0.00
-1.44 -2.04 -2.41 -2.31 0.00
-1.48 -2.05 -2.44 -2.33 0.00
-1.51 -2.06 -2.47 -2.33 0.00
-1.54 -2.07 -2.49 -2.37 0.00
-1.57 -2.08 -2.50 -2.46 0.00
-1.60 -2.08 -2.45 -2.60 0.00
-1.64 -2.09 -2.40 -2.75 0.00
-1.68 -2.10 -2.37 -2.83 0.00
-1.61 -2.02 -2.61 -2.01 1.00
-1.61 -2.01 -2.29 -1.28 1.00
-1.61 -2.01 -1.57 -1.01 1.00
-1.61 -2.01 -0.88 -1.33 1.00
-1.57 -1.98 -0.82 -1.33 0.00
-1.53 -1.94 -0.77 -1.30 0.00
-1.49 -1.91 -0.69 -1.32 0.00
-1.45 -1.87 -0.60 -1.35 0.00
-1.41 -1.84 -0.52 -1.39 0.00
-1.37 -1.80 -0.44 -1.44 0.00
-1.33 -1.77 -0.37 -1.50 0.00
-1.29 -1.74 -0.31 -1.56 0.00
-1.23 -1.76 -0.32 -1.34 0.00
-1.18 -1.76 -0.18 -1.75 0.00
-1.17 -1.74 -0.17 -1.71 0.00
-1.14 -1.74 -0.14 -1.84 0.00
-1.03 -1.72 -0.07 -1.45 0.00
-1.02 -1.70 -0.02 -1.58 0.00
-0.99 -1.69 0.01 -1.66 0.00
-0.96 -1.68 0.04 -1.69 0.00
-0.96 -1.68 -0.26 -2.40 1.00
-0.92 -1.70 -0.31 -2.49 0.00
-0.89 -1.73 -0.35 -2.57 0.00
-0.86 -1.76 -0.38 -2.64 0.00
-0.83 -1.79 -0.43 -2.71 0.00
-0.80 -1.83 -0.43 -2.76 0.00
-0.78 -1.86 -0.49 -2.82 0.00
-0.76 -1.89 -0.52 -2.86 0.00
-0.74 -1.93 -0.53 -2.91 0.00
-0.73 -1.98 -0.54 -2.96 0.00
-0.72 -2.02 -0.55 -3.00 0.00
-0.71 -2.06 -0.56 -3.05 0.00
-0.70 -2.10 -0.56 -3.09 0.00
-0.70 -2.14 -0.57 -3.13 0.00
-0.69 -2.18 -0.57 -3.17 0.00
-0.68 -2.22 -0.58 -3.21 0.00
-0.68 -2.26 -0.68 -3.26 0.00
-0.68 -2.24 -1.36 -2.97 1.00
-0.67 -2.24 -1.66 -2.37 1.00
-0.68 -2.21 -1.41 -1.53 1.00
-0.71 -2.19 -1.42 -1.49 0.00
-0.74 -2.16 -1.45 -1.46 0.00
-0.76 -2.14 -1.47 -1.43 0.00
-0.79 -2.11 -1.51 -1.41 0.00
-0.82 -2.08 -1.56 -1.41 0.00
-0.85 -2.05 -1.66 -1.47 0.00
-0.87 -2.03 -1.76 -1.56 0.00
-0.90 -2.00 -1.84 -1.66 0.00
-0.92 -1.97 -1.90 -1.77 0.00
-0.95 -1.95 -1.95 -1.84 0.00
-0.98 -1.93 -1.98 -1.93 0.00
-1.01 -1.91 -2.01 -1.98 0.00
-1.05 -1.91 -2.04 -2.00 0.00
-1.09 -1.91 -2.08 -2.01 0.00
-1.13 -1.92 -2.12 -2.07 0.00
-1.17 -1.92 -2.14 -2.16 0.00
-1.21 -1.93 -2.18 -2.14 0.00
-1.24 -1.94 -2.18 -2.28 0.00
-1.29 -1.95 -2.14 -2.46 0.00
-1.32 -1.95 -2.07 -2.62 0.00
-1.36 -1.96 -1.98 -2.75 0.00
-1.40 -1.97 -1.85 -2.87 0.00
-1.44 -1.98 -1.75 -2.93 0.00
-1.48 -1.99 -1.66 -2.97 0.00
-1.49 -2.03 -1.67 -3.01 0.00
-1.49 -2.07 -1.68 -3.05 0.00
-1.50 -2.11 -1.70 -3.09 0.00
-1.51 -2.14 -1.67 -3.13 0.00
-1.50 -2.19 -1.77 -3.15 0.00
-1.47 -2.24 -1.88 -3.15 0.00
-1.49 -2.28 -1.56 -3.28 0.00
-1.53 -2.32 -1.55 -3.32 0.00
-1.52 -2.35 -2.30 -2.97 1.00
-1.53 -2.36 -2.52 -2.23 1.00
-1.52 -2.39 -2.10 -1.57 1.00
-1.52 -2.38 -2.08 -1.56 0.00
-1.58 -2.31 -2.15 -1.49 0.00
-1.58 -2.29 -2.12 -1.45 0.00
-1.61 -2.25 -2.28 -1.51 0.00
-1.62 -2.21 -2.38 -1.56 0.00
-1.65 -2.18 -2.48 -1.62 0.00
-1.65 -2.13 -2.55 -1.69 0.00
-1.66 -2.08 -2.44 -1.47 0.00
-1.58 -1.99 -1.82 -1.01 0.00
-1.88 -2.05 -2.53 -2.81 0.00
-1.75 -2.06 -2.74 -1.94 0.00
-1.79 -2.06 -2.78 -1.94 0.00
-1.82 -2.06 -2.82 -1.94 0.00
-1.85 -2.05 -2.85 -2.06 0.00
-1.88 -2.05 -2.88 -2.12 0.00
-1.92 -2.04 -2.90 -2.24 0.00
-1.92 -2.04 -2.75 -1.49 1.00
-1.92 -2.04 -2.12 -1.06 1.00
-1.92 -2.04 -1.36 -1.21 1.00
-1.89 -2.00 -1.28 -1.21 0.00
-1.86 -1.96 -1.21 -1.21 0.00
-1.83 -1.92 -1.13 -1.22 0.00
-1.81 -1.88 -1.04 -1.25 0.00
-1.78 -1.84 -0.96 -1.27 0.00
-1.75 -1.80 -0.87 -1.32 0.00
-1.71 -1.77 -0.80 -1.36 0.00
-1.68 -1.73 -0.73 -1.40 0.00
-1.64 -1.71 -0.68 -1.42 0.00
-1.60 -1.71 -0.64 -1.44 0.00
-1.50 -1.72 -0.72 -1.09 0.00
-1.50 -1.71 -0.57 -1.34 0.00
-1.47 -1.71 -0.49 -1.54 0.00
-1.45 -1.71 -0.46 -1.57 0.00
-1.39 -1.69 -0.40 -1.56 0.00
-1.33 -1.69 -0.36 -1.45 0.00
-1.33 -1.69 -0.47 -2.20 1.00
-1.30 -1.74 -0.48 -2.32 0.00
-1.26 -1.75 -0.40 -2.27 0.00
-1.22 -1.75 -0.45 -2.39 0.00
-1.19 -1.77 -0.46 -2.46 0.00
-1.15 -1.79 -0.46 -2.51 0.00
-1.11 -1.81 -0.47 -2.57 0.00
-1.08 -1.83 -0.47 -2.62 0.00
-1.05 -1.86 -0.44 -2.66 0.00
-1.02 -1.90 -0.41 -2.69 0.00
-1.00 -1.94 -0.37 -2.72 0.00
-0.97 -1.97 -0.35 -2.76 0.00
-0.94 -2.01 -0.32 -2.79 0.00
-0.92 -2.04 -0.29 -2.83 0.00
-0.89 -2.08 -0.27 -2.86 0.00
-0.86 -2.11 -0.25 -2.90 0.00
-0.83 -2.15 -0.22 -2.94 0.00
-0.83 -2.15 -0.96 -3.14 1.00
-0.83 -2.15 -1.62 -2.76 1.00
-0.83 -2.15 -1.82 -2.03 1.00
-0.87 -2.14 -1.86 -2.00 0.00
-0.91 -2.14 -1.90 -2.03 0.00
-0.95 -2.13 -1.95 -2.07 0.00
-0.99 -2.13 -1.99 -2.16 0.00
-1.03 -2.12 -2.02 -2.27 0.00
-1.06 -2.11 -2.03 -2.37 0.00
-1.10 -2.11 -2.04 -2.47 0.00
-1.14 -2.11 -2.03 -2.56 0.00
-1.17 -2.11 -2.03 -2.63 0.00
-1.21 -2.12 -2.03 -2.68 0.00
-1.24 -2.13 -2.06 -2.70 0.00
-1.27 -2.16 -2.08 -2.74 0.00
-1.30 -2.18 -2.10 -2.78 0.00
-1.33 -2.20 -2.09 -2.85 0.00
-1.36 -2.22 -2.06 -2.93 0.00
-1.39 -2.24 -2.02 -3.02 0.00
-1.39 -2.24 -2.38 -2.34 1.00
-1.39 -2.24 -2.17 -1.61 1.00
-1.42 -2.21 -2.14 -1.52 0.00
-1.45 -2.19 -2.21 -1.54 0.00
-1.47 -2.16 -2.32 -1.63 0.00
-1.50 -2.13 -2.42 -1.74 0.00
-1.52 -2.11 -2.50 -1.88 0.00
-1.55 -2.08 -2.55 -2.01 0.00
-1.58 -2.05 -2.58 -2.13 0.00
-1.61 -2.03 -2.60 -2.22 0.00
-1.64 -2.02 -2.61 -2.26 0.00
-1.67 -2.03 -2.63 -2.29 0.00
-1.70 -2.03 -2.66 -2.30 0.00
-1.73 -2.04 -2.67 -2.38 0.00
-1.76 -2.05 -2.67 -2.46 0.00
-1.80 -2.06 -2.67 -2.54 0.00
-1.83 -2.06 -2.66 -2.62 0.00
-1.86 -2.07 -2.65 -2.69 0.00
-1.87 -2.07 -2.86 -1.89 1.00
-1.87 -2.07 -2.44 -1.24 1.00
-1.87 -2.07 -1.69 -1.08 1.00
-1.87 -2.07 -1.05 -1.50 1.00
-1.84 -2.04 -1.00 -1.50 0.00
-1.80 -2.01 -0.92 -1.54 0.00
-1.76 -1.99 -0.83 -1.60 0.00
-1.72 -1.96 -0.76 -1.67 0.00
-1.68 -1.93 -0.69 -1.74 0.00
-1.64 -1.91 -0.64 -1.83 0.00
-1.60 -1.88 -0.60 -1.91 0.00
-1.55 -1.86 -0.56 -1.98 0.00
-1.51 -1.86 -0.52 -1.99 0.00
-1.47 -1.87 -0.48 -1.99 0.00
-1.43 -1.88 -0.44 -2.00 0.00
-1.39 -1.88 -0.40 -1.99 0.00
-1.35 -1.89 -0.35 -1.98 0.00
-1.31 -1.89 -0.31 -1.97 0.00
-1.26 -1.90 -0.27 -1.95 0.00
-1.22 -1.90 -0.22 -1.96 0.00
-1.18 -1.90 -0.18 -2.00 0.00
-1.14 -1.90 -0.16 -2.09 0.00
-1.10 -1.91 -0.14 -2.19 0.00
-1.06 -1.91 -0.14 -2.30 0.00
-1.02 -1.91 -0.14 -2.39 0.00
-0.98 -1.91 -0.15 -2.47 0.00
-0.94 -1.92 -0.16 -2.54 0.00
-0.90 -1.93 -0.15 -2.59 0.00
-0.86 -1.96 -0.12 -2.63 0.00
-0.83 -1.99 -0.09 -2.66 0.00
-0.80 -2.02 -0.06 -2.70 0.00
-0.76 -2.05 -0.03 -2.73 0.00
-0.73 -2.08 -0.00 -2.77 0.00
-0.69 -2.11 0.02 -2.81 0.00
-0.66 -2.14 0.04 -2.86 0.00
-0.63 -2.17 0.05 -2.91 0.00
-0.63 -2.18 -0.67 -3.17 1.00
-0.63 -2.17 -1.36 -2.86 1.00
-0.62 -2.17 -1.62 -2.14 1.00
-0.66 -2.17 -1.66 -2.10 0.00
-0.70 -2.17 -1.70 -2.09 0.00
-0.74 -2.17 -1.74 -2.10 0.00
-0.78 -2.17 -1.78 -2.12 0.00
-0.82 -2.16 -1.82 -2.20 0.00
-0.86 -2.16 -1.84 -2.32 0.00
-0.89 -2.16 -1.85 -2.44 0.00
-0.93 -2.15 -1.85 -2.55 0.00
-0.97 -2.15 -1.83 -2.65 0.00
-1.00 -2.15 -1.81 -2.74 0.00
-1.04 -2.15 -1.80 -2.80 0.00
-1.07 -2.17 -1.83 -2.82 0.00
-1.10 -2.20 -1.86 -2.84 0.00
-1.13 -2.22 -1.87 -2.89 0.00
-1.15 -2.24 -1.87 -2.94 0.00
-1.19 -2.27 -1.77 -3.08 0.00
-1.19 -2.26 -2.17 -2.47 1.00
-1.19 -2.26 -2.03 -1.72 1.00
-1.22 -2.24 -2.04 -1.67 0.00
-1.25 -2.22 -2.08 -1.66 0.00
-1.29 -2.20 -2.15 -1.70 0.00
-1.32 -2.17 -2.22 -1.75 0.00
-1.35 -2.15 -2.29 -1.83 0.00
-1.38 -2.13 -2.36 -1.91 0.00
-1.41 -2.11 -2.40 -2.00 0.00
-1.44 -2.09 -2.44 -2.07 0.00
-1.47 -2.08 -2.47 -2.13 0.00
-1.50 -2.07 -2.49 -2.15 0.00
-1.53 -2.08 -2.52 -2.15 0.00
-1.56 -2.08 -2.55 -2.19 0.00
-1.59 -2.08 -2.56 -2.29 0.00
