1.00 -0.29 0.21 -0.91 0.00
1.00 -0.29 0.00 -0.18 1.00
0.96 -0.29 -0.04 -0.19 0.00
0.92 -0.29 -0.08 -0.20 0.00
0.88 -0.28 -0.12 -0.22 0.00
0.84 -0.28 -0.16 -0.24 0.00
0.80 -0.27 -0.20 -0.27 0.00
0.76 -0.27 -0.24 -0.30 0.00
0.72 -0.27 -0.28 -0.33 0.00
0.68 -0.26 -0.31 -0.35 0.00
0.64 -0.26 -0.35 -0.37 0.00
0.60 -0.26 -0.39 -0.41 0.00
0.56 -0.27 -0.42 -0.47 0.00
0.52 -0.27 -0.43 -0.58 0.00
0.48 -0.28 -0.44 -0.67 0.00
0.44 -0.28 -0.44 -0.77 0.00
0.40 -0.29 -0.43 -0.86 0.00
0.35 -0.29 -0.41 -0.94 0.00
0.35 -0.29 -0.64 -0.20 1.00
0.32 -0.29 -0.68 -0.19 0.00
0.27 -0.29 -0.72 -0.18 0.00
0.24 -0.29 -0.76 -0.19 0.00
0.20 -0.28 -0.80 -0.20 0.00
0.16 -0.28 -0.84 -0.20 0.00
0.12 -0.27 -0.88 -0.23 0.00
0.08 -0.27 -0.92 -0.25 0.00
0.04 -0.26 -0.96 -0.26 0.00
-0.00 -0.26 -1.00 -0.29 0.00
-0.04 -0.26 -1.03 -0.34 0.00
-0.08 -0.26 -1.06 -0.44 0.00
-0.12 -0.26 -1.07 -0.57 0.00
-0.16 -0.26 -1.07 -0.67 0.00
-0.20 -0.26 -1.04 -0.80 0.00
-0.24 -0.26 -1.02 -0.89 0.00
-0.28 -0.27 -0.99 -0.97 0.00
-0.28 -0.27 -1.28 -0.27 1.00
-0.32 -0.26 -1.32 -0.28 0.00
-0.36 -0.26 -1.36 -0.31 0.00
-0.40 -0.26 -1.40 -0.31 0.00
-0.44 -0.26 -1.44 -0.33 0.00
-0.48 -0.26 -1.48 -0.29 0.00
-0.52 -0.26 -1.52 -0.35 0.00
-0.56 -0.27 -1.54 -0.45 0.00
-0.60 -0.27 -1.54 -0.59 0.00
-0.64 -0.27 -1.52 -0.74 0.00
-0.68 -0.27 -1.48 -0.87 0.00
-0.72 -0.28 -1.41 -1.00 0.00
-0.75 -0.28 -1.35 -1.08 0.00
-0.79 -0.29 -1.30 -1.15 0.00
-0.81 -0.30 -1.27 -1.19 0.00
-0.84 -0.35 -1.32 -1.23 0.00
-0.86 -0.38 -1.33 -1.26 0.00
-0.88 -0.38 -1.23 -1.32 0.00
-0.88 -0.45 -1.33 -1.35 0.00
-0.92 -0.48 -1.27 -1.41 0.00
-0.94 -0.50 -1.33 -1.42 0.00
-0.95 -0.56 -1.20 -1.53 0.00
-0.98 -0.61 -1.17 -1.59 0.00
-1.01 -0.65 -1.21 -1.63 0.00
-1.02 -0.68 -1.15 -1.67 0.00
-1.01 -0.72 -1.10 -1.71 0.00
-1.02 -0.76 -1.09 -1.76 0.00
-1.02 -0.78 -1.03 -1.78 0.00
-1.03 -0.85 -1.07 -1.85 0.00
-1.03 -0.87 -1.01 -1.87 0.00
-1.03 -0.95 -1.12 -1.94 0.00
-1.05 -0.97 -1.00 -1.97 0.00
-1.04 -1.01 -0.96 -2.00 0.00
-1.04 -1.01 -1.69 -1.77 1.00
-1.04 -1.02 -2.04 -1.11 1.00
-1.04 -1.02 -1.81 -0.38 1.00
-1.04 -1.02 -1.14 -0.02 1.00
-1.04 -1.00 -1.11 -0.01 0.00
-1.06 -0.94 -1.04 0.06 0.00
-1.05 -0.90 -1.04 0.10 0.00
-1.05 -0.84 -0.93 0.15 0.00
-1.07 -0.79 -0.96 0.20 0.00
-1.06 -0.79 -0.88 0.20 0.00
-1.06 -0.75 -0.80 0.22 0.00
-1.07 -0.71 -0.82 0.26 0.00
-1.05 -0.69 -0.79 0.27 0.00
-1.04 -0.65 -0.76 0.31 0.00
-1.03 -0.59 -0.76 0.37 0.00
-1.02 -0.57 -0.86 0.42 0.00
-1.02 -0.51 -1.04 0.49 0.00
-1.01 -0.51 -1.05 0.49 0.00
-0.96 -0.43 -1.03 0.57 0.00
-0.96 -0.40 -1.28 0.55 0.00
-0.95 -0.37 -1.17 0.60 0.00
-0.99 -0.32 -1.23 0.65 0.00
-1.02 -0.28 -1.27 0.68 0.00
-1.02 -0.25 -1.29 0.71 0.00
-1.03 -0.21 -1.29 0.75 0.00
-1.04 -0.18 -1.30 0.78 0.00
-1.05 -0.14 -1.28 0.83 0.00
-1.05 -0.10 -1.35 0.86 0.00
-1.07 -0.06 -1.43 0.87 0.00
-1.08 -0.03 -1.35 0.93 0.00
-1.09 -0.00 -1.43 0.93 0.00
-1.09 0.05 -1.57 0.93 0.00
-1.10 0.07 -1.63 0.92 0.00
-1.11 0.11 -1.74 0.89 0.00
-1.12 0.14 -1.81 0.87 0.00
-1.14 0.20 -2.00 0.70 0.00
-1.13 0.22 -1.32 1.20 1.00
-1.13 0.22 -0.58 1.05 1.00
-1.11 0.25 -0.45 1.01 0.00
-1.08 0.30 -0.37 1.00 0.00
-1.05 0.33 -0.30 0.98 0.00
-1.03 0.36 -0.18 0.90 0.00
-0.95 0.41 -0.05 0.83 0.00
-0.96 0.44 -0.02 0.80 0.00
-0.95 0.48 0.03 0.68 0.00
-0.92 0.49 0.05 0.71 0.00
-0.89 0.50 0.10 0.68 0.00
-0.84 0.50 0.14 0.68 0.00
-0.81 0.50 0.18 0.64 0.00
-0.77 0.52 0.23 0.61 0.00
-0.73 0.53 0.27 0.55 0.00
-0.70 0.53 0.30 0.49 0.00
-0.66 0.52 0.33 0.38 0.00
-0.62 0.54 0.36 0.34 0.00
-0.58 0.52 0.39 0.28 0.00
-0.53 0.50 0.43 0.24 0.00
-0.50 0.51 0.42 0.11 0.00
-0.46 0.50 0.40 -0.01 0.00
-0.42 0.48 0.33 -0.18 0.00
-0.38 0.48 0.30 -0.24 0.00
-0.34 0.48 0.24 -0.34 0.00
-0.30 0.47 0.18 -0.41 0.00
-0.27 0.45 0.14 -0.46 0.00
-0.25 0.41 0.16 -0.50 0.00
-0.23 0.37 0.16 -0.55 0.00
-0.22 0.33 0.19 -0.59 0.00
-0.20 0.29 0.15 -0.65 0.00
-0.18 0.25 0.09 -0.72 0.00
-0.16 0.21 0.05 -0.77 0.00
-0.14 0.17 -0.00 -0.82 0.00
-0.13 0.13 0.00 -0.86 0.00
-0.13 0.08 -0.01 -0.91 0.00
-0.13 0.05 0.00 -0.95 0.00
-0.12 0.01 0.01 -0.99 0.00
-0.11 -0.03 0.02 -1.02 0.00
-0.11 -0.07 0.03 -1.06 0.00
-0.10 -0.11 0.02 -1.10 0.00
-0.10 -0.15 0.02 -1.14 0.00
-0.09 -0.19 0.02 -1.19 0.00
-0.09 -0.23 0.01 -1.23 0.00
-0.08 -0.27 0.01 -1.27 0.00
-0.08 -0.31 0.01 -1.31 0.00
-0.07 -0.35 0.01 -1.35 0.00
-0.07 -0.39 0.01 -1.39 0.00
-0.06 -0.41 -0.10 -1.41 0.00
-0.04 -0.42 0.05 -1.41 0.00
-0.04 -0.41 -0.67 -1.18 1.00
-0.04 -0.41 -1.04 -0.50 1.00
-0.08 -0.41 -1.08 -0.42 0.00
-0.13 -0.41 -1.13 -0.41 0.00
-0.17 -0.41 -1.17 -0.45 0.00
-0.19 -0.41 -1.19 -0.35 0.00
-0.24 -0.40 -1.23 -0.42 0.00
-0.29 -0.39 -1.29 -0.52 0.00
-0.31 -0.39 -1.30 -0.54 0.00
-0.33 -0.39 -1.29 -0.68 0.00
-0.40 -0.39 -1.21 -0.98 0.00
-0.40 -0.39 -1.19 -1.00 0.00
-0.49 -0.39 -1.04 -1.22 0.00
-0.51 -0.39 -1.01 -1.26 0.00
-0.54 -0.40 -0.92 -1.32 0.00
-0.56 -0.45 -1.11 -1.28 0.00
-0.59 -0.50 -1.08 -1.37 0.00
-0.60 -0.54 -1.06 -1.43 0.00
-0.60 -0.54 -1.54 -0.89 1.00
-0.65 -0.58 -1.59 -0.92 0.00
-0.68 -0.58 -1.64 -0.88 0.00
-0.72 -0.59 -1.68 -0.88 0.00
-0.77 -0.59 -1.56 -1.20 0.00
-0.80 -0.59 -1.69 -1.05 0.00
-0.84 -0.63 -1.63 -1.25 0.00
-0.88 -0.63 -1.59 -1.34 0.00
-0.91 -0.64 -1.58 -1.38 0.00
-0.96 -0.66 -1.54 -1.47 0.00
-0.99 -0.67 -1.47 -1.54 0.00
-1.02 -0.69 -1.40 -1.61 0.00
-1.03 -0.73 -1.40 -1.66 0.00
-1.05 -0.75 -1.40 -1.69 0.00
-1.07 -0.80 -1.35 -1.76 0.00
-1.06 -0.89 -1.15 -1.88 0.00
-1.13 -0.94 -1.56 -1.84 0.00
-1.11 -0.97 -2.00 -1.44 1.00
-1.12 -0.98 -2.07 -0.65 1.00
-1.17 -1.00 -2.05 -0.54 0.00
-1.21 -1.01 -2.08 -0.51 0.00
-1.23 -0.94 -2.21 -0.73 0.00
-1.27 -0.94 -2.26 -0.83 0.00
-1.31 -0.94 -2.31 -0.94 0.00
-1.33 -0.90 -2.26 -1.25 0.00
-1.39 -0.90 -2.33 -1.23 0.00
-1.42 -0.88 -2.22 -1.48 0.00
-1.48 -0.93 -2.40 -1.33 0.00
-1.48 -0.92 -2.26 -1.54 0.00
-1.52 -1.00 -2.50 -1.22 0.00
-1.52 -0.96 -2.21 -1.68 0.00
-1.55 -1.00 -2.22 -1.74 0.00
-1.57 -1.01 -2.18 -1.81 0.00
-1.60 -1.03 -2.15 -1.87 0.00
-1.62 -1.08 -2.06 -1.97 0.00
-1.63 -1.08 -2.58 -1.39 1.00
-1.63 -1.08 -2.51 -0.62 1.00
-1.63 -1.08 -1.93 -0.13 1.00
-1.63 -1.08 -1.17 -0.19 1.00
-1.63 -1.08 -0.67 -0.77 1.00
-1.59 -1.07 -0.63 -0.79 0.00
-1.55 -1.07 -0.59 -0.79 0.00
-1.52 -1.05 -0.55 -0.80 0.00
-1.47 -1.04 -0.48 -0.85 0.00
-1.42 -1.03 -0.43 -0.91 0.00
-1.40 -1.01 -0.40 -0.90 0.00
-1.35 -1.00 -0.36 -0.94 0.00
-1.31 -1.00 -0.31 -1.02 0.00
-1.29 -1.00 -0.29 -1.08 0.00
-1.26 -1.01 -0.27 -1.12 0.00
-1.20 -1.00 -0.20 -0.95 0.00
-1.15 -1.01 -0.15 -0.96 0.00
-1.12 -1.00 -0.12 -1.02 0.00
-1.06 -1.01 -0.06 -0.94 0.00
-1.03 -1.00 -0.03 -1.07 0.00
-1.00 -1.01 -0.02 -1.22 0.00
-1.00 -1.02 -0.47 -1.87 1.00
-1.00 -1.03 -1.22 -2.00 1.00
-1.00 -1.03 -1.84 -1.56 1.00
-1.00 -1.03 -1.97 -0.79 1.00
-1.04 -1.02 -1.99 -0.72 0.00
-1.08 -1.01 -2.03 -0.71 0.00
-1.11 -1.01 -2.08 -0.76 0.00
-1.15 -1.01 -2.14 -0.92 0.00
-1.18 -1.01 -2.18 -1.07 0.00
-1.23 -1.00 -2.17 -1.34 0.00
-1.26 -1.00 -2.07 -1.58 0.00
-1.31 -0.97 -2.08 -1.60 0.00
-1.32 -0.95 -1.96 -1.71 0.00
-1.36 -0.97 -1.82 -1.85 0.00
-1.39 -0.99 -1.94 -1.82 0.00
-1.40 -1.01 -1.95 -1.84 0.00
-1.43 -1.04 -1.99 -1.87 0.00
-1.46 -1.07 -1.98 -1.92 0.00
-1.47 -1.11 -1.95 -1.99 0.00
-1.50 -1.14 -1.93 -2.05 0.00
-1.50 -1.14 -2.45 -1.47 1.00
-1.51 -1.14 -2.39 -0.68 1.00
-1.54 -1.12 -2.41 -0.63 0.00
-1.57 -1.11 -2.44 -0.61 0.00
-1.61 -1.09 -2.49 -0.62 0.00
-1.63 -1.07 -2.58 -0.75 0.00
-1.67 -1.07 -2.66 -0.96 0.00
-1.71 -1.03 -2.70 -1.06 0.00
-1.72 -1.02 -2.72 -1.13 0.00
-1.77 -1.02 -2.71 -1.34 0.00
-1.80 -0.97 -2.67 -1.47 0.00
-1.82 -0.98 -2.64 -1.56 0.00
-1.87 -1.00 -2.72 -1.52 0.00
-1.90 -1.02 -2.79 -1.49 0.00
-1.92 -1.05 -2.81 -1.51 0.00
-1.94 -1.08 -2.64 -1.80 0.00
-1.98 -1.09 -2.69 -1.80 0.00
-2.04 -1.14 -2.77 -1.82 0.00
-2.04 -1.14 -3.04 -1.11 1.00
-2.04 -1.14 -2.72 -0.41 1.00
-2.04 -1.14 -2.01 -0.14 1.00
-2.04 -1.14 -1.31 -0.46 1.00
-1.98 -1.13 -1.32 -0.38 0.00
-1.97 -1.08 -1.13 -0.54 0.00
-1.92 -1.06 -1.11 -0.48 0.00
-1.90 -1.02 -0.99 -0.61 0.00
-1.86 -1.01 -0.90 -0.72 0.00
-1.82 -0.96 -0.84 -0.77 0.00
-1.81 -0.94 -0.81 -0.90 0.00
-1.76 -0.90 -0.77 -0.86 0.00
-1.72 -0.91 -0.72 -0.89 0.00
-1.68 -0.90 -0.68 -0.87 0.00
-1.65 -0.90 -0.65 -0.92 0.00
-1.60 -0.90 -0.60 -0.86 0.00
-1.57 -0.90 -0.57 -0.94 0.00
-1.53 -0.90 -0.53 -0.91 0.00
-1.50 -0.90 -0.50 -0.95 0.00
-1.45 -0.90 -0.45 -0.94 0.00
-1.47 -0.99 -1.21 -1.95 1.00
-1.47 -0.99 -1.97 -1.86 1.00
-1.48 -0.99 -2.44 -1.26 1.00
-1.48 -1.00 -2.35 -0.51 1.00
-1.48 -1.00 -1.74 -0.04 1.00
-1.48 -1.01 -0.97 -0.15 1.00
-1.48 -1.01 -0.51 -0.75 1.00
-1.48 -1.01 -0.61 -1.50 1.00
-1.48 -1.01 -1.21 -1.98 1.00
-1.48 -1.02 -1.97 -1.89 1.00
-1.48 -1.02 -2.44 -1.28 1.00
-1.48 -1.02 -2.35 -0.52 1.00
-1.48 -1.02 -1.74 -0.05 1.00
-1.48 -1.02 -0.98 -0.15 1.00
-1.47 -1.02 -0.49 -0.84 1.00
-1.47 -1.02 -0.66 -1.60 1.00
-1.47 -1.02 -1.29 -2.00 1.00
-1.47 -1.02 -2.04 -1.84 1.00
-1.48 -1.02 -2.46 -1.20 1.00
-1.48 -1.02 -2.30 -0.45 1.00
-1.48 -1.02 -1.66 -0.04 1.00
-1.48 -1.02 -0.91 -0.20 1.00
-1.47 -1.02 -0.49 -0.82 1.00
-1.47 -1.02 -0.64 -1.58 1.00
-1.47 -1.02 -1.28 -2.00 1.00
-1.47 -1.02 -2.03 -1.85 1.00
-1.48 -1.02 -2.46 -1.19 1.00
-1.47 -1.02 -2.30 -0.45 1.00
-1.48 -1.02 -1.66 -0.04 1.00
-1.47 -1.02 -0.90 -0.20 1.00
-1.47 -1.02 -0.49 -0.84 1.00
-1.47 -1.02 -0.65 -1.59 1.00
-1.47 -1.02 -1.29 -2.00 1.00
-1.47 -1.02 -2.03 -1.85 1.00
-1.48 -1.02 -2.46 -1.20 1.00
-1.47 -1.02 -2.30 -0.46 1.00
-1.48 -1.02 -1.66 -0.04 1.00
-1.47 -1.02 -0.91 -0.20 1.00
-1.47 -1.02 -0.49 -0.83 1.00
-1.47 -1.02 -0.65 -1.58 1.00
-1.47 -1.02 -1.28 -2.00 1.00
-1.47 -1.02 -2.03 -1.85 1.00
-1.48 -1.02 -2.46 -1.19 1.00
-1.47 -1.02 -2.29 -0.45 1.00
-1.48 -1.02 -1.66 -0.04 1.00
-1.47 -1.02 -0.91 -0.20 1.00
-1.47 -1.02 -0.49 -0.83 1.00
-1.47 -1.02 -0.64 -1.58 1.00
-1.47 -1.02 -1.27 -2.00 1.00
-1.47 -1.02 -2.02 -1.85 1.00
-1.48 -1.02 -2.46 -1.18 1.00
-1.47 -1.02 -2.29 -0.44 1.00
-1.47 -1.02 -1.64 -0.04 1.00
-1.47 -1.02 -0.89 -0.21 1.00
-1.47 -1.02 -0.49 -0.82 1.00
-1.47 -1.02 -0.64 -1.57 1.00
-1.47 -1.02 -1.26 -2.00 1.00
-1.47 -1.02 -2.01 -1.86 1.00
-1.47 -1.02 -2.46 -1.18 1.00
-1.47 -1.02 -2.29 -0.44 1.00
-1.47 -1.02 -1.64 -0.04 1.00
-1.47 -1.02 -0.89 -0.21 1.00
-1.47 -1.02 -0.49 -0.85 1.00
-1.47 -1.02 -0.65 -1.59 1.00
-1.47 -1.02 -1.28 -2.00 1.00
-1.47 -1.02 -2.03 -1.85 1.00
-1.47 -1.02 -2.46 -1.19 1.00
-1.47 -1.02 -2.29 -0.45 1.00
-1.47 -1.02 -1.65 -0.04 1.00
-1.47 -1.02 -0.90 -0.20 1.00
-1.47 -1.02 -0.49 -0.82 1.00
-1.47 -1.02 -0.64 -1.58 1.00
-1.47 -1.02 -1.27 -2.00 1.00
-1.47 -1.02 -2.02 -1.86 1.00
-1.47 -1.02 -2.46 -1.18 1.00
-1.47 -1.02 -2.28 -0.44 1.00
-1.47 -1.02 -1.64 -0.03 1.00
-1.47 -1.02 -0.89 -0.21 1.00
-1.47 -1.02 -0.48 -0.85 1.00
-1.47 -1.02 -0.65 -1.60 1.00
-1.47 -1.02 -1.30 -2.01 1.00
-1.47 -1.02 -2.04 -1.84 1.00
-1.47 -1.02 -2.46 -1.20 1.00
-1.47 -1.02 -2.29 -0.45 1.00
-1.47 -1.02 -1.66 -0.04 1.00
-1.47 -1.02 -0.90 -0.20 1.00
-1.47 -1.02 -0.49 -0.83 1.00
-1.47 -1.02 -0.64 -1.58 1.00
-1.47 -1.02 -1.27 -2.00 1.00
-1.47 -1.02 -2.02 -1.85 1.00
-1.47 -1.02 -2.46 -1.19 1.00
-1.47 -1.02 -2.29 -0.45 1.00
-1.47 -1.02 -1.65 -0.04 1.00
-1.47 -1.02 -0.90 -0.20 1.00
-1.47 -1.02 -0.48 -0.84 1.00
-1.47 -1.02 -0.64 -1.59 1.00
-1.47 -1.02 -1.27 -2.00 1.00
-1.47 -1.02 -2.02 -1.85 1.00
-1.47 -1.02 -2.46 -1.21 1.00
-1.47 -1.02 -2.30 -0.46 1.00
-1.47 -1.02 -1.66 -0.04 1.00
-1.47 -1.02 -0.91 -0.19 1.00
-1.47 -1.02 -0.49 -0.83 1.00
-1.47 -1.02 -0.64 -1.58 1.00
-1.47 -1.02 -1.27 -2.00 1.00
-1.47 -1.02 -2.02 -1.86 1.00
-1.47 -1.02 -2.46 -1.21 1.00
-1.47 -1.02 -2.30 -0.46 1.00
-1.47 -1.02 -1.66 -0.04 1.00
-1.47 -1.02 -0.91 -0.20 1.00
-1.47 -1.02 -0.49 -0.83 1.00
-1.47 -1.02 -0.64 -1.58 1.00
-1.47 -1.02 -1.28 -2.00 1.00
-1.47 -1.02 -2.03 -1.85 1.00
-1.47 -1.02 -2.46 -1.20 1.00
-1.47 -1.02 -2.30 -0.46 1.00
-1.47 -1.02 -1.66 -0.04 1.00
-1.47 -1.02 -0.91 -0.19 1.00
-1.47 -1.02 -0.49 -0.84 1.00
-1.47 -1.02 -0.65 -1.59 1.00
-1.47 -1.02 -1.28 -2.00 1.00
-1.47 -1.02 -2.03 -1.85 1.00
-1.47 -1.02 -2.46 -1.18 1.00
-1.47 -1.02 -2.28 -0.44 1.00
-1.47 -1.02 -1.64 -0.04 1.00
-1.47 -1.02 -0.89 -0.21 1.00
-1.47 -1.02 -0.49 -0.84 1.00
-1.47 -1.02 -0.65 -1.59 1.00
-1.47 -1.02 -1.28 -2.00 1.00
-1.47 -1.02 -2.03 -1.85 1.00
-1.47 -1.02 -2.46 -1.19 1.00
-1.47 -1.02 -2.29 -0.45 1.00
-1.47 -1.02 -1.65 -0.04 1.00
-1.47 -1.02 -0.90 -0.20 1.00
-1.47 -1.02 -0.49 -0.84 1.00
-1.47 -1.02 -0.65 -1.59 1.00
-1.47 -1.02 -1.28 -2.00 1.00
-1.47 -1.02 -2.04 -1.85 1.00
-1.47 -1.02 -2.46 -1.20 1.00
-1.47 -1.02 -2.29 -0.45 1.00
-1.47 -1.02 -1.66 -0.04 1.00
-1.47 -1.02 -0.90 -0.20 1.00
-1.47 -1.02 -0.49 -0.83 1.00
-1.47 -1.02 -0.64 -1.58 1.00
-1.47 -1.02 -1.27 -2.00 1.00
-1.47 -1.02 -2.02 -1.86 1.00
-1.48 -1.02 -2.46 -1.19 1.00
-1.47 -1.02 -2.29 -0.45 1.00
-1.47 -1.02 -1.65 -0.04 1.00
-1.47 -1.02 -0.90 -0.20 1.00
-1.47 -1.02 -0.49 -0.84 1.00
-1.47 -1.02 -0.65 -1.59 1.00
-1.47 -1.02 -1.29 -2.00 1.00
-1.47 -1.02 -2.04 -1.85 1.00
-1.48 -1.02 -2.46 -1.20 1.00
-1.48 -1.02 -2.29 -0.45 1.00
-1.48 -1.02 -1.65 -0.04 1.00
-1.48 -1.02 -0.90 -0.20 1.00
-1.47 -1.02 -0.49 -0.84 1.00
-1.48 -1.02 -0.65 -1.59 1.00
-1.48 -1.02 -1.29 -2.00 1.00
-1.48 -1.02 -2.04 -1.85 1.00
-1.48 -1.02 -2.46 -1.20 1.00
-1.48 -1.02 -2.30 -0.45 1.00
-1.48 -1.02 -1.66 -0.04 1.00
-1.48 -1.02 -0.91 -0.20 1.00
-1.47 -1.02 -0.49 -0.83 1.00
-1.47 -1.02 -0.65 -1.58 1.00
-1.47 -1.02 -1.28 -2.00 1.00
-1.48 -1.02 -2.03 -1.85 1.00
-1.48 -1.02 -2.46 -1.18 1.00
-1.48 -1.02 -2.29 -0.44 1.00
-1.48 -1.02 -1.64 -0.04 1.00
-1.47 -1.02 -0.89 -0.21 1.00
-1.47 -1.02 -0.49 -0.82 1.00
-1.47 -1.02 -0.64 -1.57 1.00
-1.47 -1.02 -1.27 -2.00 1.00
-1.47 -1.02 -2.02 -1.86 1.00
-1.47 -1.02 -2.46 -1.18 1.00
-1.47 -1.02 -2.29 -0.44 1.00
-1.47 -1.02 -1.64 -0.04 1.00
-1.47 -1.02 -0.89 -0.21 1.00
-1.47 -1.02 -0.49 -0.84 1.00
-1.47 -1.02 -0.65 -1.59 1.00
-1.47 -1.02 -1.29 -2.00 1.00
-1.47 -1.02 -2.03 -1.85 1.00
-1.47 -1.02 -2.46 -1.20 1.00
-1.47 -1.02 -2.29 -0.45 1.00
-1.47 -1.02 -1.66 -0.04 1.00
-1.47 -1.02 -0.90 -0.20 1.00
-1.47 -1.02 -0.49 -0.82 1.00
-1.47 -1.02 -0.64 -1.58 1.00
-1.47 -1.02 -1.27 -2.00 1.00
-1.47 -1.02 -2.03 -1.85 1.00
-1.47 -1.02 -2.45 -1.20 1.00
-1.47 -1.02 -2.30 -0.46 1.00
-1.47 -1.02 -1.66 -0.04 1.00
-1.47 -1.02 -0.91 -0.19 1.00
-1.47 -1.02 -0.49 -0.83 1.00
-1.47 -1.02 -0.64 -1.59 1.00
-1.47 -1.02 -1.28 -2.00 1.00
-1.47 -1.02 -2.03 -1.85 1.00
-1.47 -1.02 -2.45 -1.20 1.00
-1.47 -1.02 -2.29 -0.45 1.00
-1.47 -1.02 -1.66 -0.04 1.00
-1.47 -1.02 -0.91 -0.19 1.00
-1.47 -1.02 -0.49 -0.83 1.00
-1.47 -1.02 -0.64 -1.58 1.00
-1.47 -1.02 -1.27 -2.00 1.00
-1.47 -1.02 -2.02 -1.86 1.00
-1.47 -1.02 -2.46 -1.18 1.00
-1.47 -1.02 -2.29 -0.45 1.00
-1.47 -1.02 -1.64 -0.04 1.00
-1.47 -1.02 -0.89 -0.20 1.00
-1.47 -1.02 -0.48 -0.84 1.00
-1.47 -1.02 -0.65 -1.59 1.00
-1.47 -1.02 -1.28 -2.00 1.00
-1.47 -1.02 -2.03 -1.85 1.00
-1.47 -1.02 -2.46 -1.20 1.00
-1.47 -1.02 -2.29 -0.45 1.00
-1.47 -1.02 -1.65 -0.04 1.00
-1.47 -1.02 -0.90 -0.20 1.00
-1.47 -1.02 -0.49 -0.84 1.00
-1.47 -1.02 -0.64 -1.58 1.00
-1.47 -1.02 -1.28 -2.00 1.00
-1.47 -1.02 -2.03 -1.85 1.00
-1.47 -1.02 -2.46 -1.20 1.00
-1.47 -1.02 -2.30 -0.45 1.00
-1.47 -1.02 -1.66 -0.04 1.00
-1.47 -1.02 -0.91 -0.20 1.00
-1.47 -1.02 -0.49 -0.83 1.00
-1.47 -1.02 -0.64 -1.58 1.00
-1.47 -1.02 -1.28 -2.00 1.00
-1.47 -1.02 -2.03 -1.85 1.00
-1.47 -1.02 -2.46 -1.20 1.00
-1.47 -1.02 -2.29 -0.45 1.00
-1.47 -1.02 -1.66 -0.04 1.00
-1.47 -1.02 -0.91 -0.19 1.00
-1.47 -1.02 -0.49 -0.83 1.00
-1.47 -1.02 -0.64 -1.58 1.00
-1.47 -1.02 -1.27 -2.00 1.00
-1.47 -1.02 -2.02 -1.86 1.00
-1.47 -1.02 -2.46 -1.18 1.00
-1.47 -1.02 -2.28 -0.44 1.00
-1.47 -1.02 -1.64 -0.04 1.00
-1.47 -1.02 -0.89 -0.21 1.00
-1.47 -1.02 -0.48 -0.85 1.00
-1.47 -1.02 -0.65 -1.59 1.00
-1.47 -1.02 -1.28 -2.00 1.00
-1.47 -1.02 -2.03 -1.85 1.00
-1.47 -1.02 -2.46 -1.20 1.00
-1.47 -1.02 -2.29 -0.45 1.00
-1.47 -1.02 -1.65 -0.04 1.00
-1.47 -1.02 -0.90 -0.20 1.00
-1.47 -1.02 -0.49 -0.84 1.00
-1.47 -1.02 -0.64 -1.58 1.00
-1.47 -1.02 -1.27 -2.00 1.00
-1.47 -1.02 -2.02 -1.86 1.00
-1.47 -1.02 -2.46 -1.19 1.00
-1.47 -1.02 -2.29 -0.45 1.00
-1.47 -1.02 -1.65 -0.04 1.00
-1.47 -1.02 -0.90 -0.20 1.00
-1.47 -1.02 -0.49 -0.84 1.00
-1.47 -1.02 -0.65 -1.59 1.00
-1.47 -1.02 -1.28 -2.00 1.00
-1.47 -1.02 -2.03 -1.85 1.00
-1.47 -1.02 -2.46 -1.18 1.00
-1.47 -1.02 -2.29 -0.44 1.00
-1.47 -1.02 -1.64 -0.04 1.00
-1.47 -1.02 -0.89 -0.21 1.00
-1.47 -1.02 -0.49 -0.83 1.00
-1.47 -1.02 -0.64 -1.58 1.00
-1.47 -1.02 -1.27 -2.00 1.00
-1.47 -1.02 -2.02 -1.86 1.00
-1.47 -1.02 -2.45 -1.21 1.00
-1.47 -1.02 -2.30 -0.46 1.00
-1.47 -1.02 -1.67 -0.04 1.00
-1.47 -1.02 -0.91 -0.19 1.00
-1.47 -1.02 -0.49 -0.82 1.00
-1.47 -1.02 -0.64 -1.57 1.00
-1.47 -1.02 -1.26 -2.00 1.00
-1.47 -1.02 -2.02 -1.86 1.00
-1.47 -1.02 -2.46 -1.18 1.00
-1.47 -1.02 -2.28 -0.44 1.00
-1.47 -1.02 -1.64 -0.04 1.00
-1.47 -1.02 -0.88 -0.21 1.00
-1.47 -1.02 -0.49 -0.82 1.00
-1.47 -1.02 -0.63 -1.57 1.00
-1.47 -1.02 -1.26 -2.00 1.00
-1.47 -1.02 -2.01 -1.86 1.00
-1.47 -1.02 -2.45 -1.22 1.00
-1.47 -1.02 -2.31 -0.47 1.00
-1.47 -1.02 -1.67 -0.04 1.00
-1.47 -1.02 -0.91 -0.19 1.00
-1.47 -1.02 -0.49 -0.84 1.00
-1.47 -1.02 -0.64 -1.59 1.00
-1.47 -1.02 -1.28 -2.00 1.00
-1.47 -1.02 -2.03 -1.85 1.00
-1.47 -1.02 -2.46 -1.20 1.00
-1.47 -1.02 -2.30 -0.46 1.00
-1.47 -1.02 -1.66 -0.04 1.00
-1.47 -1.02 -0.91 -0.19 1.00
-1.47 -1.02 -0.49 -0.84 1.00
-1.47 -1.02 -0.64 -1.59 1.00
-1.47 -1.02 -1.28 -2.00 1.00
-1.47 -1.02 -2.03 -1.85 1.00
-1.47 -1.02 -2.46 -1.19 1.00
-1.47 -1.02 -2.29 -0.45 1.00
-1.47 -1.02 -1.65 -0.04 1.00
-1.47 -1.02 -0.90 -0.20 1.00
-1.47 -1.02 -0.49 -0.83 1.00
-1.47 -1.02 -0.64 -1.57 1.00
-1.47 -1.02 -1.27 -2.00 1.00
-1.47 -1.02 -2.03 -1.85 1.00
-1.47 -1.02 -2.45 -1.20 1.00
-1.47 -1.02 -2.29 -0.45 1.00
-1.47 -1.02 -1.66 -0.04 1.00
-1.47 -1.02 -0.91 -0.19 1.00
-1.47 -1.02 -0.48 -0.83 1.00
-1.47 -1.02 -0.64 -1.58 1.00
-1.47 -1.02 -1.27 -2.00 1.00
-1.47 -1.02 -2.02 -1.86 1.00
-1.47 -1.02 -2.46 -1.19 1.00
-1.47 -1.02 -2.29 -0.45 1.00
-1.47 -1.02 -1.65 -0.04 1.00
-1.47 -1.02 -0.90 -0.20 1.00
-1.47 -1.02 -0.48 -0.84 1.00
-1.47 -1.02 -0.64 -1.59 1.00
-1.47 -1.02 -1.28 -2.00 1.00
-1.47 -1.02 -2.03 -1.84 1.00
-1.47 -1.02 -2.45 -1.20 1.00
-1.47 -1.02 -2.29 -0.46 1.00
-1.47 -1.02 -1.66 -0.04 1.00
-1.47 -1.02 -0.91 -0.19 1.00
-1.47 -1.02 -0.48 -0.83 1.00
-1.47 -1.02 -0.64 -1.58 1.00
-1.47 -1.02 -1.27 -2.00 1.00
-1.47 -1.02 -2.02 -1.85 1.00
-1.47 -1.02 -2.45 -1.19 1.00
-1.47 -1.02 -2.29 -0.45 1.00
-1.47 -1.02 -1.65 -0.04 1.00
-1.47 -1.02 -0.89 -0.20 1.00
-1.47 -1.02 -0.48 -0.84 1.00
-1.47 -1.02 -0.64 -1.58 1.00
-1.47 -1.02 -1.27 -2.00 1.00
-1.47 -1.02 -2.02 -1.85 1.00
-1.47 -1.02 -2.45 -1.19 1.00
-1.47 -1.02 -2.29 -0.45 1.00
-1.47 -1.02 -1.64 -0.04 1.00
-1.47 -1.02 -0.89 -0.20 1.00
-1.46 -1.02 -0.48 -0.83 1.00
-1.46 -1.02 -0.64 -1.58 1.00
-1.46 -1.02 -1.27 -2.00 1.00
-1.46 -1.02 -2.01 -1.86 1.00
-1.47 -1.02 -2.45 -1.22 1.00
-1.47 -1.02 -2.30 -0.46 1.00
-1.47 -1.02 -1.67 -0.04 1.00
-1.47 -1.02 -0.91 -0.19 1.00
-1.46 -1.02 -0.48 -0.82 1.00
-1.46 -1.02 -0.63 -1.58 1.00
-1.46 -1.02 -1.26 -2.00 1.00
-1.46 -1.02 -2.01 -1.86 1.00
-1.47 -1.02 -2.45 -1.22 1.00
-1.47 -1.02 -2.30 -0.47 1.00
-1.47 -1.02 -1.67 -0.04 1.00
-1.47 -1.02 -0.91 -0.19 1.00
-1.46 -1.02 -0.48 -0.84 1.00
-1.47 -1.02 -0.64 -1.59 1.00
-1.47 -1.02 -1.27 -2.00 1.00
-1.47 -1.02 -2.02 -1.85 1.00
-1.47 -1.02 -2.45 -1.20 1.00
-1.47 -1.02 -2.29 -0.45 1.00
-1.47 -1.02 -1.66 -0.04 1.00
-1.47 -1.02 -0.90 -0.20 1.00
-1.46 -1.02 -0.48 -0.83 1.00
-1.46 -1.02 -0.64 -1.59 1.00
-1.46 -1.02 -1.27 -2.00 1.00
-1.46 -1.02 -2.02 -1.85 1.00
-1.47 -1.02 -2.45 -1.21 1.00
-1.47 -1.02 -2.29 -0.46 1.00
-1.47 -1.02 -1.66 -0.04 1.00
-1.47 -1.02 -0.91 -0.19 1.00
-1.46 -1.02 -0.48 -0.82 1.00
-1.47 -1.02 -0.63 -1.58 1.00
-1.47 -1.02 -1.26 -2.00 1.00
-1.47 -1.02 -2.01 -1.86 1.00
-1.47 -1.02 -2.45 -1.18 1.00
-1.47 -1.02 -2.28 -0.44 1.00
-1.47 -1.02 -1.64 -0.04 1.00
-1.47 -1.02 -0.89 -0.20 1.00
-1.46 -1.02 -0.48 -0.84 1.00
-1.46 -1.02 -0.64 -1.59 1.00
-1.46 -1.02 -1.28 -2.00 1.00
-1.47 -1.02 -2.03 -1.85 1.00
-1.47 -1.02 -2.45 -1.20 1.00
-1.47 -1.02 -2.29 -0.45 1.00
-1.47 -1.02 -1.66 -0.04 1.00
-1.47 -1.02 -0.91 -0.19 1.00
-1.46 -1.02 -0.48 -0.84 1.00
-1.46 -1.02 -0.64 -1.59 1.00
-1.46 -1.02 -1.27 -2.00 1.00
-1.47 -1.02 -2.02 -1.85 1.00
-1.47 -1.02 -2.45 -1.20 1.00
-1.47 -1.02 -2.29 -0.46 1.00
-1.47 -1.02 -1.66 -0.04 1.00
-1.47 -1.02 -0.90 -0.19 1.00
-1.46 -1.02 -0.48 -0.83 1.00
-1.46 -1.02 -0.64 -1.59 1.00
-1.46 -1.02 -1.28 -2.00 1.00
-1.46 -1.02 -2.02 -1.85 1.00
-1.47 -1.02 -2.45 -1.20 1.00
-1.47 -1.02 -2.29 -0.46 1.00
-1.47 -1.02 -1.65 -0.04 1.00
-1.47 -1.02 -0.90 -0.20 1.00
-1.46 -1.02 -0.48 -0.83 1.00
-1.46 -1.02 -0.63 -1.58 1.00
-1.46 -1.02 -1.27 -2.00 1.00
-1.46 -1.02 -2.01 -1.86 1.00
-1.47 -1.02 -2.45 -1.22 1.00
-1.47 -1.02 -2.30 -0.46 1.00
-1.47 -1.02 -1.67 -0.04 1.00
-1.47 -1.02 -0.91 -0.19 1.00
-1.46 -1.02 -0.48 -0.82 1.00
-1.46 -1.02 -0.63 -1.58 1.00
-1.46 -1.02 -1.27 -2.00 1.00
-1.47 -1.02 -2.02 -1.85 1.00
-1.47 -1.02 -2.45 -1.18 1.00
-1.47 -1.02 -2.28 -0.44 1.00
-1.47 -1.02 -1.64 -0.04 1.00
-1.46 -1.02 -0.89 -0.20 1.00
-1.46 -1.02 -0.48 -0.84 1.00
-1.46 -1.02 -0.64 -1.59 1.00
